-37534,58	-1,00
-37414,56	5,00
-37295,11	1,00
-37176,24	5,00
-37057,95	49,00
-36940,22	50,00
-36823,05	-13,00
-36706,45	-117,00
-36590,40	12,00
-36474,90	-55,00
-36359,95	36,00
-36245,55	15,00
-36131,68	-22,00
-36018,35	-24,00
-35905,55	65,00
-35793,29	69,00
-35681,54	-38,00
-35570,32	-71,00
-35459,62	58,00
-35349,43	-13,00
-35239,75	-24,00
-35130,58	70,00
-35021,91	53,00
-34913,74	-63,00
-34806,07	-8,00
-34698,89	-17,00
-34592,20	-22,00
-34486,00	59,00
-34380,28	-2,00
-34275,04	41,00
-34170,27	-86,00
-34065,98	-30,00
-33962,16	-28,00
-33858,81	-19,00
-33755,92	72,00
-33653,49	57,00
-33551,52	34,00
-33450,01	104,00
-33348,94	-157,00
-33248,33	117,00
-33148,16	42,00
-33048,43	-181,00
-32949,14	10,00
-32850,29	3,00
-32751,87	74,00
-32653,89	23,00
-32556,33	-144,00
-32459,20	-23,00
-32362,49	40,00
-32266,19	28,00
-32170,32	-79,00
-32074,86	65,00
-31979,82	-51,00
-31885,18	36,00
-31790,95	7,00
-31697,12	-55,00
-31603,69	45,00
-31510,67	-82,00
-31418,04	2,00
-31325,80	14,00
-31233,95	-32,00
-31142,49	81,00
-31051,42	47,00
-30960,73	175,00
-30870,43	-11,00
-30780,50	40,00
-30690,95	134,00
-30601,77	56,00
-30512,97	-76,00
-30424,53	56,00
-30336,46	-36,00
-30248,76	-51,00
-30161,42	38,00
-30074,44	61,00
-29987,81	50,00
-29901,55	87,00
-29815,63	-46,00
-29730,07	101,00
-29644,86	27,00
-29560,00	-24,00
-29475,48	-113,00
-29391,30	129,00
-29307,47	19,00
-29223,97	66,00
-29140,81	-12,00
-29057,99	-21,00
-28975,50	-30,00
-28893,34	47,00
-28811,51	13,00
-28730,00	-53,00
-28648,82	85,00
-28567,97	-59,00
-28487,43	21,00
-28407,21	-71,00
-28327,32	73,00
-28247,73	103,00
-28168,46	-11,00
-28089,50	12,00
-28010,85	56,00
-27932,51	57,00
-27854,48	-30,00
-27776,75	30,00
-27699,32	54,00
-27622,19	93,00
-27545,37	19,00
-27468,84	75,00
-27392,60	-42,00
-27316,66	125,00
-27241,01	-96,00
-27165,66	-59,00
-27090,59	46,00
-27015,81	-68,00
-26941,31	2,00
-26867,10	33,00
-26793,17	180,00
-26719,52	-30,00
-26646,15	181,00
-26573,06	-64,00
-26500,24	3,00
-26427,70	73,00
-26355,43	-91,00
-26283,43	-15,00
-26211,71	-51,00
-26140,25	140,00
-26069,06	86,00
-25998,13	45,00
-25927,46	8,00
-25857,06	-32,00
-25786,92	-42,00
-25717,04	29,00
-25647,42	-77,00
-25578,05	24,00
-25508,94	-91,00
-25440,09	87,00
-25371,48	-37,00
-25303,13	133,00
-25235,02	51,00
-25167,17	83,00
-25099,56	6,00
-25032,19	78,00
-24965,07	29,00
-24898,20	35,00
-24831,56	-25,00
-24765,17	1,00
-24699,01	73,00
-24633,10	95,00
-24567,41	50,00
-24501,97	15,00
-24436,75	87,00
-24371,77	37,00
-24307,03	-65,00
-24242,51	-39,00
-24178,22	-102,00
-24114,16	116,00
-24050,32	97,00
-23986,71	128,00
-23923,32	68,00
-23860,16	56,00
-23797,22	-43,00
-23734,50	2,00
-23672,00	24,00
-23609,71	64,00
-23547,65	-80,00
-23485,80	-19,00
-23424,16	41,00
-23362,74	76,00
-23301,53	-11,00
-23240,54	22,00
-23179,75	-105,00
-23119,17	50,00
-23058,80	104,00
-22998,64	12,00
-22938,68	1,00
-22878,93	24,00
-22819,39	-5,00
-22760,04	19,00
-22700,90	103,00
-22641,96	-105,00
-22583,22	-23,00
-22524,68	-3,00
-22466,33	-18,00
-22408,19	-87,00
-22350,23	41,00
-22292,48	-37,00
-22234,92	65,00
-22177,55	-77,00
-22120,37	32,00
-22063,38	-18,00
-22006,58	-16,00
-21949,98	-66,00
-21893,56	-73,00
-21837,33	-24,00
-21781,28	15,00
-21725,42	-17,00
-21669,74	-5,00
-21614,25	-48,00
-21558,94	3,00
-21503,81	-38,00
-21448,86	-56,00
-21394,10	75,00
-21339,51	-4,00
-21285,10	26,00
-21230,86	28,00
-21176,81	-100,00
-21122,93	14,00
-21069,22	22,00
-21015,69	104,00
-20962,33	-38,00
-20909,14	77,00
-20856,13	-50,00
-20803,28	38,00
-20750,61	-5,00
-20698,10	-40,00
-20645,76	21,00
-20593,59	-98,00
-20541,59	22,00
-20489,75	-65,00
-20438,07	143,00
-20386,56	68,00
-20335,22	26,00
-20284,03	44,00
-20233,01	-72,00
-20182,15	-71,00
-20131,45	6,00
-20080,91	-18,00
-20030,52	39,00
-19980,30	2,00
-19930,23	-96,00
-19880,32	-126,00
-19830,56	26,00
-19780,96	-39,00
-19731,52	38,00
-19682,23	13,00
-19633,09	-40,00
-19584,10	131,00
-19535,26	-11,00
-19486,58	92,00
-19438,04	30,00
-19389,66	-8,00
-19341,42	-23,00
-19293,33	-12,00
-19245,39	-89,00
-19197,60	47,00
-19149,95	126,00
-19102,45	40,00
-19055,09	-5,00
-19007,87	27,00
-18960,80	-80,00
-18913,87	105,00
-18867,09	-107,00
-18820,44	42,00
-18773,94	66,00
-18727,57	7,00
-18681,35	118,00
-18635,26	31,00
-18589,31	-42,00
-18543,50	43,00
-18497,83	23,00
-18452,29	7,00
-18406,89	33,00
-18361,63	25,00
-18316,50	-45,00
-18271,50	90,00
-18226,63	45,00
-18181,90	-70,00
-18137,30	43,00
-18092,84	37,00
-18048,50	17,00
-18004,29	-23,00
-17960,22	15,00
-17916,27	-116,00
-17872,45	-92,00
-17828,76	-89,00
-17785,20	109,00
-17741,77	-50,00
-17698,46	-33,00
-17655,28	-1,00
-17612,22	110,00
-17569,29	8,00
-17526,48	52,00
-17483,79	46,00
-17441,23	-50,00
-17398,79	-50,00
-17356,48	78,00
-17314,28	-55,00
-17272,21	-42,00
-17230,26	-44,00
-17188,42	-86,00
-17146,71	-1,00
-17105,12	-68,00
-17063,64	48,00
-17022,28	96,00
-16981,04	-26,00
-16939,92	-143,00
-16898,91	26,00
-16858,02	56,00
-16817,25	25,00
-16776,59	-15,00
-16736,04	16,00
-16695,61	-12,00
-16655,29	94,00
-16615,09	-22,00
-16574,99	44,00
-16535,01	96,00
-16495,15	-52,00
-16455,39	-32,00
-16415,74	-30,00
-16376,21	129,00
-16336,78	-27,00
-16297,46	59,00
-16258,26	-35,00
-16219,16	116,00
-16180,17	3,00
-16141,28	31,00
-16102,51	57,00
-16063,84	106,00
-16025,27	61,00
-15986,82	-74,00
-15948,46	-63,00
-15910,22	57,00
-15872,07	-19,00
-15834,04	-4,00
-15796,10	10,00
-15758,27	20,00
-15720,54	-11,00
-15682,91	61,00
-15645,39	59,00
-15607,97	25,00
-15570,64	-27,00
-15533,42	104,00
-15496,30	112,00
-15459,28	-35,00
-15422,36	-29,00
-15385,54	-21,00
-15348,82	84,00
-15312,19	3,00
-15275,66	129,00
-15239,23	94,00
-15202,90	-71,00
-15166,67	-35,00
-15130,53	80,00
-15094,48	15,00
-15058,54	26,00
-15022,68	42,00
-14986,93	2,00
-14951,26	-44,00
-14915,69	-1,00
-14880,22	-68,00
-14844,84	44,00
-14809,55	-21,00
-14774,35	15,00
-14739,25	-152,00
-14704,24	-10,00
-14669,32	-124,00
-14634,49	45,00
-14599,75	33,00
-14565,10	-8,00
-14530,55	14,00
-14496,08	26,00
-14461,70	1,00
-14427,41	-34,00
-14393,21	-109,00
-14359,10	109,00
-14325,07	90,00
-14291,14	29,00
-14257,29	-60,00
-14223,52	-38,00
-14189,85	58,00
-14156,26	-71,00
-14122,76	-19,00
-14089,34	-59,00
-14056,01	-3,00
-14022,76	-32,00
-13989,60	-36,00
-13956,52	33,00
-13923,53	24,00
-13890,62	-4,00
-13857,79	81,00
-13825,05	-63,00
-13792,39	41,00
-13759,81	86,00
-13727,31	-27,00
-13694,90	83,00
-13662,57	-92,00
-13630,31	-7,00
-13598,14	-17,00
-13566,05	-104,00
-13534,05	-40,00
-13502,12	31,00
-13470,27	60,00
-13438,50	12,00
-13406,80	24,00
-13375,19	77,00
-13343,66	-69,00
-13312,20	11,00
-13280,83	33,00
-13249,53	30,00
-13218,30	-19,00
-13187,16	124,00
-13156,09	-39,00
-13125,10	-74,00
-13094,18	73,00
-13063,34	83,00
-13032,58	-41,00
-13001,89	134,00
-12971,28	54,00
-12940,74	16,00
-12910,27	-56,00
-12879,88	-30,00
-12849,57	-14,00
-12819,33	48,00
-12789,16	-27,00
-12759,06	-104,00
-12729,04	47,00
-12699,09	1071,00
-12669,21	78,00
-12639,41	-7,00
-12609,68	48,00
-12580,02	-73,00
-12550,43	-70,00
-12520,91	77,00
-12491,46	-56,00
-12462,08	15,00
-12432,77	3,00
-12403,54	-127,00
-12374,37	9,00
-12345,27	37,00
-12316,24	-40,00
-12287,29	17,00
-12258,40	43,00
-12229,57	47,00
-12200,82	17,00
-12172,14	-28,00
-12143,52	37,00
-12114,97	0,00
-12086,49	45,00
-12058,07	-94,00
-12029,73	76,00
-12001,44	-128,00
-11973,23	-26,00
-11945,08	1,00
-11917,00	-8,00
-11888,98	0,00
-11861,03	-43,00
-11833,15	12,00
-11805,32	-2,00
-11777,57	-123,00
-11749,88	108,00
-11722,25	-68,00
-11694,69	-37,00
-11667,19	-26,00
-11639,75	100,00
-11612,38	-60,00
-11585,07	105,00
-11557,83	65,00
-11530,65	-151,00
-11503,53	76,00
-11476,47	41,00
-11449,48	-89,00
-11422,54	1,00
-11395,67	-8,00
-11368,86	-43,00
-11342,11	-48,00
-11315,43	-11,00
-11288,80	-2,00
-11262,23	-80,00
-11235,73	27,00
-11209,28	36,00
-11182,90	-25,00
-11156,57	-37,00
-11130,31	101,00
-11104,10	88,00
-11077,96	-89,00
-11051,87	64,00
-11025,84	71,00
-10999,87	36,00
-10973,96	111,00
-10948,11	-32,00
-10922,31	-29,00
-10896,58	-16,00
-10870,90	-22,00
-10845,28	21,00
-10819,71	-48,00
-10794,20	-19,00
-10768,75	35,00
-10743,36	-6,00
-10718,02	83,00
-10692,74	-34,00
-10667,52	-60,00
-10642,35	46,00
-10617,24	-58,00
-10592,18	-42,00
-10567,18	-55,00
-10542,23	-53,00
-10517,34	8,00
-10492,51	-183,00
-10467,72	23,00
-10443,00	-75,00
-10418,32	-147,00
-10393,70	-163,00
-10369,14	-215,00
-10344,63	-162,00
-10320,17	-159,00
-10295,77	21,00
-10271,42	-187,00
-10247,12	-224,00
-10222,88	-91,00
-10198,68	-253,00
-10174,54	-231,00
-10150,46	-172,00
-10126,42	-337,00
-10102,44	-264,00
-10078,51	-281,00
-10054,63	-354,00
-10030,80	-307,00
-10007,03	-398,00
-9983,30	-290,00
-9959,63	-322,00
-9936,01	-345,00
-9912,44	-440,00
-9888,92	-507,00
-9865,44	-495,00
-9842,02	-398,00
-9818,65	-537,00
-9795,33	-505,00
-9772,06	-481,00
-9748,84	-663,00
-9725,67	-632,00
-9702,55	-622,00
-9679,47	-798,00
-9656,45	-940,00
-9633,47	-933,00
-9610,55	-976,00
-9587,67	-1054,00
-9564,84	-1232,00
-9542,06	-1379,00
-9519,32	-1500,00
-9496,64	-1617,00
-9474,00	-1779,00
-9451,41	-1774,00
-9428,87	-1856,00
-9406,37	-1654,00
-9383,92	-1692,00
-9361,52	-1720,00
-9339,17	-2067,00
-9316,86	-2280,00
-9294,60	-2537,00
-9272,38	-2754,00
-9250,21	-2877,00
-9228,09	-3054,00
-9206,01	-2832,00
-9183,98	-2819,00
-9162,00	-2580,00
-9140,06	-2558,00
-9118,16	-2591,00
-9096,31	-2677,00
-9074,51	-2730,00
-9052,75	-2781,00
-9031,04	-2646,00
-9009,37	-2319,00
-8987,74	-2121,00
-8966,16	-1755,00
-8944,63	-1719,00
-8923,14	-1711,00
-8901,69	-1745,00
-8880,29	-1928,00
-8858,93	-2077,00
-8837,61	-2249,00
-8816,34	-2262,00
-8795,11	-2304,00
-8773,92	-2023,00
-8752,78	-1792,00
-8731,68	-1829,00
-8710,62	-1736,00
-8689,61	-2010,00
-8668,63	-2113,00
-8647,70	-2264,00
-8626,82	-2105,00
-8605,97	-1910,00
-8585,17	-1837,00
-8564,41	-1741,00
-8543,69	-1743,00
-8523,01	-1622,00
-8502,37	-1603,00
-8481,78	-1875,00
-8461,23	-1970,00
-8440,71	-2028,00
-8420,24	-2118,00
-8399,81	-2074,00
-8379,42	-2085,00
-8359,08	-1826,00
-8338,77	-1700,00
-8318,50	-1710,00
-8298,27	-1533,00
-8278,09	-1518,00
-8257,94	-1768,00
-8237,83	-1875,00
-8217,76	-1716,00
-8197,74	-1928,00
-8177,75	-1721,00
-8157,80	-1708,00
-8137,89	-1533,00
-8118,02	-1465,00
-8098,19	-1549,00
-8078,40	-1506,00
-8058,65	-1525,00
-8038,93	-1570,00
-8019,26	-1437,00
-7999,62	-1388,00
-7980,02	-1290,00
-7960,46	-1481,00
-7940,94	-1221,00
-7921,46	-1264,00
-7902,01	-1270,00
-7882,60	-1174,00
-7863,23	-1205,00
-7843,90	-1425,00
-7824,61	-1359,00
-7805,35	-1496,00
-7786,13	-1564,00
-7766,95	-1338,00
-7747,80	-1277,00
-7728,69	-1258,00
-7709,62	-1217,00
-7690,59	-1289,00
-7671,59	-1573,00
-7652,63	-1455,00
-7633,70	-1557,00
-7614,81	-1491,00
-7595,96	-1376,00
-7577,15	-1078,00
-7558,37	-1109,00
-7539,62	-1210,00
-7520,91	-1348,00
-7502,24	-1409,00
-7483,60	-1347,00
-7465,00	-1228,00
-7446,44	-1183,00
-7427,91	-991,00
-7409,41	-872,00
-7390,95	-826,00
-7372,53	-859,00
-7354,14	-870,00
-7335,78	-932,00
-7317,46	-929,00
-7299,18	-991,00
-7280,92	-1141,00
-7262,71	-1135,00
-7244,52	-1104,00
-7226,38	-1335,00
-7208,26	-1157,00
-7190,18	-1155,00
-7172,14	-1144,00
-7154,12	-1156,00
-7136,15	-1093,00
-7118,20	-1366,00
-7100,29	-1390,00
-7082,41	-1365,00
-7064,57	-1296,00
-7046,76	-1161,00
-7028,98	-1085,00
-7011,24	-911,00
-6993,53	-708,00
-6975,85	-772,00
-6958,20	-570,00
-6940,59	-665,00
-6923,01	-619,00
-6905,46	-919,00
-6887,94	-945,00
-6870,46	-1104,00
-6853,01	-1194,00
-6835,59	-1133,00
-6818,21	-1006,00
-6800,85	-958,00
-6783,53	-716,00
-6766,24	-727,00
-6748,98	-661,00
-6731,76	-651,00
-6714,56	-772,00
-6697,40	-502,00
-6680,26	-588,00
-6663,16	-770,00
-6646,09	-773,00
-6629,05	-959,00
-6612,05	-1002,00
-6595,07	-965,00
-6578,13	-995,00
-6561,21	-685,00
-6544,33	-653,00
-6527,47	-516,00
-6510,65	-460,00
-6493,86	-524,00
-6477,10	-574,00
-6460,36	-457,00
-6443,66	-538,00
-6426,99	-537,00
-6410,35	-495,00
-6393,74	-542,00
-6377,16	-599,00
-6360,61	-775,00
-6344,09	-714,00
-6327,59	-771,00
-6311,13	-749,00
-6294,70	-779,00
-6278,29	-844,00
-6261,92	-841,00
-6245,58	-1006,00
-6229,26	-948,00
-6212,97	-805,00
-6196,72	-629,00
-6180,49	-593,00
-6164,29	-299,00
-6148,12	-385,00
-6131,98	-245,00
-6115,86	-298,00
-6099,78	-241,00
-6083,72	-183,00
-6067,69	-317,00
-6051,69	-116,00
-6035,72	-248,00
-6019,78	-219,00
-6003,87	-508,00
-5987,98	-657,00
-5972,12	-637,00
-5956,29	-683,00
-5940,49	-715,00
-5924,71	-525,00
-5908,96	-399,00
-5893,24	-127,00
-5877,55	-270,00
-5861,89	-345,00
-5846,25	-432,00
-5830,64	-401,00
-5815,05	-344,00
-5799,50	-364,00
-5783,97	-309,00
-5768,47	-391,00
-5752,99	-553,00
-5737,55	-678,00
-5722,12	-646,00
-5706,73	-691,00
-5691,36	-647,00
-5676,02	-425,00
-5660,71	-322,00
-5645,42	-349,00
-5630,16	-193,00
-5614,92	-427,00
-5599,71	-380,00
-5584,53	-559,00
-5569,37	-576,00
-5554,24	-546,00
-5539,14	-581,00
-5524,06	-426,00
-5509,01	-503,00
-5493,98	-355,00
-5478,98	-459,00
-5464,00	-580,00
-5449,05	-423,00
-5434,13	-412,00
-5419,23	-234,00
-5404,36	-299,00
-5389,51	-453,00
-5374,69	-464,00
-5359,89	-671,00
-5345,12	-785,00
-5330,37	-587,00
-5315,65	-608,00
-5300,95	-425,00
-5286,28	-308,00
-5271,63	-314,00
-5257,01	-472,00
-5242,41	-483,00
-5227,84	-407,00
-5213,29	-221,00
-5198,76	-171,00
-5184,26	-170,00
-5169,79	-236,00
-5155,33	-297,00
-5140,91	-525,00
-5126,51	-485,00
-5112,13	-430,00
-5097,77	-386,00
-5083,44	-59,00
-5069,13	-247,00
-5054,85	-248,00
-5040,59	-353,00
-5026,36	-447,00
-5012,15	-554,00
-4997,96	-449,00
-4983,80	-344,00
-4969,66	-346,00
-4955,54	-265,00
-4941,44	-226,00
-4927,37	-577,00
-4913,33	-604,00
-4899,30	-650,00
-4885,30	-606,00
-4871,33	-510,00
-4857,37	-327,00
-4843,44	-269,00
-4829,53	-360,00
-4815,65	-299,00
-4801,79	-394,00
-4787,95	-326,00
-4774,13	-456,00
-4760,34	-237,00
-4746,56	-111,00
-4732,82	-161,00
-4719,09	-389,00
-4705,38	-586,00
-4691,70	-662,00
-4678,04	-625,00
-4664,41	-433,00
-4650,79	-305,00
-4637,20	-135,00
-4623,63	-243,00
-4610,08	-240,00
-4596,56	-293,00
-4583,05	-470,00
-4569,57	-370,00
-4556,11	-197,00
-4542,67	-158,00
-4529,25	-221,00
-4515,86	-272,00
-4502,49	-435,00
-4489,13	-696,00
-4475,80	-529,00
-4462,49	-285,00
-4449,21	-287,00
-4435,94	-25,00
-4422,70	-333,00
-4409,47	-232,00
-4396,27	-359,00
-4383,09	-283,00
-4369,93	-118,00
-4356,79	-32,00
-4343,67	-137,00
-4330,58	-213,00
-4317,50	-265,00
-4304,45	-304,00
-4291,41	-118,00
-4278,40	-26,00
-4265,41	-59,00
-4252,44	-195,00
-4239,49	-250,00
-4226,55	-358,00
-4213,65	-13,00
-4200,76	-175,00
-4187,89	-77,00
-4175,04	-129,00
-4162,21	-106,00
-4149,40	-86,00
-4136,61	-84,00
-4123,85	14,00
-4111,10	-42,00
-4098,37	113,00
-4085,66	-167,00
-4072,98	-110,00
-4060,31	105,00
-4047,66	-15,00
-4035,04	-198,00
-4022,43	-32,00
-4009,84	-6,00
-3997,27	40,00
-3984,72	-70,00
-3972,19	33,00
-3959,69	3,00
-3947,20	-67,00
-3934,73	-65,00
-3922,27	-133,00
-3909,84	23,00
-3897,43	14,00
-3885,04	159,00
-3872,67	77,00
-3860,31	60,00
-3847,98	-29,00
-3835,66	97,00
-3823,36	28,00
-3811,09	-17,00
-3798,83	-47,00
-3786,59	3,00
-3774,37	166,00
-3762,17	-3,00
-3749,98	14,00
-3737,82	-29,00
-3725,67	15,00
-3713,55	-47,00
-3701,44	-73,00
-3689,35	57,00
-3677,28	112,00
-3665,22	-50,00
-3653,19	32,00
-3641,17	-93,00
-3629,18	57,00
-3617,20	12,00
-3605,24	12,00
-3593,30	7,00
-3581,37	21,00
-3569,47	-202,00
-3557,58	-30,00
-3545,71	25,00
-3533,86	-66,00
-3522,02	55,00
-3510,21	23,00
-3498,41	-138,00
-3486,63	-62,00
-3474,87	11,00
-3463,12	-13,00
-3451,40	-45,00
-3439,69	-54,00
-3428,00	6,00
-3416,33	67,00
-3404,67	-41,00
-3393,03	-14,00
-3381,41	79,00
-3369,81	-89,00
-3358,22	25,00
-3346,66	-16,00
-3335,10	-76,00
-3323,57	-60,00
-3312,06	15,00
-3300,56	7,00
-3289,08	-14,00
-3277,61	3,00
-3266,16	91,00
-3254,73	33,00
-3243,32	99,00
-3231,92	-138,00
-3220,55	-28,00
-3209,18	103,00
-3197,84	82,00
-3186,51	74,00
-3175,20	103,00
-3163,90	-9,00
-3152,63	101,00
-3141,36	-17,00
-3130,12	23,00
-3118,89	-36,00
-3107,68	-29,00
-3096,49	-23,00
-3085,31	104,00
-3074,15	-81,00
-3063,00	63,00
-3051,87	61,00
-3040,76	-27,00
-3029,67	6,00
-3018,59	-28,00
-3007,52	15,00
-2996,48	179,00
-2985,44	38,00
-2974,43	16,00
-2963,43	26,00
-2952,45	11,00
-2941,48	-54,00
-2930,53	6,00
-2919,60	40,00
-2908,68	-78,00
-2897,78	-45,00
-2886,89	-39,00
-2876,02	-17,00
-2865,17	25,00
-2854,33	-106,00
-2843,50	56,00
-2832,70	96,00
-2821,90	13,00
-2811,13	20,00
-2800,37	113,00
-2789,62	31,00
-2778,89	54,00
-2768,18	21,00
-2757,48	16,00
-2746,80	50,00
-2736,13	-23,00
-2725,48	74,00
-2714,84	171,00
-2704,22	-71,00
-2693,61	129,00
-2683,02	22,00
-2672,45	-98,00
-2661,89	1,00
-2651,34	5,00
-2640,81	-27,00
-2630,30	-91,00
-2619,80	32,00
-2609,31	-83,00
-2598,84	14,00
-2588,39	-40,00
-2577,95	-100,00
-2567,52	-4,00
-2557,11	95,00
-2546,71	-38,00
-2536,33	24,00
-2525,97	32,00
-2515,62	-107,00
-2505,28	-56,00
-2494,96	-3,00
-2484,65	77,00
-2474,36	-5,00
-2464,08	-4,00
-2453,82	20,00
-2443,57	-40,00
-2433,33	62,00
-2423,11	1,00
-2412,91	-49,00
-2402,72	-32,00
-2392,54	11,00
-2382,38	-21,00
-2372,23	-84,00
-2362,09	-20,00
-2351,97	-14,00
-2341,87	-18,00
-2331,78	-62,00
-2321,70	-31,00
-2311,64	27,00
-2301,59	-69,00
-2291,55	25,00
-2281,53	14,00
-2271,53	22,00
-2261,53	69,00
-2251,55	-8,00
-2241,59	35,00
-2231,64	52,00
-2221,70	-10,00
-2211,78	82,00
-2201,87	-6,00
-2191,97	53,00
-2182,09	8,00
-2172,22	-39,00
-2162,37	27,00
-2152,53	148,00
-2142,70	-46,00
-2132,89	128,00
-2123,09	50,00
-2113,30	-71,00
-2103,53	-1,00
-2093,77	-70,00
-2084,02	-27,00
-2074,29	19,00
-2064,57	-33,00
-2054,86	139,00
-2045,17	119,00
-2035,49	2,00
-2025,82	47,00
-2016,17	-54,00
-2006,53	-13,00
-1996,91	67,00
-1987,29	-21,00
-1977,69	-157,00
-1968,11	-5,00
-1958,53	7,00
-1948,97	-73,00
-1939,42	-50,00
-1929,89	-40,00
-1920,37	106,00
-1910,86	-112,00
-1901,36	96,00
-1891,88	18,00
-1882,41	158,00
-1872,95	62,00
-1863,51	-2,00
-1854,08	110,00
-1844,66	136,00
-1835,26	89,00
-1825,86	-111,00
-1816,48	-36,00
-1807,11	4,00
-1797,76	-80,00
-1788,42	44,00
-1779,09	10,00
-1769,77	53,00
-1760,47	-15,00
-1751,17	90,00
-1741,89	37,00
-1732,63	50,00
-1723,37	46,00
-1714,13	-14,00
-1704,90	121,00
-1695,68	-166,00
-1686,48	42,00
-1677,29	8,00
-1668,11	-30,00
-1658,94	90,00
-1649,78	4,00
-1640,64	68,00
-1631,51	40,00
-1622,39	77,00
-1613,28	-50,00
-1604,19	59,00
-1595,10	-9,00
-1586,03	112,00
-1576,97	-2,00
-1567,93	-64,00
-1558,89	-36,00
-1549,87	18,00
-1540,86	16,00
-1531,86	56,00
-1522,87	109,00
-1513,90	-128,00
-1504,93	-42,00
-1495,98	-2,00
-1487,04	18,00
-1478,12	6,00
-1469,20	58,00
-1460,30	-15,00
-1451,40	-9,00
-1442,52	-16,00
-1433,65	-51,00
-1424,80	62,00
-1415,95	-52,00
-1407,12	-91,00
-1398,30	24,00
-1389,48	16,00
-1380,69	57,00
-1371,90	62,00
-1363,12	0,00
-1354,36	17,00
-1345,60	36,00
-1336,86	72,00
-1328,13	20,00
-1319,41	-97,00
-1310,70	12,00
-1302,01	83,00
-1293,32	11,00
-1284,65	-28,00
-1275,99	32,00
-1267,33	-30,00
-1258,69	87,00
-1250,06	-60,00
-1241,45	1,00
-1232,84	31,00
-1224,25	-32,00
-1215,66	-115,00
-1207,09	105,00
-1198,53	64,00
-1189,97	1,00
-1181,43	-11,00
-1172,91	93,00
-1164,39	-23,00
-1155,88	-57,00
-1147,38	-2,00
-1138,90	-21,00
-1130,43	82,00
-1121,96	35,00
-1113,51	182,00
-1105,07	19,00
-1096,64	83,00
-1088,22	105,00
-1079,81	137,00
-1071,41	-110,00
-1063,02	64,00
-1054,65	41,00
-1046,28	98,00
-1037,92	-65,00
-1029,58	49,00
-1021,24	81,00
-1012,92	-123,00
-1004,61	30,00
-996,30	22,00
-988,01	-100,00
-979,73	109,00
-971,46	8,00
-963,20	4,00
-954,95	14,00
-946,71	-77,00
-938,48	-15,00
-930,26	-83,00
-922,06	-74,00
-913,86	125,00
-905,67	93,00
-897,49	103,00
-889,33	93,00
-881,17	-18,00
-873,02	66,00
-864,89	81,00
-856,76	15,00
-848,65	-31,00
-840,54	-59,00
-832,45	0,00
-824,36	47,00
-816,29	77,00
-808,22	16,00
-800,17	70,00
-792,12	-60,00
-784,09	71,00
-776,06	-33,00
-768,05	109,00
-760,04	-100,00
-752,05	13,00
-744,07	-5,00
-736,09	8,00
-728,13	27,00
-720,17	44,00
-712,23	-57,00
-704,29	12,00
-696,37	75,00
-688,45	4,00
-680,55	21,00
-672,65	27,00
-664,77	-88,00
-656,89	110,00
-649,03	-3,00
-641,17	-23,00
-633,32	60,00
-625,49	92,00
-617,66	-10,00
-609,84	22,00
-602,03	62,00
-594,23	17,00
-586,45	49,00
-578,67	-84,00
-570,90	52,00
-563,14	-15,00
-555,39	21,00
-547,65	62,00
-539,91	-5,00
-532,19	38,00
-524,48	118,00
-516,78	58,00
-509,08	-100,00
-501,40	-36,00
-493,72	77,00
-486,06	1,00
-478,40	165,00
-470,76	-96,00
-463,12	44,00
-455,49	122,00
-447,87	-36,00
-440,26	36,00
-432,66	41,00
-425,07	76,00
-417,49	-1,00
-409,92	27,00
-402,35	44,00
-394,80	110,00
-387,25	31,00
-379,72	-17,00
-372,19	-12,00
-364,67	-94,00
-357,17	-42,00
-349,67	111,00
-342,18	189,00
-334,69	43,00
-327,22	151,00
-319,76	46,00
-312,30	94,00
-304,86	86,00
-297,42	62,00
-290,00	75,00
-282,58	12,00
-275,17	-11,00
-267,77	157,00
-260,37	69,00
-252,99	124,00
-245,62	128,00
-238,25	198,00
-230,90	104,00
-223,55	149,00
-216,21	163,00
-208,88	194,00
-201,56	205,00
-194,25	184,00
-186,94	211,00
-179,65	295,00
-172,36	267,00
-165,08	378,00
-157,81	271,00
-150,55	323,00
-143,30	396,00
-136,06	381,00
-128,82	495,00
-121,60	509,00
-114,38	576,00
-107,17	682,00
-99,97	846,00
-92,78	940,00
-85,60	1062,00
-78,42	1217,00
-71,25	1283,00
-64,10	1567,00
-56,95	1795,00
-49,81	2206,00
-42,67	2669,00
-35,55	3393,00
-28,43	4535,00
-21,33	7374,00
-14,23	23858,00
-7,14	54962,00
-0,05	54569,00
7,02	54299,00
14,09	54597,00
21,14	22441,00
28,19	9227,00
35,23	5778,00
42,27	4359,00
49,29	3617,00
56,31	2936,00
63,32	2421,00
70,32	2093,00
77,31	1679,00
84,29	1534,00
91,27	1281,00
98,23	1171,00
105,19	1095,00
112,14	1244,00
119,09	1850,00
126,02	3046,00
132,95	3797,00
139,87	3849,00
146,78	3810,00
153,68	3595,00
160,58	3664,00
167,46	3473,00
174,34	3512,00
181,21	3362,00
188,08	3531,00
194,93	3401,00
201,78	3365,00
208,62	3404,00
215,45	3447,00
222,27	3373,00
229,09	3292,00
235,90	3341,00
242,70	3218,00
249,49	3203,00
256,27	2956,00
263,05	3108,00
269,82	3075,00
276,58	2946,00
283,33	2967,00
290,08	2993,00
296,82	2767,00
303,55	2732,00
310,27	2884,00
316,98	2788,00
323,69	2816,00
330,39	2568,00
337,08	2689,00
343,76	2708,00
350,44	2750,00
357,11	2662,00
363,77	2737,00
370,42	2561,00
377,07	2579,00
383,71	2641,00
390,34	2563,00
396,96	2663,00
403,58	2522,00
410,19	2631,00
416,79	2807,00
423,38	2843,00
429,97	2851,00
436,55	2930,00
443,12	2975,00
449,68	2769,00
456,24	2907,00
462,79	2719,00
469,33	2609,00
475,86	2374,00
482,39	2406,00
488,91	2327,00
495,42	2413,00
501,93	2335,00
508,42	2237,00
514,91	2113,00
521,40	2134,00
527,87	2145,00
534,34	2182,00
540,80	2215,00
547,25	2206,00
553,70	2175,00
560,14	2108,00
566,57	2238,00
573,00	2130,00
579,41	2238,00
585,83	2348,00
592,23	2268,00
598,62	2324,00
605,01	2422,00
611,40	2393,00
617,77	2243,00
624,14	2321,00
630,50	2147,00
636,85	2184,00
643,20	2053,00
649,54	1968,00
655,87	1989,00
662,20	1885,00
668,52	1841,00
674,83	1840,00
681,13	1846,00
687,43	1777,00
693,72	1800,00
700,00	1877,00
706,28	1800,00
712,55	1847,00
718,81	1828,00
725,07	1889,00
731,32	1801,00
737,56	1784,00
743,79	1747,00
750,02	1877,00
756,24	1810,00
762,46	1768,00
768,67	1773,00
774,87	1869,00
781,06	1686,00
787,25	1768,00
793,43	1726,00
799,60	1831,00
805,77	1720,00
811,93	1820,00
818,08	1686,00
824,23	1875,00
830,37	1820,00
836,50	1711,00
842,63	1632,00
848,75	1792,00
854,87	1823,00
860,97	1852,00
867,07	1880,00
873,17	1912,00
879,25	1755,00
885,33	1871,00
891,41	1806,00
897,47	1740,00
903,53	1857,00
909,59	1690,00
915,63	1724,00
921,67	1813,00
927,71	1593,00
933,74	1618,00
939,76	1572,00
945,77	1633,00
951,78	1651,00
957,78	1545,00
963,78	1569,00
969,77	1557,00
975,75	1499,00
981,72	1575,00
987,69	1728,00
993,66	1655,00
999,61	1541,00
1005,56	1749,00
1011,51	1619,00
1017,44	1793,00
1023,37	1689,00
1029,30	1689,00
1035,22	1872,00
1041,13	1839,00
1047,03	1986,00
1052,93	2467,00
1058,83	3693,00
1064,71	4149,00
1070,59	3546,00
1076,47	2597,00
1082,33	2366,00
1088,20	2252,00
1094,05	2107,00
1099,90	1999,00
1105,74	1946,00
1111,58	1857,00
1117,41	2234,00
1123,23	2981,00
1129,05	3990,00
1134,86	3472,00
1140,67	2562,00
1146,47	1937,00
1152,26	1664,00
1158,05	1746,00
1163,83	1820,00
1169,60	1939,00
1175,37	1816,00
1181,13	1635,00
1186,89	1561,00
1192,64	1577,00
1198,38	1481,00
1204,12	1534,00
1209,85	1399,00
1215,58	1511,00
1221,30	1466,00
1227,02	1435,00
1232,72	1544,00
1238,43	1454,00
1244,12	1491,00
1249,81	1611,00
1255,50	1600,00
1261,17	1712,00
1266,85	1624,00
1272,51	1866,00
1278,17	1987,00
1283,83	2363,00
1289,47	3607,00
1295,12	5050,00
1300,75	4526,00
1306,38	3358,00
1312,01	2682,00
1317,63	2114,00
1323,24	1985,00
1328,85	1841,00
1334,45	1702,00
1340,04	1630,00
1345,63	1609,00
1351,22	1548,00
1356,80	1644,00
1362,37	1685,00
1367,93	1920,00
1373,49	1809,00
1379,05	1792,00
1384,60	1692,00
1390,14	1643,00
1395,68	1761,00
1401,21	1659,00
1406,74	2002,00
1412,26	2568,00
1417,77	3030,00
1423,28	3106,00
1428,78	3339,00
1434,28	4277,00
1439,77	5188,00
1445,26	5172,00
1450,74	4524,00
1456,22	4035,00
1461,68	4141,00
1467,15	3613,00
1472,61	3098,00
1478,06	2440,00
1483,51	2170,00
1488,95	1840,00
1494,38	1675,00
1499,81	1654,00
1505,24	1572,00
1510,65	1460,00
1516,07	1612,00
1521,48	1368,00
1526,88	1271,00
1532,27	1356,00
1537,67	1364,00
1543,05	1253,00
1548,43	1388,00
1553,81	1229,00
1559,18	1303,00
1564,54	1162,00
1569,90	1208,00
1575,25	1099,00
1580,60	1181,00
1585,94	1223,00
1591,28	1282,00
1596,61	1215,00
1601,93	1190,00
1607,25	1177,00
1612,57	1055,00
1617,88	1062,00
1623,18	1183,00
1628,48	1131,00
1633,77	1204,00
1639,06	1053,00
1644,34	1082,00
1649,62	1103,00
1654,89	983,00
1660,16	1183,00
1665,42	1053,00
1670,67	1045,00
1675,92	976,00
1681,17	1022,00
1686,41	1082,00
1691,64	1028,00
1696,87	975,00
1702,10	913,00
1707,32	1004,00
1712,53	893,00
1717,74	845,00
1722,94	902,00
1728,14	881,00
1733,33	1021,00
1738,52	1030,00
1743,70	843,00
1748,88	936,00
1754,05	939,00
1759,22	1020,00
1764,38	2094,00
1769,53	673,00
1774,69	914,00
1779,83	865,00
1784,97	916,00
1790,11	750,00
1795,24	855,00
1800,36	922,00
1805,48	948,00
1810,60	788,00
1815,71	791,00
1820,82	872,00
1825,92	937,00
1831,01	720,00
1836,10	622,00
1841,19	892,00
1846,26	867,00
1851,34	740,00
1856,41	876,00
1861,47	871,00
1866,53	686,00
1871,59	746,00
1876,64	842,00
1881,68	700,00
1886,72	751,00
1891,76	665,00
1896,79	729,00
1901,81	738,00
1906,83	670,00
1911,85	643,00
1916,86	589,00
1921,86	711,00
1926,86	832,00
1931,86	705,00
1936,85	657,00
1941,83	690,00
1946,81	667,00
1951,79	716,00
1956,76	584,00
1961,72	691,00
1966,68	642,00
1971,64	631,00
1976,59	606,00
1981,54	606,00
1986,48	548,00
1991,42	510,00
1996,35	684,00
2001,27	587,00
2006,20	552,00
2011,11	569,00
2016,03	653,00
2020,93	546,00
2025,84	608,00
2030,73	637,00
2035,63	536,00
2040,52	589,00
2045,40	630,00
2050,28	547,00
2055,15	583,00
2060,02	542,00
2064,89	573,00
2069,75	545,00
2074,60	614,00
2079,46	591,00
2084,30	524,00
2089,14	477,00
2093,98	515,00
2098,81	589,00
2103,64	520,00
2108,46	429,00
2113,28	425,00
2118,09	507,00
2122,90	465,00
2127,70	457,00
2132,50	544,00
2137,30	408,00
2142,09	496,00
2146,87	498,00
2151,66	600,00
2156,43	501,00
2161,20	357,00
2165,97	488,00
2170,73	531,00
2175,49	430,00
2180,24	582,00
2184,99	563,00
2189,74	486,00
2194,48	514,00
2199,21	522,00
2203,94	547,00
2208,67	587,00
2213,39	424,00
2218,11	406,00
2222,82	443,00
2227,53	409,00
2232,23	443,00
2236,93	533,00
2241,63	513,00
2246,32	410,00
2251,00	432,00
2255,68	501,00
2260,36	491,00
2265,03	531,00
2269,70	436,00
2274,36	397,00
2279,02	398,00
2283,68	288,00
2288,33	415,00
2292,97	420,00
2297,61	373,00
2302,25	388,00
2306,88	300,00
2311,51	366,00
2316,14	411,00
2320,75	393,00
2325,37	443,00
2329,98	348,00
2334,59	278,00
2339,19	390,00
2343,79	371,00
2348,38	475,00
2352,97	512,00
2357,55	269,00
2362,13	425,00
2366,71	342,00
2371,28	283,00
2375,85	308,00
2380,41	422,00
2384,97	403,00
2389,52	387,00
2394,07	353,00
2398,62	381,00
2403,16	332,00
2407,70	347,00
2412,23	397,00
2416,76	339,00
2421,29	413,00
2425,81	271,00
2430,32	326,00
2434,84	281,00
2439,34	400,00
2443,85	406,00
2448,35	328,00
2452,84	315,00
2457,33	387,00
2461,82	434,00
2466,30	445,00
2470,78	277,00
2475,25	370,00
2479,72	351,00
2484,19	414,00
2488,65	235,00
2493,11	368,00
2497,56	335,00
2502,01	267,00
2506,46	391,00
2510,90	356,00
2515,34	477,00
2519,77	396,00
2524,20	336,00
2528,62	357,00
2533,04	332,00
2537,46	273,00
2541,87	368,00
2546,28	360,00
2550,68	161,00
2555,08	284,00
2559,48	266,00
2563,87	143,00
2568,26	269,00
2572,64	362,00
2577,02	371,00
2581,40	357,00
2585,77	303,00
2590,14	418,00
2594,50	318,00
2598,86	292,00
2603,22	198,00
2607,57	439,00
2611,92	300,00
2616,26	373,00
2620,60	322,00
2624,94	464,00
2629,27	454,00
2633,60	364,00
2637,92	388,00
2642,24	279,00
2646,56	534,00
2650,87	436,00
2655,18	443,00
2659,48	380,00
2663,78	400,00
2668,08	411,00
2672,37	497,00
2676,66	563,00
2680,95	349,00
2685,23	347,00
2689,50	524,00
2693,78	521,00
2698,05	462,00
2702,31	572,00
2706,57	583,00
2710,83	756,00
2715,08	694,00
2719,33	654,00
2723,58	703,00
2727,82	641,00
2732,06	675,00
2736,29	600,00
2740,53	628,00
2744,75	581,00
2748,97	505,00
2753,19	566,00
2757,41	547,00
2761,62	542,00
2765,83	537,00
2770,03	565,00
2774,23	554,00
2778,43	560,00
2782,62	518,00
2786,81	569,00
2791,00	729,00
2795,18	636,00
2799,35	668,00
2803,53	813,00
2807,70	797,00
2811,86	912,00
2816,03	769,00
2820,19	970,00
2824,34	1085,00
2828,49	1229,00
2832,64	1438,00
2836,78	2077,00
2840,92	2410,00
2845,06	3029,00
2849,19	3414,00
2853,32	3621,00
2857,45	3513,00
2861,57	3473,00
2865,69	3298,00
2869,80	3347,00
2873,91	3659,00
2878,02	3833,00
2882,12	4321,00
2886,22	4385,00
2890,32	4229,00
2894,41	3775,00
2898,50	3396,00
2902,58	3157,00
2906,67	2879,00
2910,74	2541,00
2914,82	2355,00
2918,89	2037,00
2922,96	2013,00
2927,02	1822,00
2931,08	1713,00
2935,13	1639,00
2939,19	1421,00
2943,24	1307,00
2947,28	1173,00
2951,32	975,00
2955,36	1055,00
2959,40	842,00
2963,43	789,00
2967,46	654,00
2971,48	552,00
2975,50	521,00
2979,52	464,00
2983,53	589,00
2987,54	470,00
2991,55	479,00
2995,55	538,00
2999,55	496,00
3003,54	380,00
3007,54	333,00
3011,53	312,00
3015,51	293,00
3019,49	264,00
3023,47	405,00
3027,45	214,00
3031,42	130,00
3035,39	250,00
3039,35	269,00
3043,31	209,00
3047,27	154,00
3051,22	186,00
3055,17	258,00
3059,12	197,00
3063,06	110,00
3067,00	146,00
3070,94	188,00
3074,87	222,00
3078,80	223,00
3082,73	141,00
3086,65	121,00
3090,57	174,00
3094,49	114,00
3098,40	21,00
3102,31	132,00
3106,22	119,00
3110,12	76,00
3114,02	126,00
3117,92	174,00
3121,81	128,00
3125,70	-28,00
3129,58	203,00
3133,47	128,00
3137,34	12,00
3141,22	119,00
3145,09	106,00
3148,96	120,00
3152,83	208,00
3156,69	108,00
3160,55	94,00
3164,40	212,00
3168,26	90,00
3172,10	55,00
3175,95	33,00
3179,79	179,00
3183,63	202,00
3187,47	42,00
3191,30	0,00
3195,13	89,00
3198,95	163,00
3202,78	37,00
3206,60	109,00
3210,41	62,00
3214,23	50,00
3218,03	63,00
3221,84	89,00
3225,64	229,00
3229,44	69,00
3233,24	18,00
3237,03	33,00
3240,82	124,00
3244,61	205,00
3248,39	6,00
3252,17	104,00
3255,95	39,00
3259,72	33,00
3263,49	179,00
3267,26	-27,00
3271,03	61,00
3274,79	144,00
3278,54	39,00
3282,30	129,00
3286,05	122,00
3289,80	175,00
3293,54	140,00
3297,29	14,00
3301,02	152,00
3304,76	168,00
3308,49	130,00
3312,22	5,00
3315,95	-58,00
3319,67	91,00
3323,39	52,00
3327,10	-9,00
3330,82	58,00
3334,53	132,00
3338,24	17,00
3341,94	-10,00
3345,64	95,00
3349,34	107,00
3353,03	37,00
3356,72	91,00
3360,41	55,00
3364,10	62,00
3367,78	183,00
3371,46	218,00
3375,13	-2,00
3378,81	135,00
3382,48	89,00
3386,14	98,00
3389,81	-3,00
3393,47	3,00
3397,12	139,00
3400,78	52,00
3404,43	53,00
3408,08	62,00
3411,72	85,00
3415,36	136,00
3419,00	121,00
3422,64	9,00
3426,27	40,00
3429,90	129,00
3433,53	63,00
3437,15	72,00
3440,77	98,00
3444,39	44,00
3448,00	72,00
3451,62	-22,00
3455,22	186,00
3458,83	-54,00
3462,43	11,00
3466,03	29,00
3469,63	125,00
3473,22	91,00
3476,81	72,00
3480,40	7,00
3483,99	145,00
3487,57	-52,00
3491,15	48,00
3494,72	74,00
3498,29	-52,00
3501,86	27,00
3505,43	20,00
3508,99	64,00
3512,56	18,00
3516,11	25,00
3519,67	30,00
3523,22	-42,00
3526,77	93,00
3530,32	-29,00
3533,86	22,00
3537,40	31,00
3540,94	79,00
3544,47	-73,00
3548,00	100,00
3551,53	20,00
3555,06	34,00
3558,58	-27,00
3562,10	-71,00
3565,62	-13,00
3569,13	141,00
3572,64	0,00
3576,15	66,00
3579,66	7,00
3583,16	67,00
3586,66	-85,00
3590,16	42,00
3593,65	100,00
3597,14	-34,00
3600,63	38,00
3604,11	21,00
3607,60	100,00
3611,08	31,00
3614,55	145,00
3618,03	-81,00
3621,50	-66,00
3624,97	-77,00
3628,43	36,00
3631,90	-11,00
3635,36	12,00
3638,81	136,00
3642,27	-43,00
3645,72	-35,00
3649,17	77,00
3652,61	-10,00
3656,06	6,00
3659,50	27,00
3662,93	62,00
3666,37	36,00
3669,80	82,00
3673,23	36,00
3676,65	11,00
3680,08	12,00
3683,50	-1,00
3686,92	28,00
3690,33	-63,00
3693,74	129,00
3697,15	-12,00
3700,56	-25,00
3703,96	20,00
3707,36	-38,00
3710,76	96,00
3714,16	-30,00
3717,55	34,00
3720,94	31,00
3724,33	-54,00
3727,71	-69,00
3731,10	-34,00
3734,48	34,00
3737,85	78,00
3741,23	10,00
3744,60	-32,00
3747,97	35,00
3751,33	24,00
3754,69	-112,00
3758,05	-57,00
3761,41	-52,00
3764,77	-44,00
3768,12	22,00
3771,47	-59,00
3774,82	112,00
3778,16	-4,00
3781,50	-1,00
3784,84	4,00
3788,18	-2,00
