-37534.58	-1
-37414.56	1
-37295.11	-4
-37176.24	1
-37057.95	48
-36940.22	-10
-36823.05	66
-36706.45	-53
-36590.4	82
-36474.9	31
-36359.95	50
-36245.55	77
-36131.68	111
-36018.35	102
-35905.55	86
-35793.29	62
-35681.54	-80
-35570.32	9
-35459.62	-29
-35349.43	-43
-35239.75	48
-35130.58	-13
-35021.91	44
-34913.74	28
-34806.07	-79
-34698.89	98
-34592.2	115
-34486	116
-34380.28	47
-34275.04	66
-34170.27	-84
-34065.98	7
-33962.16	73
-33858.81	84
-33755.92	73
-33653.49	12
-33551.52	98
-33450.01	85
-33348.94	-3
-33248.33	30
-33148.16	120
-33048.43	-13
-32949.14	117
-32850.29	20
-32751.87	36
-32653.89	65
-32556.33	-25
-32459.2	-40
-32362.49	81
-32266.19	-14
-32170.32	162
-32074.86	55
-31979.82	23
-31885.18	53
-31790.95	197
-31697.12	65
-31603.69	105
-31510.67	57
-31418.04	96
-31325.8	119
-31233.95	89
-31142.49	129
-31051.42	-6
-30960.73	40
-30870.43	107
-30780.5	37
-30690.95	222
-30601.77	122
-30512.97	14
-30424.53	137
-30336.46	84
-30248.76	79
-30161.42	27
-30074.44	99
-29987.81	156
-29901.55	-94
-29815.63	143
-29730.07	127
-29644.86	70
-29560	-65
-29475.48	-53
-29391.3	101
-29307.47	62
-29223.97	96
-29140.81	122
-29057.99	112
-28975.5	31
-28893.34	20
-28811.51	17
-28730	86
-28648.82	164
-28567.97	2
-28487.43	82
-28407.21	33
-28327.32	113
-28247.73	-69
-28168.46	42
-28089.5	-12
-28010.85	40
-27932.51	4
-27854.48	0
-27776.75	78
-27699.32	27
-27622.19	97
-27545.37	17
-27468.84	85
-27392.6	-37
-27316.66	71
-27241.01	100
-27165.66	-15
-27090.59	-2
-27015.81	80
-26941.31	90
-26867.1	-4
-26793.17	211
-26719.52	-48
-26646.15	212
-26573.06	64
-26500.24	53
-26427.7	-1
-26355.43	-4
-26283.43	78
-26211.71	-10
-26140.25	115
-26069.06	19
-25998.13	71
-25927.46	-22
-25857.06	85
-25786.92	32
-25717.04	-7
-25647.42	-26
-25578.05	-63
-25508.94	-38
-25440.09	47
-25371.48	85
-25303.13	119
-25235.02	83
-25167.17	-7
-25099.56	57
-25032.19	98
-24965.07	54
-24898.2	22
-24831.56	17
-24765.17	-24
-24699.01	45
-24633.1	173
-24567.41	84
-24501.97	64
-24436.75	98
-24371.77	-40
-24307.03	-10
-24242.51	62
-24178.22	56
-24114.16	109
-24050.32	101
-23986.71	157
-23923.32	51
-23860.16	24
-23797.22	99
-23734.5	-43
-23672	9
-23609.71	-19
-23547.65	-47
-23485.8	-102
-23424.16	-15
-23362.74	94
-23301.53	-103
-23240.54	56
-23179.75	-39
-23119.17	45
-23058.8	80
-22998.64	148
-22938.68	54
-22878.93	-37
-22819.39	84
-22760.04	10
-22700.9	0
-22641.96	-38
-22583.22	34
-22524.68	-5
-22466.33	100
-22408.19	-71
-22350.23	223
-22292.48	-60
-22234.92	83
-22177.55	-35
-22120.37	71
-22063.38	17
-22006.58	-60
-21949.98	-112
-21893.56	37
-21837.33	16
-21781.28	115
-21725.42	-35
-21669.74	49
-21614.25	103
-21558.94	70
-21503.81	-27
-21448.86	0
-21394.1	170
-21339.51	-22
-21285.1	38
-21230.86	101
-21176.81	-80
-21122.93	6
-21069.22	66
-21015.69	75
-20962.33	37
-20909.14	145
-20856.13	-41
-20803.28	53
-20750.61	47
-20698.1	-27
-20645.76	50
-20593.59	-48
-20541.59	-42
-20489.75	-24
-20438.07	154
-20386.56	54
-20335.22	-54
-20284.03	53
-20233.01	56
-20182.15	37
-20131.45	55
-20080.91	72
-20030.52	64
-19980.3	3
-19930.23	-116
-19880.32	-50
-19830.56	12
-19780.96	54
-19731.52	104
-19682.23	46
-19633.09	64
-19584.1	99
-19535.26	-6
-19486.58	96
-19438.04	-64
-19389.66	147
-19341.42	-32
-19293.33	37
-19245.39	-82
-19197.6	102
-19149.95	130
-19102.45	91
-19055.09	-37
-19007.87	-10
-18960.8	-80
-18913.87	45
-18867.09	11
-18820.44	80
-18773.94	169
-18727.57	-7
-18681.35	167
-18635.26	39
-18589.31	39
-18543.5	125
-18497.83	91
-18452.29	64
-18406.89	-30
-18361.63	31
-18316.5	-82
-18271.5	178
-18226.63	49
-18181.9	21
-18137.3	77
-18092.84	134
-18048.5	29
-18004.29	37
-17960.22	40
-17916.27	111
-17872.45	-11
-17828.76	-48
-17785.2	156
-17741.77	36
-17698.46	-11
-17655.28	66
-17612.22	-47
-17569.29	51
-17526.48	133
-17483.79	81
-17441.23	13
-17398.79	72
-17356.48	74
-17314.28	-14
-17272.21	-2
-17230.26	-114
-17188.42	-86
-17146.71	35
-17105.12	15
-17063.64	110
-17022.28	12
-16981.04	-53
-16939.92	11
-16898.91	26
-16858.02	7
-16817.25	97
-16776.59	50
-16736.04	36
-16695.61	-21
-16655.29	179
-16615.09	-2
-16574.99	145
-16535.01	72
-16495.15	-84
-16455.39	103
-16415.74	47
-16376.21	45
-16336.78	50
-16297.46	-12
-16258.26	34
-16219.16	115
-16180.17	-15
-16141.28	53
-16102.51	146
-16063.84	52
-16025.27	41
-15986.82	-62
-15948.46	-8
-15910.22	49
-15872.07	52
-15834.04	28
-15796.1	-7
-15758.27	-31
-15720.54	21
-15682.91	96
-15645.39	23
-15607.97	19
-15570.64	-86
-15533.42	23
-15496.3	171
-15459.28	-5
-15422.36	-4
-15385.54	99
-15348.82	102
-15312.19	27
-15275.66	49
-15239.23	143
-15202.9	57
-15166.67	60
-15130.53	62
-15094.48	23
-15058.54	81
-15022.68	-41
-14986.93	65
-14951.26	85
-14915.69	8
-14880.22	14
-14844.84	33
-14809.55	-117
-14774.35	78
-14739.25	51
-14704.24	94
-14669.32	-46
-14634.49	-18
-14599.75	20
-14565.1	49
-14530.55	48
-14496.08	104
-14461.7	2
-14427.41	53
-14393.21	19
-14359.1	113
-14325.07	1
-14291.14	-7
-14257.29	45
-14223.52	-3
-14189.85	68
-14156.26	-32
-14122.76	150
-14089.34	35
-14056.01	-57
-14022.76	107
-13989.6	-6
-13956.52	-70
-13923.53	20
-13890.62	115
-13857.79	34
-13825.05	38
-13792.39	146
-13759.81	100
-13727.31	-30
-13694.9	110
-13662.57	29
-13630.31	10
-13598.14	-45
-13566.05	-11
-13534.05	104
-13502.12	-35
-13470.27	187
-13438.5	67
-13406.8	22
-13375.19	46
-13343.66	-68
-13312.2	9
-13280.83	109
-13249.53	73
-13218.3	-31
-13187.16	97
-13156.09	-39
-13125.1	5
-13094.18	122
-13063.34	85
-13032.58	3
-13001.89	189
-12971.28	39
-12940.74	130
-12910.27	29
-12879.88	13
-12849.57	-34
-12819.33	62
-12789.16	100
-12759.06	-23
-12729.04	59
-12699.09	1332
-12669.21	59
-12639.41	95
-12609.68	97
-12580.02	53
-12550.43	75
-12520.91	43
-12491.46	91
-12462.08	-19
-12432.77	60
-12403.54	37
-12374.37	40
-12345.27	17
-12316.24	43
-12287.29	69
-12258.4	-1
-12229.57	86
-12200.82	150
-12172.14	-62
-12143.52	12
-12114.97	70
-12086.49	125
-12058.07	-47
-12029.73	141
-12001.44	2
-11973.23	-80
-11945.08	21
-11917	47
-11888.98	71
-11861.03	22
-11833.15	-38
-11805.32	-101
-11777.57	-17
-11749.88	59
-11722.25	11
-11694.69	-30
-11667.19	64
-11639.75	71
-11612.38	-16
-11585.07	117
-11557.83	63
-11530.65	-23
-11503.53	70
-11476.47	2
-11449.48	-20
-11422.54	123
-11395.67	60
-11368.86	14
-11342.11	5
-11315.43	37
-11288.8	47
-11262.23	-163
-11235.73	95
-11209.28	54
-11182.9	57
-11156.57	-5
-11130.31	156
-11104.1	128
-11077.96	-21
-11051.87	59
-11025.84	70
-10999.87	119
-10973.96	169
-10948.11	-13
-10922.31	-37
-10896.58	-10
-10870.9	32
-10845.28	-75
-10819.71	96
-10794.2	20
-10768.75	80
-10743.36	73
-10718.02	21
-10692.74	20
-10667.52	3
-10642.35	101
-10617.24	18
-10592.18	-43
-10567.18	53
-10542.23	5
-10517.34	56
-10492.51	-114
-10467.72	71
-10443	21
-10418.32	20
-10393.7	-132
-10369.14	-21
-10344.63	-138
-10320.17	-75
-10295.77	59
-10271.42	-118
-10247.12	-101
-10222.88	20
-10198.68	-93
-10174.54	-66
-10150.46	-7
-10126.42	-174
-10102.44	-115
-10078.51	-58
-10054.63	-119
-10030.8	-177
-10007.03	-8
-9983.3	-24
-9959.63	-96
-9936.01	-142
-9912.44	-179
-9888.92	-170
-9865.44	-149
-9842.02	-206
-9818.65	-92
-9795.33	-196
-9772.06	-154
-9748.84	-386
-9725.67	-275
-9702.55	-145
-9679.47	-297
-9656.45	-378
-9633.47	-318
-9610.55	-426
-9587.67	-393
-9564.84	-395
-9542.06	-667
-9519.32	-554
-9496.64	-748
-9474	-740
-9451.41	-765
-9428.87	-922
-9406.37	-856
-9383.92	-840
-9361.52	-694
-9339.17	-877
-9316.86	-1011
-9294.6	-1285
-9272.38	-1334
-9250.21	-1132
-9228.09	-1260
-9206.01	-1073
-9183.98	-1194
-9162	-1083
-9140.06	-1123
-9118.16	-1062
-9096.31	-1029
-9074.51	-1149
-9052.75	-1095
-9031.04	-1167
-9009.37	-839
-8987.74	-704
-8966.16	-746
-8944.63	-704
-8923.14	-636
-8901.69	-619
-8880.29	-823
-8858.93	-795
-8837.61	-863
-8816.34	-772
-8795.11	-933
-8773.92	-584
-8752.78	-572
-8731.68	-658
-8710.62	-694
-8689.61	-807
-8668.63	-752
-8647.7	-848
-8626.82	-856
-8605.97	-776
-8585.17	-622
-8564.41	-652
-8543.69	-718
-8523.01	-503
-8502.37	-597
-8481.78	-699
-8461.23	-832
-8440.71	-767
-8420.24	-773
-8399.81	-782
-8379.42	-884
-8359.08	-567
-8338.77	-691
-8318.5	-616
-8298.27	-487
-8278.09	-543
-8257.94	-670
-8237.83	-707
-8217.76	-555
-8197.74	-767
-8177.75	-597
-8157.8	-648
-8137.89	-500
-8118.02	-495
-8098.19	-640
-8078.4	-606
-8058.65	-575
-8038.93	-502
-8019.26	-539
-7999.62	-500
-7980.02	-409
-7960.46	-509
-7940.94	-519
-7921.46	-545
-7902.01	-491
-7882.6	-370
-7863.23	-558
-7843.9	-550
-7824.61	-526
-7805.35	-672
-7786.13	-521
-7766.95	-571
-7747.8	-526
-7728.69	-593
-7709.62	-536
-7690.59	-474
-7671.59	-714
-7652.63	-504
-7633.7	-667
-7614.81	-587
-7595.96	-592
-7577.15	-440
-7558.37	-486
-7539.62	-405
-7520.91	-401
-7502.24	-545
-7483.6	-509
-7465	-589
-7446.44	-254
-7427.91	-332
-7409.41	-340
-7390.95	-280
-7372.53	-355
-7354.14	-469
-7335.78	-341
-7317.46	-253
-7299.18	-450
-7280.92	-541
-7262.71	-510
-7244.52	-415
-7226.38	-372
-7208.26	-386
-7190.18	-476
-7172.14	-469
-7154.12	-532
-7136.15	-445
-7118.2	-541
-7100.29	-711
-7082.41	-643
-7064.57	-670
-7046.76	-496
-7028.98	-466
-7011.24	-373
-6993.53	-311
-6975.85	-299
-6958.2	-217
-6940.59	-222
-6923.01	-378
-6905.46	-306
-6887.94	-515
-6870.46	-348
-6853.01	-450
-6835.59	-420
-6818.21	-489
-6800.85	-356
-6783.53	-281
-6766.24	-248
-6748.98	-204
-6731.76	-371
-6714.56	-258
-6697.4	-239
-6680.26	-200
-6663.16	-368
-6646.09	-294
-6629.05	-437
-6612.05	-437
-6595.07	-355
-6578.13	-336
-6561.21	-363
-6544.33	-262
-6527.47	-258
-6510.65	-231
-6493.86	-130
-6477.1	-155
-6460.36	-154
-6443.66	-225
-6426.99	-222
-6410.35	-273
-6393.74	-275
-6377.16	-228
-6360.61	-361
-6344.09	-254
-6327.59	-360
-6311.13	-313
-6294.7	-195
-6278.29	-279
-6261.92	-404
-6245.58	-401
-6229.26	-396
-6212.97	-162
-6196.72	-179
-6180.49	-297
-6164.29	-195
-6148.12	-133
-6131.98	55
-6115.86	-177
-6099.78	-84
-6083.72	-155
-6067.69	-179
-6051.69	-57
-6035.72	-123
-6019.78	-110
-6003.87	-111
-5987.98	-298
-5972.12	-282
-5956.29	-220
-5940.49	-232
-5924.71	-197
-5908.96	-82
-5893.24	-121
-5877.55	-66
-5861.89	-240
-5846.25	-141
-5830.64	-147
-5815.05	-176
-5799.5	-286
-5783.97	-110
-5768.47	-231
-5752.99	-315
-5737.55	-250
-5722.12	-231
-5706.73	-234
-5691.36	-283
-5676.02	-97
-5660.71	-195
-5645.42	-189
-5630.16	75
-5614.92	-163
-5599.71	-91
-5584.53	-226
-5569.37	-111
-5554.24	-1199
-5539.14	-294
-5524.06	-95
-5509.01	-151
-5493.98	-128
-5478.98	-107
-5464	-196
-5449.05	-368
-5434.13	-108
-5419.23	-97
-5404.36	-216
-5389.51	-216
-5374.69	-179
-5359.89	-315
-5345.12	-436
-5330.37	-151
-5315.65	-257
-5300.95	-154
-5286.28	-176
-5271.63	-104
-5257.01	-139
-5242.41	-107
-5227.84	-192
-5213.29	20
-5198.76	-5
-5184.26	-57
-5169.79	-33
-5155.33	-117
-5140.91	-341
-5126.51	-164
-5112.13	-84
-5097.77	-158
-5083.44	-101
-5069.13	-90
-5054.85	-49
-5040.59	-90
-5026.36	-217
-5012.15	-167
-4997.96	-47
-4983.8	-150
-4969.66	-156
-4955.54	-97
-4941.44	-84
-4927.37	-176
-4913.33	-292
-4899.3	-367
-4885.3	-251
-4871.33	-214
-4857.37	-221
-4843.44	-100
-4829.53	-83
-4815.65	-41
-4801.79	-232
-4787.95	-106
-4774.13	-277
-4760.34	-85
-4746.56	-25
-4732.82	-89
-4719.09	-177
-4705.38	-279
-4691.7	-308
-4678.04	-220
-4664.41	-263
-4650.79	-62
-4637.2	25
-4623.63	-206
-4610.08	-18
-4596.56	-116
-4583.05	-219
-4569.57	-160
-4556.11	-115
-4542.67	-124
-4529.25	-142
-4515.86	-174
-4502.49	-196
-4489.13	-378
-4475.8	-174
-4462.49	5
-4449.21	-168
-4435.94	15
-4422.7	-137
-4409.47	-120
-4396.27	-151
-4383.09	-77
-4369.93	-3
-4356.79	-91
-4343.67	-43
-4330.58	-163
-4317.5	-183
-4304.45	-105
-4291.41	-58
-4278.4	16
-4265.41	17
-4252.44	-78
-4239.49	-102
-4226.55	-251
-4213.65	73
-4200.76	-86
-4187.89	45
-4175.04	15
-4162.21	-14
-4149.4	-35
-4136.61	-6
-4123.85	78
-4111.1	9
-4098.37	6
-4085.66	74
-4072.98	-7
-4060.31	149
-4047.66	24
-4035.04	-90
-4022.43	-12
-4009.84	94
-3997.27	26
-3984.72	72
-3972.19	3
-3959.69	-67
-3947.2	-8
-3934.73	14
-3922.27	-88
-3909.84	94
-3897.43	46
-3885.04	106
-3872.67	28
-3860.31	26
-3847.98	-7
-3835.66	69
-3823.36	130
-3811.09	95
-3798.83	-62
-3786.59	-36
-3774.37	68
-3762.17	60
-3749.98	75
-3737.82	41
-3725.67	9
-3713.55	-31
-3701.44	18
-3689.35	-40
-3677.28	38
-3665.22	37
-3653.19	-18
-3641.17	-8
-3629.18	-72
-3617.2	60
-3605.24	21
-3593.3	27
-3581.37	88
-3569.47	1
-3557.58	82
-3545.71	67
-3533.86	42
-3522.02	28
-3510.21	35
-3498.41	-57
-3486.63	-88
-3474.87	74
-3463.12	75
-3451.4	74
-3439.69	21
-3428	31
-3416.33	46
-3404.67	53
-3393.03	131
-3381.41	121
-3369.81	19
-3358.22	-14
-3346.66	144
-3335.1	-68
-3323.57	-7
-3312.06	25
-3300.56	-40
-3289.08	33
-3277.61	79
-3266.16	101
-3254.73	7
-3243.32	138
-3231.92	-30
-3220.55	5
-3209.18	49
-3197.84	153
-3186.51	135
-3175.2	71
-3163.9	-15
-3152.63	52
-3141.36	-28
-3130.12	74
-3118.89	30
-3107.68	-77
-3096.49	52
-3085.31	-80
-3074.15	45
-3063	-4
-3051.87	65
-3040.76	53
-3029.67	101
-3018.59	-48
-3007.52	7
-2996.48	98
-2985.44	91
-2974.43	-26
-2963.43	22
-2952.45	23
-2941.48	-48
-2930.53	38
-2919.6	66
-2908.68	-78
-2897.78	69
-2886.89	91
-2876.02	44
-2865.17	56
-2854.33	-7
-2843.5	21
-2832.7	84
-2821.9	107
-2811.13	40
-2800.37	132
-2789.62	-9
-2778.89	67
-2768.18	12
-2757.48	48
-2746.8	16
-2736.13	4
-2725.48	31
-2714.84	177
-2704.22	-52
-2693.61	177
-2683.02	-13
-2672.45	-11
-2661.89	-57
-2651.34	128
-2640.81	-31
-2630.3	-3
-2619.8	95
-2609.31	-64
-2598.84	-12
-2588.39	40
-2577.95	11
-2567.52	-59
-2557.11	11
-2546.71	-73
-2536.33	54
-2525.97	120
-2515.62	59
-2505.28	87
-2494.96	-16
-2484.65	80
-2474.36	84
-2464.08	75
-2453.82	35
-2443.57	103
-2433.33	72
-2423.11	-16
-2412.91	41
-2402.72	21
-2392.54	54
-2382.38	69
-2372.23	-101
-2362.09	-4407
-2351.97	48
-2341.87	39
-2331.78	8
-2321.7	65
-2311.64	43
-2301.59	-7
-2291.55	32
-2281.53	93
-2271.53	35
-2261.53	23
-2251.55	78
-2241.59	38
-2231.64	109
-2221.7	19
-2211.78	189
-2201.87	46
-2191.97	38
-2182.09	44
-2172.22	47
-2162.37	153
-2152.53	150
-2142.7	-99
-2132.89	187
-2123.09	102
-2113.3	73
-2103.53	140
-2093.77	-34
-2084.02	-43
-2074.29	-4
-2064.57	60
-2054.86	51
-2045.17	125
-2035.49	5
-2025.82	163
-2016.17	-62
-2006.53	23
-1996.91	97
-1987.29	80
-1977.69	10
-1968.11	62
-1958.53	-21
-1948.97	35
-1939.42	-51
-1929.89	75
-1920.37	34
-1910.86	11
-1901.36	59
-1891.88	110
-1882.41	151
-1872.95	89
-1863.51	16
-1854.08	1
-1844.66	90
-1835.26	93
-1825.86	9
-1816.48	62
-1807.11	77
-1797.76	-10
-1788.42	135
-1779.09	99
-1769.77	146
-1760.47	80
-1751.17	49
-1741.89	88
-1732.63	129
-1723.37	84
-1714.13	-25
-1704.9	136
-1695.68	-80
-1686.48	112
-1677.29	91
-1668.11	-42
-1658.94	167
-1649.78	56
-1640.64	109
-1631.51	0
-1622.39	-27
-1613.28	72
-1604.19	3
-1595.1	25
-1586.03	60
-1576.97	94
-1567.93	12
-1558.89	5
-1549.87	-53
-1540.86	14
-1531.86	-15
-1522.87	142
-1513.9	-2
-1504.93	-57
-1495.98	121
-1487.04	131
-1478.12	-57
-1469.2	16
-1460.3	159
-1451.4	40
-1442.52	-16
-1433.65	-73
-1424.8	39
-1415.95	38
-1407.12	12
-1398.3	5
-1389.48	30
-1380.69	115
-1371.9	40
-1363.12	143
-1354.36	141
-1345.6	126
-1336.86	176
-1328.13	56
-1319.41	-10
-1310.7	94
-1302.01	136
-1293.32	54
-1284.65	19
-1275.99	-24
-1267.33	4
-1258.69	1
-1250.06	4
-1241.45	50
-1232.84	110
-1224.25	-101
-1215.66	-30
-1207.09	133
-1198.53	90
-1189.97	9
-1181.43	39
-1172.91	180
-1164.39	85
-1155.88	48
-1147.38	94
-1138.9	72
-1130.43	140
-1121.96	96
-1113.51	41
-1105.07	77
-1096.64	4
-1088.22	98
-1079.81	94
-1071.41	-58
-1063.02	158
-1054.65	103
-1046.28	192
-1037.92	-112
-1029.58	129
-1021.24	89
-1012.92	41
-1004.61	-35
-996.3	67
-988.01	4
-979.73	193
-971.46	26
-963.2	38
-954.95	28
-946.71	17
-938.48	-18
-930.26	12
-922.06	-15
-913.86	130
-905.67	130
-897.49	16
-889.33	191
-881.17	-45
-873.02	53
-864.89	80
-856.76	-39
-848.65	60
-840.54	29
-832.45	13
-824.36	43
-816.29	-33
-808.22	65
-800.17	133
-792.12	8
-784.09	-3
-776.06	-30
-768.05	4
-760.04	-154
-752.05	-54
-744.07	-89
-736.09	117
-728.13	39
-720.17	53
-712.23	34
-704.29	-12
-696.37	60
-688.45	71
-680.55	91
-672.65	39
-664.77	-27
-656.89	97
-649.03	-23
-641.17	60
-633.32	58
-625.49	79
-617.66	24
-609.84	68
-602.03	66
-594.23	-15
-586.45	56
-578.67	18
-570.9	-14
-563.14	44
-555.39	72
-547.65	112
-539.91	67
-532.19	-10
-524.48	170
-516.78	-13
-509.08	-1
-501.4	66
-493.72	74
-486.06	6
-478.4	150
-470.76	0
-463.12	60
-455.49	111
-447.87	44
-440.26	158
-432.66	-7
-425.07	69
-417.49	89
-409.92	111
-402.35	40
-394.8	57
-387.25	99
-379.72	62
-372.19	15
-364.67	4
-357.17	122
-349.67	121
-342.18	199
-334.69	24
-327.22	205
-319.76	95
-312.3	53
-304.86	38
-297.42	103
-290	109
-282.58	41
-275.17	117
-267.77	113
-260.37	43
-252.99	25
-245.62	145
-238.25	179
-230.9	179
-223.55	155
-216.21	65
-208.88	138
-201.56	317
-194.25	274
-186.94	336
-179.65	260
-172.36	272
-165.08	341
-157.81	349
-150.55	309
-143.3	441
-136.06	491
-128.82	458
-121.6	524
-114.38	677
-107.17	768
-99.97	896
-92.78	875
-85.6	1034
-78.42	1124
-71.25	1406
-64.1	1610
-56.95	1850
-49.81	2132
-42.67	2733
-35.55	3472
-28.43	4540
-21.33	7508
-14.23	24199
-7.14	54962
-0.05	54569
7.02	54299
14.09	54597
21.14	22954
28.19	9418
35.23	6020
42.27	4559
49.29	3715
56.31	2993
63.32	2575
70.32	1954
77.31	1819
84.29	1538
91.27	1298
98.23	1212
105.19	1130
112.14	1377
119.09	2033
126.02	3185
132.95	3881
139.87	4033
146.78	3966
153.68	3768
160.58	3675
167.46	3554
174.34	3722
181.21	3540
188.08	3568
194.93	3685
201.78	3643
208.62	3526
215.45	3651
222.27	3484
229.09	3489
235.9	3377
242.7	3434
249.49	3296
256.27	3056
263.05	3284
269.82	3191
276.58	3023
283.33	3125
290.08	3008
296.82	2981
303.55	2850
310.27	2931
316.98	2857
323.69	2905
330.39	2789
337.08	2910
343.76	2793
350.44	2758
357.11	2744
363.77	2756
370.42	2755
377.07	2686
383.71	2809
390.34	2748
396.96	2769
403.58	2686
410.19	2928
416.79	2915
423.38	3041
429.97	3018
436.55	3186
443.12	3135
449.68	3129
456.24	3078
462.79	2797
469.33	2693
475.86	2387
482.39	2500
488.91	2486
495.42	2449
501.93	2409
508.42	2358
514.91	2255
521.4	2273
527.87	2220
534.34	2309
540.8	2237
547.25	2184
553.7	2200
560.14	2237
566.57	2274
573	2284
579.41	2333
585.83	2323
592.23	2382
598.62	2429
605.01	2428
611.4	2507
617.77	2528
624.14	2430
630.5	2272
636.85	2258
643.2	2146
649.54	1985
655.87	2074
662.2	2008
668.52	1982
674.83	1865
681.13	1937
687.43	1934
693.72	1850
700	1943
706.28	1757
712.55	1894
718.81	1889
725.07	1940
731.32	1898
737.56	1831
743.79	1965
750.02	1908
756.24	1924
762.46	1849
768.67	1897
774.87	1886
781.06	1751
787.25	1731
793.43	1810
799.6	1861
805.77	1771
811.93	1830
818.08	1781
824.23	1909
830.37	1864
836.5	1743
842.63	1644
848.75	1738
854.87	1890
860.97	1784
867.07	1799
873.17	1943
879.25	1814
885.33	1871
891.41	1773
897.47	1775
903.53	1827
909.59	1696
915.63	1716
921.67	1792
927.71	1670
933.74	1763
939.76	1669
945.77	1558
951.78	1734
957.78	1602
963.78	1558
969.77	1597
975.75	1642
981.72	1599
987.69	1891
993.66	1691
999.61	1615
1005.56	1633
1011.51	1685
1017.44	1687
1023.37	1672
1029.3	1748
1035.22	1942
1041.13	1783
1047.03	2003
1052.93	2499
1058.83	3796
1064.71	4274
1070.59	3628
1076.47	2680
1082.33	2372
1088.2	2222
1094.05	2113
1099.9	2138
1105.74	1887
1111.58	1870
1117.41	2294
1123.23	3188
1129.05	3908
1134.86	3496
1140.67	2535
1146.47	1992
1152.26	1717
1158.05	1776
1163.83	1936
1169.6	1983
1175.37	1824
1181.13	1696
1186.89	1529
1192.64	1473
1198.38	1470
1204.12	1659
1209.85	1438
1215.58	1417
1221.3	1464
1227.02	1593
1232.72	1627
1238.43	1464
1244.12	1436
1249.81	1613
1255.5	1678
1261.17	1754
1266.85	1626
1272.51	1816
1278.17	1978
1283.83	2341
1289.47	3685
1295.12	5029
1300.75	4560
1306.38	3411
1312.01	2578
1317.63	2176
1323.24	1954
1328.85	1896
1334.45	1777
1340.04	1707
1345.63	1722
1351.22	1591
1356.8	1717
1362.37	1880
1367.93	1830
1373.49	1851
1379.05	1801
1384.6	1771
1390.14	1754
1395.68	1671
1401.21	1781
1406.74	2029
1412.26	2491
1417.77	2973
1423.28	3112
1428.78	3376
1434.28	4365
1439.77	5175
1445.26	5168
1450.74	4550
1456.22	4115
1461.68	4203
1467.15	3670
1472.61	3111
1478.06	2593
1483.51	2161
1488.95	1735
1494.38	1771
1499.81	1600
1505.24	1560
1510.65	1461
1516.07	1619
1521.48	1404
1526.88	1360
1532.27	1405
1537.67	1404
1543.05	1330
1548.43	1341
1553.81	1277
1559.18	1367
1564.54	1317
1569.9	1130
1575.25	1209
1580.6	1285
1585.94	1221
1591.28	1362
1596.61	1165
1601.93	1224
1607.25	1170
1612.57	1206
1617.88	1060
1623.18	1181
1628.48	1207
1633.77	1047
1639.06	1088
1644.34	1208
1649.62	1227
1654.89	1049
1660.16	1160
1665.42	1015
1670.67	990
1675.92	1019
1681.17	1102
1686.41	990
1691.64	914
1696.87	1019
1702.1	989
1707.32	1001
1712.53	912
1717.74	907
1722.94	939
1728.14	980
1733.33	981
1738.52	974
1743.7	907
1748.88	939
1754.05	898
1759.22	916
1764.38	1011
1769.53	849
1774.69	890
1779.83	750
1784.97	850
1790.11	820
1795.24	867
1800.36	1026
1805.48	988
1810.6	869
1815.71	888
1820.82	828
1825.92	867
1831.01	759
1836.1	841
1841.19	931
1846.26	909
1851.34	802
1856.41	901
1861.47	817
1866.53	692
1871.59	870
1876.64	792
1881.68	807
1886.72	660
1891.76	764
1896.79	813
1901.81	804
1906.83	724
1911.85	743
1916.86	704
1921.86	749
1926.86	821
1931.86	745
1936.85	717
1941.83	738
1946.81	727
1951.79	593
1956.76	569
1961.72	695
1966.68	717
1971.64	655
1976.59	648
1981.54	615
1986.48	496
1991.42	520
1996.35	652
2001.27	570
2006.2	480
2011.11	496
2016.03	638
2020.93	596
2025.84	575
2030.73	608
2035.63	618
2040.52	556
2045.4	564
2050.28	586
2055.15	586
2060.02	639
2064.89	650
2069.75	549
2074.6	626
2079.46	574
2084.3	662
2089.14	460
2093.98	586
2098.81	613
2103.64	502
2108.46	458
2113.28	603
2118.09	616
2122.9	544
2127.7	506
2132.5	608
2137.3	609
2142.09	486
2146.87	507
2151.66	551
2156.43	592
2161.2	413
2165.97	467
2170.73	474
2175.49	450
2180.24	613
2184.99	566
2189.74	491
2194.48	475
2199.21	476
2203.94	628
2208.67	530
2213.39	403
2218.11	408
2222.82	416
2227.53	539
2232.23	504
2236.93	497
2241.63	495
2246.32	458
2251	466
2255.68	462
2260.36	411
2265.03	527
2269.7	447
2274.36	493
2279.02	465
2283.68	331
2288.33	570
2292.97	441
2297.61	444
2302.25	357
2306.88	435
2311.51	450
2316.14	476
2320.75	427
2325.37	382
2329.98	423
2334.59	393
2339.19	398
2343.79	402
2348.38	392
2352.97	445
2357.55	385
2362.13	430
2366.71	438
2371.28	337
2375.85	416
2380.41	371
2384.97	368
2389.52	496
2394.07	283
2398.62	470
2403.16	396
2407.7	378
2412.23	496
2416.76	381
2421.29	438
2425.81	368
2430.32	277
2434.84	278
2439.34	270
2443.85	437
2448.35	408
2452.84	334
2457.33	426
2461.82	319
2466.3	451
2470.78	249
2475.25	401
2479.72	377
2484.19	349
2488.65	393
2493.11	264
2497.56	349
2502.01	302
2506.46	398
2510.9	317
2515.34	422
2519.77	353
2524.2	380
2528.62	346
2533.04	408
2537.46	324
2541.87	243
2546.28	470
2550.68	286
2555.08	434
2559.48	260
2563.87	243
2568.26	232
2572.64	340
2577.02	419
2581.4	345
2585.77	289
2590.14	376
2594.5	371
2598.86	330
2603.22	296
2607.57	241
2611.92	304
2616.26	393
2620.6	335
2624.94	528
2629.27	453
2633.6	416
2637.92	433
2642.24	310
2646.56	512
2650.87	496
2655.18	499
2659.48	399
2663.78	517
2668.08	438
2672.37	480
2676.66	623
2680.95	500
2685.23	465
2689.5	470
2693.78	525
2698.05	495
2702.31	603
2706.57	696
2710.83	715
2715.08	781
2719.33	745
2723.58	728
2727.82	726
2732.06	687
2736.29	641
2740.53	668
2744.75	532
2748.97	510
2753.19	678
2757.41	590
2761.62	516
2765.83	542
2770.03	603
2774.23	609
2778.43	622
2782.62	579
2786.81	585
2791	755
2795.18	722
2799.35	775
2803.53	783
2807.7	758
2811.86	802
2816.03	802
2820.19	1014
2824.34	1117
2828.49	1184
2832.64	1371
2836.78	1903
2840.92	2440
2845.06	2996
2849.19	3354
2853.32	3635
2857.45	3603
2861.57	3529
2865.69	3312
2869.8	3274
2873.91	3405
2878.02	3943
2882.12	4193
2886.22	4224
2890.32	4151
2894.41	3858
2898.5	3484
2902.58	3051
2906.67	2827
2910.74	2470
2914.82	2370
2918.89	2118
2922.96	1983
2927.02	1884
2931.08	1740
2935.13	1630
2939.19	1440
2943.24	1328
2947.28	1120
2951.32	1039
2955.36	1047
2959.4	823
2963.43	751
2967.46	671
2971.48	571
2975.5	579
2979.52	547
2983.53	684
2987.54	350
2991.55	648
2995.55	499
2999.55	471
3003.54	461
3007.54	335
3011.53	418
3015.51	350
3019.49	229
3023.47	412
3027.45	307
3031.42	355
3035.39	317
3039.35	291
3043.31	211
3047.27	196
3051.22	250
3055.17	291
3059.12	243
3063.06	195
3067	262
3070.94	161
3074.87	257
3078.8	230
3082.73	223
3086.65	121
3090.57	311
3094.49	131
3098.4	105
3102.31	157
3106.22	159
3110.12	109
3114.02	131
3117.92	88
3121.81	38
3125.7	104
3129.58	127
3133.47	109
3137.34	187
3141.22	104
3145.09	153
3148.96	112
3152.83	265
3156.69	144
3160.55	73
3164.4	201
3168.26	29
3172.1	114
3175.95	165
3179.79	287
3183.63	60
3187.47	182
3191.3	32
3195.13	129
3198.95	45
3202.78	55
3206.6	81
3210.41	114
3214.23	80
3218.03	211
3221.84	4
3225.64	204
3229.44	-25
3233.24	128
3237.03	112
3240.82	158
3244.61	305
3248.39	98
3252.17	115
3255.95	28
3259.72	109
3263.49	290
3267.26	46
3271.03	101
3274.79	187
3278.54	91
3282.3	68
3286.05	191
3289.8	120
3293.54	102
3297.29	-40
3301.02	179
3304.76	172
3308.49	145
3312.22	101
3315.95	82
3319.67	188
3323.39	35
3327.1	96
3330.82	31
3334.53	171
3338.24	62
3341.94	55
3345.64	103
3349.34	165
3353.03	87
3356.72	161
3360.41	61
3364.1	145
3367.78	74
3371.46	191
3375.13	61
3378.81	127
3382.48	153
3386.14	36
3389.81	154
3393.47	55
3397.12	159
3400.78	91
3404.43	134
3408.08	106
3411.72	50
3415.36	91
3419	174
3422.64	68
3426.27	91
3429.9	186
3433.53	35
3437.15	121
3440.77	68
3444.39	57
3448	241
3451.62	153
3455.22	171
3458.83	-45
3462.43	5
3466.03	157
3469.63	132
3473.22	56
3476.81	141
3480.4	66
3483.99	125
3487.57	38
3491.15	66
3494.72	30
3498.29	161
3501.86	11
3505.43	121
3508.99	120
3512.56	16
3516.11	43
3519.67	72
3523.22	116
3526.77	112
3530.32	23
3533.86	4
3537.4	106
3540.94	113
3544.47	-15
3548	128
3551.53	29
3555.06	132
3558.58	66
3562.1	-88
3565.62	102
3569.13	140
3572.64	-70
3576.15	92
3579.66	82
3583.16	-22
3586.66	-22
3590.16	100
3593.65	126
3597.14	66
3600.63	77
3604.11	-40
3607.6	123
3611.08	85
3614.55	146
3618.03	-52
3621.5	-38
3624.97	-24
3628.43	-6
3631.9	17
3635.36	108
3638.81	98
3642.27	79
3645.72	-36
3649.17	179
3652.61	-29
3656.06	-39
3659.5	29
3662.93	17
3666.37	148
3669.8	115
3673.23	118
3676.65	44
3680.08	61
3683.5	39
3686.92	80
3690.33	50
3693.74	174
3697.15	28
3700.56	14
3703.96	33
3707.36	64
3710.76	17
3714.16	63
3717.55	97
3720.94	-15
3724.33	39
3727.71	-15
3731.1	13
3734.48	96
3737.85	70
3741.23	-6
3744.6	-19
3747.97	-5
3751.33	-4
3754.69	-79
3758.05	16
3761.41	15
3764.77	4
3768.12	58
3771.47	-119
3774.82	130
3778.16	-2
3781.5	0
3784.84	-4
3788.18	2
