-37534.58	1
-37414.56	6
-37295.11	-3
-37176.24	3
-37057.95	16
-36940.22	24
-36823.05	36
-36706.45	-103
-36590.4	73
-36474.9	-67
-36359.95	86
-36245.55	43
-36131.68	-11
-36018.35	107
-35905.55	170
-35793.29	85
-35681.54	-22
-35570.32	37
-35459.62	48
-35349.43	3
-35239.75	-15
-35130.58	44
-35021.91	15
-34913.74	-58
-34806.07	19
-34698.89	44
-34592.2	-44
-34486	43
-34380.28	62
-34275.04	-100
-34170.27	-41
-34065.98	-53
-33962.16	102
-33858.81	16
-33755.92	81
-33653.49	62
-33551.52	87
-33450.01	65
-33348.94	-4
-33248.33	11
-33148.16	29
-33048.43	-108
-32949.14	93
-32850.29	105
-32751.87	33
-32653.89	-1
-32556.33	-114
-32459.2	-56
-32362.49	24
-32266.19	11
-32170.32	35
-32074.86	17
-31979.82	-100
-31885.18	61
-31790.95	5
-31697.12	36
-31603.69	26
-31510.67	-12
-31418.04	44
-31325.8	80
-31233.95	-14
-31142.49	117
-31051.42	-70
-30960.73	151
-30870.43	15
-30780.5	23
-30690.95	85
-30601.77	221
-30512.97	-6
-30424.53	61
-30336.46	0
-30248.76	-30
-30161.42	-6
-30074.44	79
-29987.81	38
-29901.55	6
-29815.63	8
-29730.07	105
-29644.86	49
-29560	-96
-29475.48	84
-29391.3	95
-29307.47	-89
-29223.97	89
-29140.81	-17
-29057.99	14
-28975.5	0
-28893.34	17
-28811.51	3
-28730	41
-28648.82	76
-28567.97	-37
-28487.43	54
-28407.21	-16
-28327.32	65
-28247.73	-29
-28168.46	27
-28089.5	-45
-28010.85	25
-27932.51	-31
-27854.48	28
-27776.75	73
-27699.32	51
-27622.19	41
-27545.37	9
-27468.84	223
-27392.6	14
-27316.66	63
-27241.01	82
-27165.66	-106
-27090.59	90
-27015.81	65
-26941.31	0
-26867.1	134
-26793.17	193
-26719.52	-19
-26646.15	116
-26573.06	54
-26500.24	100
-26427.7	-18
-26355.43	66
-26283.43	-28
-26211.71	115
-26140.25	121
-26069.06	34
-25998.13	104
-25927.46	93
-25857.06	-22
-25786.92	0
-25717.04	87
-25647.42	11
-25578.05	-42
-25508.94	-39
-25440.09	77
-25371.48	26
-25303.13	135
-25235.02	42
-25167.17	94
-25099.56	48
-25032.19	109
-24965.07	84
-24898.2	-8
-24831.56	74
-24765.17	-93
-24699.01	53
-24633.1	8
-24567.41	46
-24501.97	34
-24436.75	7
-24371.77	-22
-24307.03	-25
-24242.51	1
-24178.22	4
-24114.16	94
-24050.32	32
-23986.71	203
-23923.32	25
-23860.16	74
-23797.22	-23
-23734.5	-21
-23672	14
-23609.71	-8
-23547.65	51
-23485.8	-7
-23424.16	55
-23362.74	23
-23301.53	-20
-23240.54	-45
-23179.75	-19
-23119.17	-17
-23058.8	121
-22998.64	69
-22938.68	57
-22878.93	24
-22819.39	10
-22760.04	-21
-22700.9	68
-22641.96	-82
-22583.22	58
-22524.68	15
-22466.33	24
-22408.19	4
-22350.23	62
-22292.48	-41
-22234.92	48
-22177.55	-73
-22120.37	-74
-22063.38	32
-22006.58	55
-21949.98	14
-21893.56	-41
-21837.33	-68
-21781.28	83
-21725.42	58
-21669.74	-4
-21614.25	67
-21558.94	32
-21503.81	-99
-21448.86	-19
-21394.1	116
-21339.51	-8
-21285.1	23
-21230.86	105
-21176.81	32
-21122.93	81
-21069.22	-11
-21015.69	51
-20962.33	-53
-20909.14	77
-20856.13	-36
-20803.28	14
-20750.61	73
-20698.1	67
-20645.76	-65
-20593.59	-34
-20541.59	-16
-20489.75	-50
-20438.07	147
-20386.56	128
-20335.22	38
-20284.03	20
-20233.01	59
-20182.15	107
-20131.45	85
-20080.91	51
-20030.52	26
-19980.3	36
-19930.23	-50
-19880.32	-57
-19830.56	43
-19780.96	-21
-19731.52	112
-19682.23	123
-19633.09	26
-19584.1	128
-19535.26	43
-19486.58	33
-19438.04	-12
-19389.66	59
-19341.42	29
-19293.33	53
-19245.39	-16
-19197.6	70
-19149.95	184
-19102.45	-10
-19055.09	10
-19007.87	-38
-18960.8	39
-18913.87	54
-18867.09	-22
-18820.44	61
-18773.94	176
-18727.57	-59
-18681.35	197
-18635.26	-11
-18589.31	73
-18543.5	7
-18497.83	109
-18452.29	-14
-18406.89	9
-18361.63	26
-18316.5	1
-18271.5	199
-18226.63	59
-18181.9	20
-18137.3	52
-18092.84	96
-18048.5	49
-18004.29	-56
-17960.22	86
-17916.27	-25
-17872.45	-34
-17828.76	-2
-17785.2	81
-17741.77	-73
-17698.46	55
-17655.28	167
-17612.22	-11
-17569.29	26
-17526.48	25
-17483.79	110
-17441.23	106
-17398.79	21
-17356.48	59
-17314.28	3
-17272.21	-81
-17230.26	21
-17188.42	-14
-17146.71	94
-17105.12	20
-17063.64	72
-17022.28	15
-16981.04	-21
-16939.92	-32
-16898.91	2
-16858.02	-6
-16817.25	86
-16776.59	73
-16736.04	10
-16695.61	24
-16655.29	62
-16615.09	42
-16574.99	89
-16535.01	54
-16495.15	0
-16455.39	-19
-16415.74	76
-16376.21	78
-16336.78	76
-16297.46	-66
-16258.26	-44
-16219.16	83
-16180.17	39
-16141.28	2
-16102.51	91
-16063.84	24
-16025.27	-28
-15986.82	25
-15948.46	-48
-15910.22	99
-15872.07	-113
-15834.04	56
-15796.1	58
-15758.27	-4
-15720.54	132
-15682.91	75
-15645.39	62
-15607.97	107
-15570.64	32
-15533.42	48
-15496.3	181
-15459.28	80
-15422.36	44
-15385.54	63
-15348.82	74
-15312.19	126
-15275.66	116
-15239.23	122
-15202.9	68
-15166.67	143
-15130.53	112
-15094.48	17
-15058.54	6
-15022.68	55
-14986.93	-67
-14951.26	-76
-14915.69	48
-14880.22	94
-14844.84	30
-14809.55	-124
-14774.35	-67
-14739.25	12
-14704.24	-1
-14669.32	-16
-14634.49	101
-14599.75	52
-14565.1	23
-14530.55	51
-14496.08	15
-14461.7	68
-14427.41	-41
-14393.21	-26
-14359.1	143
-14325.07	44
-14291.14	-81
-14257.29	51
-14223.52	-33
-14189.85	25
-14156.26	-64
-14122.76	90
-14089.34	48
-14056.01	66
-14022.76	-5
-13989.6	-37
-13956.52	-94
-13923.53	-42
-13890.62	22
-13857.79	3
-13825.05	-3
-13792.39	80
-13759.81	80
-13727.31	69
-13694.9	118
-13662.57	88
-13630.31	4
-13598.14	56
-13566.05	45
-13534.05	-3
-13502.12	11
-13470.27	100
-13438.5	118
-13406.8	27
-13375.19	55
-13343.66	-46
-13312.2	139
-13280.83	82
-13249.53	86
-13218.3	63
-13187.16	68
-13156.09	34
-13125.1	-27
-13094.18	89
-13063.34	-10
-13032.58	27
-13001.89	102
-12971.28	13
-12940.74	200
-12910.27	-11
-12879.88	82
-12849.57	-83
-12819.33	88
-12789.16	45
-12759.06	-80
-12729.04	162
-12699.09	1195
-12669.21	25
-12639.41	146
-12609.68	186
-12580.02	0
-12550.43	-51
-12520.91	62
-12491.46	31
-12462.08	107
-12432.77	40
-12403.54	-13
-12374.37	52
-12345.27	41
-12316.24	61
-12287.29	32
-12258.4	72
-12229.57	99
-12200.82	-8
-12172.14	-6
-12143.52	17
-12114.97	23
-12086.49	58
-12058.07	-22
-12029.73	184
-12001.44	-70
-11973.23	13
-11945.08	71
-11917	83
-11888.98	87
-11861.03	28
-11833.15	54
-11805.32	30
-11777.57	-98
-11749.88	10
-11722.25	33
-11694.69	-49
-11667.19	4
-11639.75	71
-11612.38	106
-11585.07	47
-11557.83	157
-11530.65	0
-11503.53	-27
-11476.47	49
-11449.48	35
-11422.54	88
-11395.67	97
-11368.86	38
-11342.11	-55
-11315.43	15
-11288.8	-31
-11262.23	-63
-11235.73	128
-11209.28	8
-11182.9	153
-11156.57	12
-11130.31	159
-11104.1	142
-11077.96	-67
-11051.87	12
-11025.84	76
-10999.87	79
-10973.96	74
-10948.11	-78
-10922.31	6
-10896.58	60
-10870.9	42
-10845.28	22
-10819.71	32
-10794.2	45
-10768.75	122
-10743.36	68
-10718.02	67
-10692.74	-10
-10667.52	2
-10642.35	69
-10617.24	42
-10592.18	-45
-10567.18	104
-10542.23	9
-10517.34	50
-10492.51	-30
-10467.72	24
-10443	-44
-10418.32	-134
-10393.7	-107
-10369.14	-85
-10344.63	-34
-10320.17	-49
-10295.77	69
-10271.42	-8
-10247.12	-86
-10222.88	56
-10198.68	-3
-10174.54	-50
-10150.46	-61
-10126.42	-78
-10102.44	-116
-10078.51	-11
-10054.63	-7
-10030.8	-59
-10007.03	26
-9983.3	-82
-9959.63	-85
-9936.01	-57
-9912.44	-142
-9888.92	-239
-9865.44	-160
-9842.02	-176
-9818.65	-53
-9795.33	-191
-9772.06	-186
-9748.84	-276
-9725.67	-218
-9702.55	-98
-9679.47	-246
-9656.45	-306
-9633.47	-151
-9610.55	-341
-9587.67	-359
-9564.84	-409
-9542.06	-509
-9519.32	-378
-9496.64	-492
-9474	-618
-9451.41	-568
-9428.87	-652
-9406.37	-501
-9383.92	-574
-9361.52	-482
-9339.17	-737
-9316.86	-773
-9294.6	-954
-9272.38	-923
-9250.21	-875
-9228.09	-828
-9206.01	-826
-9183.98	-768
-9162	-804
-9140.06	-844
-9118.16	-912
-9096.31	-787
-9074.51	-840
-9052.75	-834
-9031.04	-836
-9009.37	-611
-8987.74	-514
-8966.16	-618
-8944.63	-467
-8923.14	-435
-8901.69	-434
-8880.29	-664
-8858.93	-575
-8837.61	-622
-8816.34	-671
-8795.11	-688
-8773.92	-451
-8752.78	-426
-8731.68	-463
-8710.62	-469
-8689.61	-721
-8668.63	-713
-8647.7	-616
-8626.82	-638
-8605.97	-545
-8585.17	-521
-8564.41	-660
-8543.69	-537
-8523.01	-387
-8502.37	-494
-8481.78	-598
-8461.23	-658
-8440.71	-635
-8420.24	-645
-8399.81	-493
-8379.42	-651
-8359.08	-405
-8338.77	-416
-8318.5	-481
-8298.27	-396
-8278.09	-423
-8257.94	-477
-8237.83	-543
-8217.76	-553
-8197.74	-568
-8177.75	-513
-8157.8	-501
-8137.89	-353
-8118.02	-288
-8098.19	-503
-8078.4	-556
-8058.65	-495
-8038.93	-482
-8019.26	-426
-7999.62	-353
-7980.02	-248
-7960.46	-524
-7940.94	-371
-7921.46	-430
-7902.01	-346
-7882.6	-326
-7863.23	-363
-7843.9	-484
-7824.61	-511
-7805.35	-433
-7786.13	-479
-7766.95	-573
-7747.8	-367
-7728.69	-382
-7709.62	-427
-7690.59	-408
-7671.59	-572
-7652.63	-435
-7633.7	-439
-7614.81	-495
-7595.96	-527
-7577.15	-414
-7558.37	-350
-7539.62	-332
-7520.91	-345
-7502.24	-424
-7483.6	-435
-7465	-475
-7446.44	-318
-7427.91	-414
-7409.41	-243
-7390.95	-199
-7372.53	-287
-7354.14	-410
-7335.78	-232
-7317.46	-218
-7299.18	-406
-7280.92	-310
-7262.71	-403
-7244.52	-306
-7226.38	-476
-7208.26	-243
-7190.18	-397
-7172.14	-374
-7154.12	-544
-7136.15	-371
-7118.2	-484
-7100.29	-493
-7082.41	-525
-7064.57	-500
-7046.76	-453
-7028.98	-310
-7011.24	-307
-6993.53	-162
-6975.85	-243
-6958.2	-157
-6940.59	-301
-6923.01	-226
-6905.46	-215
-6887.94	-304
-6870.46	-320
-6853.01	-428
-6835.59	-457
-6818.21	-320
-6800.85	-385
-6783.53	-179
-6766.24	-274
-6748.98	-225
-6731.76	-263
-6714.56	-229
-6697.4	-144
-6680.26	-52
-6663.16	-323
-6646.09	-315
-6629.05	-497
-6612.05	-365
-6595.07	-341
-6578.13	-337
-6561.21	-338
-6544.33	-252
-6527.47	-246
-6510.65	-268
-6493.86	-189
-6477.1	-15
-6460.36	-139
-6443.66	-103
-6426.99	-155
-6410.35	-124
-6393.74	-197
-6377.16	-247
-6360.61	-333
-6344.09	-192
-6327.59	-319
-6311.13	-217
-6294.7	-240
-6278.29	-325
-6261.92	-303
-6245.58	-413
-6229.26	-283
-6212.97	-237
-6196.72	-96
-6180.49	-188
-6164.29	-149
-6148.12	-83
-6131.98	-38
-6115.86	-52
-6099.78	-85
-6083.72	-98
-6067.69	-167
-6051.69	-41
-6035.72	-144
-6019.78	-121
-6003.87	-155
-5987.98	-178
-5972.12	-293
-5956.29	-190
-5940.49	-244
-5924.71	-207
-5908.96	-134
-5893.24	-1
-5877.55	-77
-5861.89	-133
-5846.25	-122
-5830.64	-163
-5815.05	-130
-5799.5	-194
-5783.97	-101
-5768.47	-73
-5752.99	-265
-5737.55	-248
-5722.12	-272
-5706.73	-260
-5691.36	-363
-5676.02	-70
-5660.71	-57
-5645.42	-224
-5630.16	-5
-5614.92	-179
-5599.71	-47
-5584.53	-200
-5569.37	-192
-5554.24	-1164
-5539.14	-124
-5524.06	-170
-5509.01	-67
-5493.98	-74
-5478.98	-173
-5464	-140
-5449.05	-271
-5434.13	-75
-5419.23	-14
-5404.36	-130
-5389.51	-81
-5374.69	-108
-5359.89	-230
-5345.12	-239
-5330.37	-167
-5315.65	-226
-5300.95	-84
-5286.28	-96
-5271.63	-85
-5257.01	-200
-5242.41	-139
-5227.84	-102
-5213.29	94
-5198.76	103
-5184.26	17
-5169.79	-185
-5155.33	9
-5140.91	-249
-5126.51	-211
-5112.13	-88
-5097.77	-61
-5083.44	-9
-5069.13	-76
-5054.85	-13
-5040.59	-154
-5026.36	-178
-5012.15	-151
-4997.96	-119
-4983.8	-114
-4969.66	-208
-4955.54	-92
-4941.44	-65
-4927.37	-222
-4913.33	-288
-4899.3	-282
-4885.3	-221
-4871.33	-163
-4857.37	-267
-4843.44	-80
-4829.53	-83
-4815.65	-169
-4801.79	-75
-4787.95	-199
-4774.13	-93
-4760.34	-57
-4746.56	-4
-4732.82	-65
-4719.09	-186
-4705.38	-191
-4691.7	-309
-4678.04	-200
-4664.41	-235
-4650.79	-17
-4637.2	77
-4623.63	-185
-4610.08	-29
-4596.56	-86
-4583.05	-36
-4569.57	-112
-4556.11	-185
-4542.67	-142
-4529.25	-74
-4515.86	-108
-4502.49	-150
-4489.13	-336
-4475.8	-109
-4462.49	-69
-4449.21	-112
-4435.94	-99
-4422.7	-8
-4409.47	-112
-4396.27	-173
-4383.09	-57
-4369.93	28
-4356.79	-45
-4343.67	5
-4330.58	-75
-4317.5	-98
-4304.45	-69
-4291.41	-105
-4278.4	-41
-4265.41	51
-4252.44	-94
-4239.49	-68
-4226.55	-162
-4213.65	89
-4200.76	-36
-4187.89	55
-4175.04	-9
-4162.21	-21
-4149.4	31
-4136.61	37
-4123.85	88
-4111.1	2
-4098.37	139
-4085.66	42
-4072.98	1
-4060.31	68
-4047.66	73
-4035.04	35
-4022.43	-17
-4009.84	41
-3997.27	22
-3984.72	81
-3972.19	210
-3959.69	16
-3947.2	33
-3934.73	8
-3922.27	25
-3909.84	-31
-3897.43	96
-3885.04	121
-3872.67	21
-3860.31	43
-3847.98	-99
-3835.66	133
-3823.36	130
-3811.09	15
-3798.83	-19
-3786.59	-41
-3774.37	163
-3762.17	-24
-3749.98	149
-3737.82	10
-3725.67	63
-3713.55	-38
-3701.44	69
-3689.35	-6
-3677.28	131
-3665.22	-7
-3653.19	-48
-3641.17	50
-3629.18	106
-3617.2	34
-3605.24	88
-3593.3	37
-3581.37	-37
-3569.47	-137
-3557.58	63
-3545.71	102
-3533.86	-36
-3522.02	130
-3510.21	66
-3498.41	-23
-3486.63	5
-3474.87	66
-3463.12	41
-3451.4	65
-3439.69	25
-3428	79
-3416.33	71
-3404.67	20
-3393.03	-28
-3381.41	85
-3369.81	-2
-3358.22	-5
-3346.66	27
-3335.1	-53
-3323.57	44
-3312.06	45
-3300.56	41
-3289.08	-14
-3277.61	28
-3266.16	81
-3254.73	61
-3243.32	143
-3231.92	-70
-3220.55	-11
-3209.18	-20
-3197.84	122
-3186.51	35
-3175.2	82
-3163.9	13
-3152.63	172
-3141.36	24
-3130.12	53
-3118.89	-18
-3107.68	-68
-3096.49	-17
-3085.31	50
-3074.15	-15
-3063	19
-3051.87	132
-3040.76	78
-3029.67	-41
-3018.59	52
-3007.52	97
-2996.48	101
-2985.44	55
-2974.43	50
-2963.43	96
-2952.45	108
-2941.48	33
-2930.53	99
-2919.6	106
-2908.68	-131
-2897.78	10
-2886.89	54
-2876.02	29
-2865.17	13
-2854.33	-3
-2843.5	10
-2832.7	78
-2821.9	155
-2811.13	97
-2800.37	28
-2789.62	184
-2778.89	52
-2768.18	-31
-2757.48	5
-2746.8	74
-2736.13	-52
-2725.48	94
-2714.84	160
-2704.22	-52
-2693.61	79
-2683.02	76
-2672.45	41
-2661.89	3
-2651.34	10
-2640.81	-29
-2630.3	-106
-2619.8	54
-2609.31	-27
-2598.84	100
-2588.39	-44
-2577.95	-37
-2567.52	-21
-2557.11	20
-2546.71	-61
-2536.33	42
-2525.97	139
-2515.62	11
-2505.28	129
-2494.96	-6
-2484.65	35
-2474.36	-93
-2464.08	51
-2453.82	90
-2443.57	124
-2433.33	7
-2423.11	54
-2412.91	36
-2402.72	46
-2392.54	-3
-2382.38	9
-2372.23	-78
-2362.09	-3975
-2351.97	43
-2341.87	-23
-2331.78	-85
-2321.7	57
-2311.64	-37
-2301.59	19
-2291.55	87
-2281.53	126
-2271.53	55
-2261.53	60
-2251.55	55
-2241.59	-37
-2231.64	113
-2221.7	-36
-2211.78	126
-2201.87	-19
-2191.97	50
-2182.09	-5
-2172.22	-79
-2162.37	98
-2152.53	194
-2142.7	-49
-2132.89	245
-2123.09	134
-2113.3	14
-2103.53	-16
-2093.77	28
-2084.02	2
-2074.29	32
-2064.57	47
-2054.86	173
-2045.17	148
-2035.49	-13
-2025.82	143
-2016.17	5
-2006.53	-51
-1996.91	-40
-1987.29	129
-1977.69	47
-1968.11	53
-1958.53	77
-1948.97	-59
-1939.42	16
-1929.89	4
-1920.37	28
-1910.86	7
-1901.36	126
-1891.88	145
-1882.41	50
-1872.95	74
-1863.51	-20
-1854.08	136
-1844.66	100
-1835.26	58
-1825.86	-36
-1816.48	53
-1807.11	60
-1797.76	-11
-1788.42	-10
-1779.09	58
-1769.77	61
-1760.47	14
-1751.17	137
-1741.89	128
-1732.63	-3
-1723.37	131
-1714.13	56
-1704.9	125
-1695.68	-135
-1686.48	56
-1677.29	-27
-1668.11	-12
-1658.94	185
-1649.78	40
-1640.64	98
-1631.51	52
-1622.39	-56
-1613.28	15
-1604.19	38
-1595.1	-47
-1586.03	86
-1576.97	59
-1567.93	-28
-1558.89	-33
-1549.87	17
-1540.86	88
-1531.86	-40
-1522.87	83
-1513.9	71
-1504.93	66
-1495.98	26
-1487.04	154
-1478.12	18
-1469.2	56
-1460.3	14
-1451.4	27
-1442.52	82
-1433.65	-65
-1424.8	77
-1415.95	-18
-1407.12	9
-1398.3	83
-1389.48	65
-1380.69	-12
-1371.9	22
-1363.12	9
-1354.36	15
-1345.6	80
-1336.86	134
-1328.13	102
-1319.41	-55
-1310.7	20
-1302.01	24
-1293.32	78
-1284.65	90
-1275.99	43
-1267.33	60
-1258.69	88
-1250.06	-58
-1241.45	45
-1232.84	110
-1224.25	-8
-1215.66	-33
-1207.09	83
-1198.53	-10
-1189.97	114
-1181.43	-43
-1172.91	168
-1164.39	-18
-1155.88	7
-1147.38	52
-1138.9	-49
-1130.43	222
-1121.96	38
-1113.51	99
-1105.07	53
-1096.64	-2
-1088.22	165
-1079.81	83
-1071.41	27
-1063.02	136
-1054.65	185
-1046.28	233
-1037.92	-23
-1029.58	86
-1021.24	90
-1012.92	121
-1004.61	161
-996.3	6
-988.01	-60
-979.73	52
-971.46	44
-963.2	49
-954.95	0
-946.71	-10
-938.48	-7
-930.26	16
-922.06	9
-913.86	154
-905.67	120
-897.49	107
-889.33	54
-881.17	-13
-873.02	-60
-864.89	105
-856.76	42
-848.65	60
-840.54	90
-832.45	-80
-824.36	86
-816.29	103
-808.22	50
-800.17	96
-792.12	-29
-784.09	28
-776.06	69
-768.05	137
-760.04	-68
-752.05	2
-744.07	-32
-736.09	114
-728.13	-45
-720.17	20
-712.23	-7
-704.29	84
-696.37	53
-688.45	43
-680.55	-39
-672.65	27
-664.77	-17
-656.89	33
-649.03	29
-641.17	24
-633.32	46
-625.49	24
-617.66	0
-609.84	112
-602.03	-11
-594.23	70
-586.45	66
-578.67	-29
-570.9	-47
-563.14	-28
-555.39	22
-547.65	147
-539.91	92
-532.19	54
-524.48	124
-516.78	30
-509.08	63
-501.4	85
-493.72	10
-486.06	7
-478.4	197
-470.76	-50
-463.12	75
-455.49	98
-447.87	-22
-440.26	59
-432.66	54
-425.07	21
-417.49	67
-409.92	-53
-402.35	91
-394.8	170
-387.25	27
-379.72	119
-372.19	-33
-364.67	57
-357.17	71
-349.67	84
-342.18	160
-334.69	15
-327.22	130
-319.76	52
-312.3	83
-304.86	-8
-297.42	16
-290	133
-282.58	-29
-275.17	86
-267.77	96
-260.37	45
-252.99	46
-245.62	96
-238.25	150
-230.9	55
-223.55	139
-216.21	154
-208.88	222
-201.56	231
-194.25	197
-186.94	298
-179.65	276
-172.36	282
-165.08	332
-157.81	422
-150.55	241
-143.3	417
-136.06	450
-128.82	416
-121.6	562
-114.38	599
-107.17	727
-99.97	826
-92.78	883
-85.6	1003
-78.42	1268
-71.25	1314
-64.1	1523
-56.95	1764
-49.81	2257
-42.67	2837
-35.55	3338
-28.43	4410
-21.33	7286
-14.23	23553
-7.14	54962
-0.05	54569
7.02	54299
14.09	54597
21.14	22713
28.19	9272
35.23	5802
42.27	4412
49.29	3486
56.31	3029
63.32	2441
70.32	1974
77.31	1727
84.29	1530
91.27	1210
98.23	1169
105.19	1071
112.14	1369
119.09	1989
126.02	3171
132.95	3804
139.87	4018
146.78	3978
153.68	3694
160.58	3600
167.46	3501
174.34	3519
181.21	3298
188.08	3515
194.93	3465
201.78	3531
208.62	3357
215.45	3392
222.27	3487
229.09	3348
235.9	3314
242.7	3317
249.49	3263
256.27	3018
263.05	3126
269.82	3048
276.58	2937
283.33	2908
290.08	2844
296.82	2885
303.55	2771
310.27	2788
316.98	2854
323.69	2750
330.39	2750
337.08	2652
343.76	2837
350.44	2672
357.11	2672
363.77	2720
370.42	2696
377.07	2578
383.71	2627
390.34	2695
396.96	2645
403.58	2645
410.19	2803
416.79	2825
423.38	2918
429.97	2807
436.55	3084
443.12	2891
449.68	2924
456.24	2911
462.79	2734
469.33	2677
475.86	2475
482.39	2394
488.91	2375
495.42	2407
501.93	2259
508.42	2212
514.91	2220
521.4	2176
527.87	2174
534.34	2220
540.8	2090
547.25	2294
553.7	2134
560.14	2143
566.57	2187
573	2179
579.41	2197
585.83	2245
592.23	2169
598.62	2369
605.01	2405
611.4	2455
617.77	2281
624.14	2355
630.5	2266
636.85	2117
643.2	2068
649.54	1948
655.87	1997
662.2	1845
668.52	1715
674.83	1700
681.13	1859
687.43	1849
693.72	1801
700	1807
706.28	1759
712.55	1922
718.81	1775
725.07	1806
731.32	1739
737.56	1768
743.79	1812
750.02	1864
756.24	1793
762.46	1676
768.67	1749
774.87	1786
781.06	1772
787.25	1679
793.43	1754
799.6	1813
805.77	1736
811.93	1824
818.08	1603
824.23	1826
830.37	1732
836.5	1661
842.63	1623
848.75	1680
854.87	1821
860.97	1870
867.07	1754
873.17	1940
879.25	1718
885.33	1809
891.41	1759
897.47	1751
903.53	1676
909.59	1586
915.63	1684
921.67	1737
927.71	1684
933.74	1644
939.76	1564
945.77	1642
951.78	1604
957.78	1523
963.78	1621
969.77	1501
975.75	1555
981.72	1582
987.69	1458
993.66	1763
999.61	1452
1005.56	1601
1011.51	1721
1017.44	1660
1023.37	1776
1029.3	1731
1035.22	1803
1041.13	1891
1047.03	1936
1052.93	2433
1058.83	3714
1064.71	4329
1070.59	3514
1076.47	2608
1082.33	2372
1088.2	2248
1094.05	2115
1099.9	1998
1105.74	1992
1111.58	1913
1117.41	2131
1123.23	3033
1129.05	3991
1134.86	3519
1140.67	2575
1146.47	1921
1152.26	1769
1158.05	1757
1163.83	1843
1169.6	2018
1175.37	1889
1181.13	1551
1186.89	1551
1192.64	1619
1198.38	1322
1204.12	1581
1209.85	1487
1215.58	1415
1221.3	1413
1227.02	1447
1232.72	1553
1238.43	1459
1244.12	1407
1249.81	1494
1255.5	1627
1261.17	1699
1266.85	1681
1272.51	1837
1278.17	1954
1283.83	2232
1289.47	3708
1295.12	5154
1300.75	4647
1306.38	3411
1312.01	2646
1317.63	2102
1323.24	1999
1328.85	1882
1334.45	1607
1340.04	1700
1345.63	1662
1351.22	1603
1356.8	1650
1362.37	1620
1367.93	1789
1373.49	1758
1379.05	1754
1384.6	1629
1390.14	1767
1395.68	1715
1401.21	1731
1406.74	1953
1412.26	2445
1417.77	2973
1423.28	3080
1428.78	3356
1434.28	4372
1439.77	5219
1445.26	5147
1450.74	4540
1456.22	4138
1461.68	4254
1467.15	3674
1472.61	3162
1478.06	2482
1483.51	2170
1488.95	1852
1494.38	1675
1499.81	1562
1505.24	1486
1510.65	1372
1516.07	1400
1521.48	1422
1526.88	1225
1532.27	1373
1537.67	1366
1543.05	1306
1548.43	1320
1553.81	1261
1559.18	1296
1564.54	1297
1569.9	1243
1575.25	1237
1580.6	1164
1585.94	1100
1591.28	1355
1596.61	1263
1601.93	1140
1607.25	1140
1612.57	1249
1617.88	1133
1623.18	1127
1628.48	1151
1633.77	1134
1639.06	1025
1644.34	983
1649.62	1195
1654.89	1098
1660.16	1040
1665.42	1023
1670.67	1073
1675.92	1025
1681.17	1149
1686.41	1027
1691.64	940
1696.87	957
1702.1	1051
1707.32	1003
1712.53	866
1717.74	823
1722.94	943
1728.14	874
1733.33	1011
1738.52	849
1743.7	858
1748.88	919
1754.05	937
1759.22	962
1764.38	906
1769.53	747
1774.69	800
1779.83	802
1784.97	844
1790.11	827
1795.24	811
1800.36	936
1805.48	926
1810.6	837
1815.71	655
1820.82	808
1825.92	791
1831.01	702
1836.1	832
1841.19	859
1846.26	854
1851.34	680
1856.41	709
1861.47	767
1866.53	756
1871.59	763
1876.64	737
1881.68	628
1886.72	777
1891.76	769
1896.79	692
1901.81	749
1906.83	649
1911.85	748
1916.86	696
1921.86	627
1926.86	825
1931.86	746
1936.85	524
1941.83	696
1946.81	678
1951.79	545
1956.76	583
1961.72	682
1966.68	669
1971.64	641
1976.59	512
1981.54	538
1986.48	482
1991.42	491
1996.35	623
2001.27	600
2006.2	531
2011.11	551
2016.03	586
2020.93	591
2025.84	584
2030.73	611
2035.63	511
2040.52	557
2045.4	531
2050.28	514
2055.15	580
2060.02	546
2064.89	574
2069.75	519
2074.6	505
2079.46	523
2084.3	590
2089.14	483
2093.98	503
2098.81	502
2103.64	396
2108.46	525
2113.28	425
2118.09	588
2122.9	567
2127.7	484
2132.5	551
2137.3	502
2142.09	493
2146.87	426
2151.66	599
2156.43	574
2161.2	457
2165.97	529
2170.73	510
2175.49	434
2180.24	620
2184.99	488
2189.74	618
2194.48	497
2199.21	490
2203.94	578
2208.67	551
2213.39	408
2218.11	420
2222.82	472
2227.53	483
2232.23	575
2236.93	429
2241.63	609
2246.32	432
2251	417
2255.68	423
2260.36	482
2265.03	568
2269.7	371
2274.36	527
2279.02	393
2283.68	313
2288.33	411
2292.97	483
2297.61	380
2302.25	377
2306.88	369
2311.51	309
2316.14	383
2320.75	459
2325.37	471
2329.98	358
2334.59	368
2339.19	373
2343.79	483
2348.38	446
2352.97	529
2357.55	353
2362.13	377
2366.71	355
2371.28	252
2375.85	361
2380.41	305
2384.97	386
2389.52	436
2394.07	285
2398.62	424
2403.16	474
2407.7	425
2412.23	436
2416.76	417
2421.29	405
2425.81	343
2430.32	286
2434.84	264
2439.34	326
2443.85	356
2448.35	256
2452.84	303
2457.33	401
2461.82	249
2466.3	470
2470.78	306
2475.25	332
2479.72	366
2484.19	333
2488.65	263
2493.11	405
2497.56	263
2502.01	269
2506.46	284
2510.9	335
2515.34	359
2519.77	427
2524.2	371
2528.62	287
2533.04	311
2537.46	299
2541.87	285
2546.28	329
2550.68	224
2555.08	350
2559.48	353
2563.87	222
2568.26	299
2572.64	322
2577.02	357
2581.4	372
2585.77	293
2590.14	440
2594.5	381
2598.86	275
2603.22	303
2607.57	370
2611.92	326
2616.26	431
2620.6	345
2624.94	427
2629.27	457
2633.6	385
2637.92	434
2642.24	389
2646.56	431
2650.87	451
2655.18	460
2659.48	390
2663.78	516
2668.08	375
2672.37	441
2676.66	597
2680.95	439
2685.23	407
2689.5	585
2693.78	520
2698.05	499
2702.31	696
2706.57	683
2710.83	757
2715.08	653
2719.33	787
2723.58	748
2727.82	770
2732.06	642
2736.29	676
2740.53	627
2744.75	609
2748.97	481
2753.19	666
2757.41	575
2761.62	545
2765.83	563
2770.03	540
2774.23	533
2778.43	560
2782.62	559
2786.81	576
2791	569
2795.18	624
2799.35	742
2803.53	828
2807.7	683
2811.86	815
2816.03	901
2820.19	1038
2824.34	1144
2828.49	1280
2832.64	1367
2836.78	1938
2840.92	2418
2845.06	3085
2849.19	3452
2853.32	3569
2857.45	3600
2861.57	3569
2865.69	3260
2869.8	3383
2873.91	3515
2878.02	3960
2882.12	4353
2886.22	4363
2890.32	4296
2894.41	3741
2898.5	3389
2902.58	3078
2906.67	2947
2910.74	2648
2914.82	2421
2918.89	2277
2922.96	2067
2927.02	1842
2931.08	1761
2935.13	1771
2939.19	1534
2943.24	1412
2947.28	1189
2951.32	1065
2955.36	960
2959.4	781
2963.43	786
2967.46	648
2971.48	697
2975.5	559
2979.52	449
2983.53	635
2987.54	342
2991.55	527
2995.55	447
2999.55	597
3003.54	383
3007.54	297
3011.53	359
3015.51	342
3019.49	324
3023.47	420
3027.45	252
3031.42	279
3035.39	235
3039.35	366
3043.31	247
3047.27	224
3051.22	175
3055.17	275
3059.12	231
3063.06	112
3067	213
3070.94	273
3074.87	179
3078.8	223
3082.73	225
3086.65	113
3090.57	311
3094.49	173
3098.4	122
3102.31	172
3106.22	80
3110.12	108
3114.02	167
3117.92	175
3121.81	124
3125.7	70
3129.58	190
3133.47	159
3137.34	37
3141.22	73
3145.09	242
3148.96	56
3152.83	132
3156.69	123
3160.55	110
3164.4	225
3168.26	-73
3172.1	73
3175.95	37
3179.79	190
3183.63	201
3187.47	104
3191.3	65
3195.13	149
3198.95	122
3202.78	139
3206.6	67
3210.41	126
3214.23	83
3218.03	72
3221.84	84
3225.64	134
3229.44	99
3233.24	64
3237.03	165
3240.82	101
3244.61	230
3248.39	114
3252.17	137
3255.95	7
3259.72	51
3263.49	237
3267.26	112
3271.03	57
3274.79	125
3278.54	147
3282.3	136
3286.05	57
3289.8	221
3293.54	175
3297.29	-68
3301.02	67
3304.76	184
3308.49	120
3312.22	78
3315.95	-27
3319.67	157
3323.39	23
3327.1	-21
3330.82	91
3334.53	71
3338.24	59
3341.94	143
3345.64	82
3349.34	204
3353.03	122
3356.72	165
3360.41	110
3364.1	102
3367.78	117
3371.46	43
3375.13	75
3378.81	133
3382.48	205
3386.14	127
3389.81	145
3393.47	49
3397.12	140
3400.78	69
3404.43	129
3408.08	37
3411.72	119
3415.36	68
3419	127
3422.64	36
3426.27	-7
3429.9	139
3433.53	83
3437.15	104
3440.77	122
3444.39	4
3448	68
3451.62	161
3455.22	158
3458.83	19
3462.43	-80
3466.03	99
3469.63	155
3473.22	115
3476.81	101
3480.4	100
3483.99	86
3487.57	89
3491.15	138
3494.72	125
3498.29	56
3501.86	77
3505.43	70
3508.99	105
3512.56	26
3516.11	14
3519.67	101
3523.22	95
3526.77	96
3530.32	51
3533.86	29
3537.4	62
3540.94	89
3544.47	-63
3548	57
3551.53	13
3555.06	100
3558.58	58
3562.1	-56
3565.62	33
3569.13	104
3572.64	80
3576.15	8
3579.66	61
3583.16	127
3586.66	26
3590.16	-48
3593.65	88
3597.14	7
3600.63	107
3604.11	-29
3607.6	26
3611.08	110
3614.55	236
3618.03	85
3621.5	-5
3624.97	-90
3628.43	39
3631.9	-113
3635.36	77
3638.81	111
3642.27	31
3645.72	10
3649.17	143
3652.61	20
3656.06	6
3659.5	64
3662.93	49
3666.37	94
3669.8	31
3673.23	134
3676.65	19
3680.08	-46
3683.5	65
3686.92	86
3690.33	145
3693.74	161
3697.15	70
3700.56	0
3703.96	69
3707.36	-50
3710.76	-21
3714.16	81
3717.55	126
3720.94	5
3724.33	40
3727.71	-68
3731.1	40
3734.48	-7
3737.85	39
3741.23	48
3744.6	14
3747.97	50
3751.33	63
3754.69	-72
3758.05	-15
3761.41	24
3764.77	-17
3768.12	77
3771.47	-112
3774.82	25
3778.16	0
3781.5	1
3784.84	5
3788.18	-1
