-37534.58	3
-37414.56	2
-37295.11	2
-37176.24	3
-37057.95	39
-36940.22	27
-36823.05	48
-36706.45	2
-36590.4	70
-36474.9	52
-36359.95	7
-36245.55	71
-36131.68	57
-36018.35	104
-35905.55	24
-35793.29	52
-35681.54	56
-35570.32	52
-35459.62	118
-35349.43	39
-35239.75	-9
-35130.58	66
-35021.91	32
-34913.74	-11
-34806.07	4
-34698.89	14
-34592.2	38
-34486	50
-34380.28	-8
-34275.04	65
-34170.27	76
-34065.98	9
-33962.16	96
-33858.81	-44
-33755.92	59
-33653.49	70
-33551.52	-8
-33450.01	18
-33348.94	27
-33248.33	55
-33148.16	36
-33048.43	-1
-32949.14	66
-32850.29	43
-32751.87	-3
-32653.89	113
-32556.33	70
-32459.2	81
-32362.49	-3
-32266.19	27
-32170.32	69
-32074.86	55
-31979.82	25
-31885.18	-13
-31790.95	31
-31697.12	-12
-31603.69	18
-31510.67	16
-31418.04	65
-31325.8	8
-31233.95	80
-31142.49	29
-31051.42	34
-30960.73	0
-30870.43	78
-30780.5	31
-30690.95	95
-30601.77	31
-30512.97	34
-30424.53	6
-30336.46	27
-30248.76	46
-30161.42	39
-30074.44	4
-29987.81	16
-29901.55	47
-29815.63	-17
-29730.07	45
-29644.86	66
-29560	78
-29475.48	44
-29391.3	56
-29307.47	84
-29223.97	-23
-29140.81	124
-29057.99	39
-28975.5	59
-28893.34	34
-28811.51	-4
-28730	58
-28648.82	-4
-28567.97	89
-28487.43	56
-28407.21	37
-28327.32	47
-28247.73	32
-28168.46	34
-28089.5	35
-28010.85	-6
-27932.51	-6
-27854.48	5
-27776.75	-9
-27699.32	4
-27622.19	21
-27545.37	62
-27468.84	28
-27392.6	43
-27316.66	18
-27241.01	85
-27165.66	-20
-27090.59	11
-27015.81	35
-26941.31	78
-26867.1	61
-26793.17	19
-26719.52	78
-26646.15	52
-26573.06	-2
-26500.24	54
-26427.7	36
-26355.43	38
-26283.43	-12
-26211.71	68
-26140.25	-16
-26069.06	31
-25998.13	-23
-25927.46	23
-25857.06	63
-25786.92	15
-25717.04	-2
-25647.42	43
-25578.05	50
-25508.94	46
-25440.09	-20
-25371.48	70
-25303.13	79
-25235.02	72
-25167.17	72
-25099.56	52
-25032.19	50
-24965.07	-45
-24898.2	17
-24831.56	6
-24765.17	7
-24699.01	113
-24633.1	41
-24567.41	20
-24501.97	63
-24436.75	3
-24371.77	72
-24307.03	102
-24242.51	68
-24178.22	36
-24114.16	43
-24050.32	30
-23986.71	52
-23923.32	28
-23860.16	4
-23797.22	11
-23734.5	-7
-23672	14
-23609.71	33
-23547.65	35
-23485.8	55
-23424.16	13
-23362.74	9
-23301.53	8
-23240.54	23
-23179.75	82
-23119.17	19
-23058.8	86
-22998.64	72
-22938.68	3
-22878.93	80
-22819.39	-26
-22760.04	47
-22700.9	55
-22641.96	108
-22583.22	125
-22524.68	5
-22466.33	20
-22408.19	12
-22350.23	56
-22292.48	63
-22234.92	50
-22177.55	15
-22120.37	93
-22063.38	-40
-22006.58	5
-21949.98	34
-21893.56	24
-21837.33	-4
-21781.28	17
-21725.42	78
-21669.74	32
-21614.25	15
-21558.94	49
-21503.81	92
-21448.86	-1
-21394.1	12
-21339.51	55
-21285.1	70
-21230.86	106
-21176.81	-29
-21122.93	66
-21069.22	60
-21015.69	86
-20962.33	-24
-20909.14	-6
-20856.13	59
-20803.28	-41
-20750.61	19
-20698.1	49
-20645.76	5
-20593.59	64
-20541.59	56
-20489.75	80
-20438.07	90
-20386.56	0
-20335.22	76
-20284.03	-2
-20233.01	50
-20182.15	29
-20131.45	29
-20080.91	31
-20030.52	50
-19980.3	68
-19930.23	1
-19880.32	67
-19830.56	-21
-19780.96	31
-19731.52	21
-19682.23	10
-19633.09	-18
-19584.1	13
-19535.26	32
-19486.58	2
-19438.04	40
-19389.66	27
-19341.42	74
-19293.33	22
-19245.39	53
-19197.6	49
-19149.95	49
-19102.45	49
-19055.09	-2
-19007.87	-42
-18960.8	-19
-18913.87	-14
-18867.09	46
-18820.44	46
-18773.94	16
-18727.57	58
-18681.35	79
-18635.26	37
-18589.31	72
-18543.5	51
-18497.83	38
-18452.29	-11
-18406.89	-16
-18361.63	54
-18316.5	72
-18271.5	105
-18226.63	70
-18181.9	31
-18137.3	38
-18092.84	68
-18048.5	36
-18004.29	63
-17960.22	11
-17916.27	33
-17872.45	64
-17828.76	-22
-17785.2	59
-17741.77	6
-17698.46	-8
-17655.28	-14
-17612.22	6
-17569.29	38
-17526.48	43
-17483.79	48
-17441.23	-61
-17398.79	15
-17356.48	-2
-17314.28	60
-17272.21	15
-17230.26	-3
-17188.42	19
-17146.71	73
-17105.12	52
-17063.64	47
-17022.28	4
-16981.04	10
-16939.92	48
-16898.91	37
-16858.02	29
-16817.25	42
-16776.59	17
-16736.04	-22
-16695.61	108
-16655.29	24
-16615.09	80
-16574.99	8
-16535.01	38
-16495.15	8
-16455.39	39
-16415.74	-4
-16376.21	51
-16336.78	-8
-16297.46	-4
-16258.26	63
-16219.16	1
-16180.17	21
-16141.28	13
-16102.51	55
-16063.84	28
-16025.27	76
-15986.82	31
-15948.46	20
-15910.22	25
-15872.07	2
-15834.04	72
-15796.1	33
-15758.27	-17
-15720.54	39
-15682.91	82
-15645.39	44
-15607.97	41
-15570.64	76
-15533.42	31
-15496.3	-9
-15459.28	64
-15422.36	43
-15385.54	-48
-15348.82	78
-15312.19	39
-15275.66	-20
-15239.23	65
-15202.9	57
-15166.67	51
-15130.53	12
-15094.48	38
-15058.54	-2
-15022.68	38
-14986.93	9
-14951.26	36
-14915.69	32
-14880.22	55
-14844.84	27
-14809.55	59
-14774.35	10
-14739.25	-8
-14704.24	20
-14669.32	3
-14634.49	42
-14599.75	82
-14565.1	41
-14530.55	13
-14496.08	17
-14461.7	-12
-14427.41	25
-14393.21	21
-14359.1	-35
-14325.07	42
-14291.14	-18
-14257.29	32
-14223.52	-6
-14189.85	18
-14156.26	37
-14122.76	9
-14089.34	-1
-14056.01	32
-14022.76	33
-13989.6	5
-13956.52	15
-13923.53	83
-13890.62	4
-13857.79	0
-13825.05	10
-13792.39	78
-13759.81	4
-13727.31	82
-13694.9	-17
-13662.57	-2
-13630.31	77
-13598.14	34
-13566.05	-9
-13534.05	-1
-13502.12	43
-13470.27	41
-13438.5	52
-13406.8	9
-13375.19	18
-13343.66	-4
-13312.2	45
-13280.83	12
-13249.53	25
-13218.3	30
-13187.16	26
-13156.09	21
-13125.1	-7
-13094.18	2
-13063.34	-7
-13032.58	11
-13001.89	15
-12971.28	2
-12940.74	86
-12910.27	15
-12879.88	49
-12849.57	19
-12819.33	-70
-12789.16	34
-12759.06	12
-12729.04	50
-12699.09	127
-12669.21	41
-12639.41	10
-12609.68	1
-12580.02	25
-12550.43	-24
-12520.91	29
-12491.46	56
-12462.08	11
-12432.77	60
-12403.54	43
-12374.37	-56
-12345.27	67
-12316.24	25
-12287.29	27
-12258.4	34
-12229.57	13
-12200.82	29
-12172.14	55
-12143.52	21
-12114.97	2
-12086.49	43
-12058.07	107
-12029.73	56
-12001.44	76
-11973.23	20
-11945.08	14
-11917	24
-11888.98	73
-11861.03	118
-11833.15	-6
-11805.32	13
-11777.57	34
-11749.88	27
-11722.25	46
-11694.69	4
-11667.19	9
-11639.75	44
-11612.38	3
-11585.07	3
-11557.83	34
-11530.65	22
-11503.53	19
-11476.47	36
-11449.48	52
-11422.54	46
-11395.67	40
-11368.86	42
-11342.11	30
-11315.43	56
-11288.8	34
-11262.23	51
-11235.73	70
-11209.28	56
-11182.9	7
-11156.57	36
-11130.31	44
-11104.1	24
-11077.96	84
-11051.87	24
-11025.84	93
-10999.87	33
-10973.96	71
-10948.11	23
-10922.31	-20
-10896.58	74
-10870.9	16
-10845.28	56
-10819.71	60
-10794.2	-15
-10768.75	51
-10743.36	24
-10718.02	60
-10692.74	36
-10667.52	55
-10642.35	20
-10617.24	54
-10592.18	10
-10567.18	33
-10542.23	-2
-10517.34	38
-10492.51	26
-10467.72	27
-10443	27
-10418.32	25
-10393.7	51
-10369.14	16
-10344.63	22
-10320.17	31
-10295.77	18
-10271.42	20
-10247.12	82
-10222.88	46
-10198.68	40
-10174.54	-21
-10150.46	18
-10126.42	18
-10102.44	6
-10078.51	-14
-10054.63	-22
-10030.8	38
-10007.03	13
-9983.3	-7
-9959.63	29
-9936.01	-9
-9912.44	-21
-9888.92	-2
-9865.44	-29
-9842.02	-17
-9818.65	-39
-9795.33	-51
-9772.06	-44
-9748.84	-75
-9725.67	-61
-9702.55	-98
-9679.47	-9
-9656.45	-151
-9633.47	-42
-9610.55	-72
-9587.67	-87
-9564.84	-120
-9542.06	-121
-9519.32	-53
-9496.64	-93
-9474	-90
-9451.41	-114
-9428.87	-114
-9406.37	-186
-9383.92	-119
-9361.52	-44
-9339.17	-113
-9316.86	-229
-9294.6	-278
-9272.38	-191
-9250.21	-256
-9228.09	-248
-9206.01	-246
-9183.98	-125
-9162	-236
-9140.06	-221
-9118.16	-170
-9096.31	-200
-9074.51	-198
-9052.75	-224
-9031.04	-178
-9009.37	-249
-8987.74	-183
-8966.16	-170
-8944.63	-120
-8923.14	-147
-8901.69	-147
-8880.29	-164
-8858.93	-112
-8837.61	-198
-8816.34	-168
-8795.11	-99
-8773.92	-161
-8752.78	-163
-8731.68	-101
-8710.62	-107
-8689.61	-95
-8668.63	-190
-8647.7	-28
-8626.82	-143
-8605.97	-183
-8585.17	-91
-8564.41	-144
-8543.69	-97
-8523.01	-141
-8502.37	-215
-8481.78	-163
-8461.23	-117
-8440.71	-235
-8420.24	-112
-8399.81	-214
-8379.42	-171
-8359.08	-147
-8338.77	-135
-8318.5	-134
-8298.27	-44
-8278.09	-216
-8257.94	-177
-8237.83	-121
-8217.76	-221
-8197.74	-228
-8177.75	-85
-8157.8	-161
-8137.89	-107
-8118.02	-81
-8098.19	-99
-8078.4	-129
-8058.65	-86
-8038.93	-148
-8019.26	-171
-7999.62	-223
-7980.02	-108
-7960.46	-68
-7940.94	-130
-7921.46	-86
-7902.01	-78
-7882.6	-118
-7863.23	-107
-7843.9	-164
-7824.61	-106
-7805.35	-118
-7786.13	-150
-7766.95	-164
-7747.8	-97
-7728.69	-74
-7709.62	-28
-7690.59	-114
-7671.59	-202
-7652.63	-128
-7633.7	-27
-7614.81	-7
-7595.96	-62
-7577.15	-27
-7558.37	-79
-7539.62	-129
-7520.91	-111
-7502.24	-38
-7483.6	-106
-7465	-126
-7446.44	-118
-7427.91	-23
-7409.41	-92
-7390.95	-65
-7372.53	-25
-7354.14	-29
-7335.78	-78
-7317.46	-89
-7299.18	-18
-7280.92	-67
-7262.71	-128
-7244.52	-118
-7226.38	-127
-7208.26	-100
-7190.18	6
-7172.14	-35
-7154.12	-106
-7136.15	-80
-7118.2	-29
-7100.29	-99
-7082.41	-166
-7064.57	-65
-7046.76	-25
-7028.98	-33
-7011.24	15
-6993.53	-35
-6975.85	-8
-6958.2	2
-6940.59	-25
-6923.01	-24
-6905.46	-12
-6887.94	-18
-6870.46	-45
-6853.01	-28
-6835.59	-52
-6818.21	-52
-6800.85	-66
-6783.53	-15
-6766.24	-5
-6748.98	-10
-6731.76	-52
-6714.56	14
-6697.4	-16
-6680.26	8
-6663.16	-76
-6646.09	2
-6629.05	-67
-6612.05	38
-6595.07	-40
-6578.13	-16
-6561.21	-82
-6544.33	-36
-6527.47	-7
-6510.65	20
-6493.86	-20
-6477.1	25
-6460.36	48
-6443.66	-27
-6426.99	13
-6410.35	22
-6393.74	48
-6377.16	55
-6360.61	20
-6344.09	-61
-6327.59	7
-6311.13	-22
-6294.7	10
-6278.29	-3
-6261.92	-93
-6245.58	-104
-6229.26	-101
-6212.97	2
-6196.72	-25
-6180.49	25
-6164.29	58
-6148.12	36
-6131.98	34
-6115.86	-20
-6099.78	50
-6083.72	51
-6067.69	41
-6051.69	26
-6035.72	-64
-6019.78	34
-6003.87	-66
-5987.98	-48
-5972.12	-21
-5956.29	-31
-5940.49	12
-5924.71	94
-5908.96	33
-5893.24	-20
-5877.55	-14
-5861.89	18
-5846.25	9
-5830.64	74
-5815.05	35
-5799.5	-38
-5783.97	46
-5768.47	-36
-5752.99	-45
-5737.55	27
-5722.12	10
-5706.73	4
-5691.36	-1
-5676.02	3
-5660.71	-2
-5645.42	-54
-5630.16	-41
-5614.92	-8
-5599.71	29
-5584.53	1
-5569.37	73
-5554.24	274
-5539.14	-37
-5524.06	81
-5509.01	31
-5493.98	7
-5478.98	-50
-5464	-3
-5449.05	-37
-5434.13	33
-5419.23	-70
-5404.36	-8
-5389.51	-4
-5374.69	-5
-5359.89	-3
-5345.12	-41
-5330.37	-16
-5315.65	-8
-5300.95	46
-5286.28	13
-5271.63	26
-5257.01	-45
-5242.41	-20
-5227.84	3
-5213.29	4
-5198.76	56
-5184.26	64
-5169.79	-14
-5155.33	13
-5140.91	-9
-5126.51	58
-5112.13	5
-5097.77	-45
-5083.44	-7
-5069.13	43
-5054.85	25
-5040.59	15
-5026.36	11
-5012.15	-34
-4997.96	6
-4983.8	44
-4969.66	37
-4955.54	-31
-4941.44	-1
-4927.37	-26
-4913.33	-129
-4899.3	9
-4885.3	-41
-4871.33	-6
-4857.37	-27
-4843.44	34
-4829.53	6
-4815.65	-11
-4801.79	1
-4787.95	79
-4774.13	-18
-4760.34	20
-4746.56	14
-4732.82	-17
-4719.09	-66
-4705.38	10
-4691.7	-25
-4678.04	-51
-4664.41	-14
-4650.79	-13
-4637.2	49
-4623.63	-11
-4610.08	9
-4596.56	29
-4583.05	-51
-4569.57	23
-4556.11	36
-4542.67	-1
-4529.25	-3
-4515.86	20
-4502.49	-44
-4489.13	-29
-4475.8	-30
-4462.49	-25
-4449.21	60
-4435.94	-19
-4422.7	4
-4409.47	-35
-4396.27	22
-4383.09	-23
-4369.93	30
-4356.79	12
-4343.67	70
-4330.58	-44
-4317.5	31
-4304.45	21
-4291.41	-8
-4278.4	19
-4265.41	-4
-4252.44	36
-4239.49	26
-4226.55	64
-4213.65	27
-4200.76	47
-4187.89	26
-4175.04	-2
-4162.21	26
-4149.4	20
-4136.61	12
-4123.85	-6
-4111.1	61
-4098.37	-23
-4085.66	36
-4072.98	-14
-4060.31	74
-4047.66	-15
-4035.04	24
-4022.43	19
-4009.84	38
-3997.27	8
-3984.72	53
-3972.19	14
-3959.69	-2
-3947.2	39
-3934.73	40
-3922.27	74
-3909.84	64
-3897.43	29
-3885.04	22
-3872.67	34
-3860.31	26
-3847.98	-33
-3835.66	34
-3823.36	52
-3811.09	24
-3798.83	19
-3786.59	20
-3774.37	77
-3762.17	50
-3749.98	45
-3737.82	34
-3725.67	-11
-3713.55	19
-3701.44	16
-3689.35	66
-3677.28	73
-3665.22	64
-3653.19	2
-3641.17	80
-3629.18	-18
-3617.2	12
-3605.24	29
-3593.3	62
-3581.37	85
-3569.47	38
-3557.58	91
-3545.71	39
-3533.86	-9
-3522.02	20
-3510.21	-20
-3498.41	17
-3486.63	52
-3474.87	37
-3463.12	30
-3451.4	39
-3439.69	19
-3428	67
-3416.33	29
-3404.67	33
-3393.03	40
-3381.41	36
-3369.81	36
-3358.22	20
-3346.66	3
-3335.1	7
-3323.57	87
-3312.06	-8
-3300.56	-17
-3289.08	39
-3277.61	47
-3266.16	47
-3254.73	117
-3243.32	65
-3231.92	-38
-3220.55	-7
-3209.18	24
-3197.84	28
-3186.51	31
-3175.2	-14
-3163.9	15
-3152.63	12
-3141.36	54
-3130.12	65
-3118.89	16
-3107.68	-14
-3096.49	61
-3085.31	67
-3074.15	76
-3063	-21
-3051.87	39
-3040.76	21
-3029.67	-40
-3018.59	65
-3007.52	73
-2996.48	33
-2985.44	127
-2974.43	33
-2963.43	30
-2952.45	66
-2941.48	14
-2930.53	95
-2919.6	-10
-2908.68	-11
-2897.78	33
-2886.89	22
-2876.02	54
-2865.17	37
-2854.33	49
-2843.5	25
-2832.7	-6
-2821.9	25
-2811.13	35
-2800.37	62
-2789.62	17
-2778.89	28
-2768.18	14
-2757.48	6
-2746.8	-9
-2736.13	1
-2725.48	38
-2714.84	-20
-2704.22	-3
-2693.61	1
-2683.02	13
-2672.45	-30
-2661.89	39
-2651.34	38
-2640.81	19
-2630.3	113
-2619.8	5
-2609.31	0
-2598.84	-11
-2588.39	68
-2577.95	7
-2567.52	86
-2557.11	41
-2546.71	89
-2536.33	20
-2525.97	29
-2515.62	-5
-2505.28	-22
-2494.96	-6
-2484.65	56
-2474.36	104
-2464.08	50
-2453.82	86
-2443.57	-11
-2433.33	16
-2423.11	56
-2412.91	60
-2402.72	58
-2392.54	43
-2382.38	15
-2372.23	72
-2362.09	-1225
-2351.97	73
-2341.87	45
-2331.78	38
-2321.7	25
-2311.64	67
-2301.59	34
-2291.55	23
-2281.53	42
-2271.53	34
-2261.53	43
-2251.55	0
-2241.59	-36
-2231.64	52
-2221.7	54
-2211.78	63
-2201.87	42
-2191.97	34
-2182.09	54
-2172.22	72
-2162.37	12
-2152.53	-5
-2142.7	-21
-2132.89	-16
-2123.09	7
-2113.3	13
-2103.53	51
-2093.77	14
-2084.02	25
-2074.29	39
-2064.57	24
-2054.86	-27
-2045.17	30
-2035.49	-8
-2025.82	33
-2016.17	-4
-2006.53	65
-1996.91	57
-1987.29	40
-1977.69	30
-1968.11	19
-1958.53	35
-1948.97	47
-1939.42	54
-1929.89	1
-1920.37	-14
-1910.86	7
-1901.36	30
-1891.88	37
-1882.41	7
-1872.95	-5
-1863.51	11
-1854.08	3
-1844.66	-68
-1835.26	-9
-1825.86	29
-1816.48	48
-1807.11	-18
-1797.76	53
-1788.42	41
-1779.09	25
-1769.77	39
-1760.47	0
-1751.17	44
-1741.89	43
-1732.63	-26
-1723.37	67
-1714.13	15
-1704.9	74
-1695.68	32
-1686.48	46
-1677.29	-18
-1668.11	-37
-1658.94	34
-1649.78	-21
-1640.64	11
-1631.51	30
-1622.39	-13
-1613.28	68
-1604.19	42
-1595.1	62
-1586.03	42
-1576.97	57
-1567.93	52
-1558.89	78
-1549.87	19
-1540.86	60
-1531.86	71
-1522.87	-16
-1513.9	-14
-1504.93	35
-1495.98	3
-1487.04	34
-1478.12	98
-1469.2	43
-1460.3	43
-1451.4	0
-1442.52	-14
-1433.65	67
-1424.8	48
-1415.95	74
-1407.12	57
-1398.3	42
-1389.48	10
-1380.69	41
-1371.9	-5
-1363.12	30
-1354.36	5
-1345.6	39
-1336.86	51
-1328.13	40
-1319.41	69
-1310.7	59
-1302.01	71
-1293.32	0
-1284.65	1
-1275.99	65
-1267.33	30
-1258.69	48
-1250.06	31
-1241.45	11
-1232.84	-7
-1224.25	27
-1215.66	36
-1207.09	72
-1198.53	11
-1189.97	85
-1181.43	-25
-1172.91	76
-1164.39	-52
-1155.88	40
-1147.38	85
-1138.9	-11
-1130.43	56
-1121.96	-33
-1113.51	28
-1105.07	66
-1096.64	23
-1088.22	27
-1079.81	38
-1071.41	25
-1063.02	62
-1054.65	30
-1046.28	15
-1037.92	57
-1029.58	77
-1021.24	77
-1012.92	36
-1004.61	60
-996.3	45
-988.01	23
-979.73	32
-971.46	6
-963.2	64
-954.95	59
-946.71	54
-938.48	26
-930.26	56
-922.06	38
-913.86	18
-905.67	13
-897.49	11
-889.33	-23
-881.17	15
-873.02	43
-864.89	58
-856.76	39
-848.65	90
-840.54	74
-832.45	81
-824.36	25
-816.29	8
-808.22	27
-800.17	59
-792.12	30
-784.09	53
-776.06	85
-768.05	-32
-760.04	24
-752.05	29
-744.07	87
-736.09	82
-728.13	44
-720.17	56
-712.23	10
-704.29	22
-696.37	-7
-688.45	27
-680.55	-8
-672.65	48
-664.77	15
-656.89	67
-649.03	55
-641.17	94
-633.32	62
-625.49	49
-617.66	28
-609.84	34
-602.03	54
-594.23	43
-586.45	97
-578.67	55
-570.9	28
-563.14	65
-555.39	28
-547.65	26
-539.91	40
-532.19	39
-524.48	60
-516.78	111
-509.08	-14
-501.4	59
-493.72	11
-486.06	20
-478.4	37
-470.76	4
-463.12	69
-455.49	22
-447.87	33
-440.26	48
-432.66	101
-425.07	9
-417.49	53
-409.92	53
-402.35	41
-394.8	30
-387.25	6
-379.72	62
-372.19	77
-364.67	40
-357.17	31
-349.67	-7
-342.18	50
-334.69	18
-327.22	92
-319.76	45
-312.3	49
-304.86	9
-297.42	5
-290	65
-282.58	53
-275.17	14
-267.77	103
-260.37	53
-252.99	24
-245.62	45
-238.25	66
-230.9	37
-223.55	53
-216.21	82
-208.88	34
-201.56	142
-194.25	152
-186.94	119
-179.65	74
-172.36	95
-165.08	88
-157.81	140
-150.55	114
-143.3	153
-136.06	244
-128.82	261
-121.6	220
-114.38	239
-107.17	177
-99.97	268
-92.78	362
-85.6	347
-78.42	401
-71.25	466
-64.1	518
-56.95	642
-49.81	676
-42.67	935
-35.55	1147
-28.43	1545
-21.33	2829
-14.23	11407
-7.14	59753
-0.05	59673
7.02	59604
14.09	20065
21.14	5205
28.19	2500
35.23	1657
42.27	1309
49.29	1083
56.31	917
63.32	752
70.32	657
77.31	604
84.29	479
91.27	441
98.23	368
105.19	329
112.14	372
119.09	498
126.02	654
132.95	743
139.87	682
146.78	713
153.68	743
160.58	699
167.46	672
174.34	681
181.21	679
188.08	623
194.93	601
201.78	608
208.62	581
215.45	580
222.27	596
229.09	631
235.9	574
242.7	596
249.49	504
256.27	525
263.05	568
269.82	514
276.58	606
283.33	483
290.08	481
296.82	498
303.55	456
310.27	477
316.98	451
323.69	468
330.39	495
337.08	436
343.76	504
350.44	437
357.11	489
363.77	426
370.42	454
377.07	438
383.71	376
390.34	436
396.96	428
403.58	374
410.19	422
416.79	487
423.38	451
429.97	483
436.55	423
443.12	364
449.68	404
456.24	387
462.79	380
469.33	354
475.86	378
482.39	446
488.91	320
495.42	399
501.93	410
508.42	379
514.91	396
521.4	349
527.87	360
534.34	304
540.8	377
547.25	335
553.7	307
560.14	334
566.57	342
573	354
579.41	363
585.83	366
592.23	305
598.62	314
605.01	354
611.4	371
617.77	342
624.14	367
630.5	334
636.85	318
643.2	367
649.54	399
655.87	376
662.2	347
668.52	325
674.83	312
681.13	301
687.43	357
693.72	315
700	333
706.28	338
712.55	320
718.81	348
725.07	337
731.32	301
737.56	352
743.79	306
750.02	285
756.24	306
762.46	345
768.67	388
774.87	355
781.06	254
787.25	267
793.43	337
799.6	283
805.77	309
811.93	320
818.08	305
824.23	325
830.37	286
836.5	353
842.63	334
848.75	274
854.87	307
860.97	338
867.07	298
873.17	346
879.25	345
885.33	331
891.41	353
897.47	312
903.53	287
909.59	270
915.63	328
921.67	311
927.71	283
933.74	352
939.76	323
945.77	325
951.78	325
957.78	314
963.78	282
969.77	291
975.75	270
981.72	271
987.69	337
993.66	327
999.61	261
1005.56	307
1011.51	303
1017.44	337
1023.37	334
1029.3	305
1035.22	314
1041.13	271
1047.03	356
1052.93	511
1058.83	595
1064.71	687
1070.59	511
1076.47	451
1082.33	452
1088.2	391
1094.05	294
1099.9	323
1105.74	337
1111.58	364
1117.41	426
1123.23	563
1129.05	734
1134.86	625
1140.67	441
1146.47	357
1152.26	273
1158.05	315
1163.83	365
1169.6	320
1175.37	297
1181.13	304
1186.89	289
1192.64	261
1198.38	303
1204.12	333
1209.85	296
1215.58	301
1221.3	248
1227.02	281
1232.72	266
1238.43	310
1244.12	288
1249.81	330
1255.5	291
1261.17	282
1266.85	365
1272.51	335
1278.17	351
1283.83	455
1289.47	733
1295.12	860
1300.75	745
1306.38	537
1312.01	408
1317.63	344
1323.24	412
1328.85	264
1334.45	323
1340.04	250
1345.63	316
1351.22	318
1356.8	375
1362.37	306
1367.93	313
1373.49	426
1379.05	330
1384.6	345
1390.14	339
1395.68	332
1401.21	355
1406.74	413
1412.26	585
1417.77	599
1423.28	599
1428.78	661
1434.28	795
1439.77	924
1445.26	861
1450.74	751
1456.22	735
1461.68	627
1467.15	590
1472.61	494
1478.06	529
1483.51	333
1488.95	356
1494.38	394
1499.81	256
1505.24	304
1510.65	286
1516.07	321
1521.48	306
1526.88	304
1532.27	256
1537.67	334
1543.05	302
1548.43	255
1553.81	239
1559.18	278
1564.54	253
1569.9	243
1575.25	291
1580.6	249
1585.94	293
1591.28	218
1596.61	247
1601.93	292
1607.25	226
1612.57	256
1617.88	230
1623.18	155
1628.48	232
1633.77	237
1639.06	227
1644.34	205
1649.62	170
1654.89	196
1660.16	222
1665.42	206
1670.67	220
1675.92	201
1681.17	198
1686.41	195
1691.64	222
1696.87	196
1702.1	197
1707.32	197
1712.53	227
1717.74	237
1722.94	238
1728.14	231
1733.33	207
1738.52	234
1743.7	163
1748.88	212
1754.05	122
1759.22	163
1764.38	145
1769.53	191
1774.69	191
1779.83	152
1784.97	156
1790.11	156
1795.24	149
1800.36	143
1805.48	146
1810.6	171
1815.71	151
1820.82	164
1825.92	210
1831.01	136
1836.1	196
1841.19	212
1846.26	131
1851.34	139
1856.41	150
1861.47	157
1866.53	134
1871.59	178
1876.64	213
1881.68	178
1886.72	181
1891.76	148
1896.79	255
1901.81	170
1906.83	199
1911.85	106
1916.86	166
1921.86	166
1926.86	171
1931.86	123
1936.85	141
1941.83	201
1946.81	188
1951.79	128
1956.76	150
1961.72	152
1966.68	148
1971.64	146
1976.59	114
1981.54	106
1986.48	167
1991.42	164
1996.35	134
2001.27	124
2006.2	133
2011.11	140
2016.03	124
2020.93	77
2025.84	86
2030.73	77
2035.63	140
2040.52	73
2045.4	106
2050.28	114
2055.15	132
2060.02	131
2064.89	155
2069.75	142
2074.6	124
2079.46	114
2084.3	153
2089.14	123
2093.98	131
2098.81	100
2103.64	125
2108.46	126
2113.28	68
2118.09	114
2122.9	126
2127.7	110
2132.5	129
2137.3	154
2142.09	146
2146.87	140
2151.66	160
2156.43	117
2161.2	119
2165.97	124
2170.73	70
2175.49	146
2180.24	135
2184.99	126
2189.74	141
2194.48	89
2199.21	63
2203.94	98
2208.67	98
2213.39	71
2218.11	135
2222.82	54
2227.53	122
2232.23	106
2236.93	106
2241.63	105
2246.32	169
2251	91
2255.68	124
2260.36	56
2265.03	154
2269.7	110
2274.36	95
2279.02	115
2283.68	55
2288.33	78
2292.97	150
2297.61	126
2302.25	34
2306.88	137
2311.51	99
2316.14	83
2320.75	90
2325.37	64
2329.98	121
2334.59	111
2339.19	25
2343.79	122
2348.38	91
2352.97	138
2357.55	60
2362.13	128
2366.71	78
2371.28	86
2375.85	98
2380.41	59
2384.97	93
2389.52	98
2394.07	88
2398.62	118
2403.16	100
2407.7	113
2412.23	72
2416.76	113
2421.29	39
2425.81	141
2430.32	113
2434.84	170
2439.34	98
2443.85	74
2448.35	101
2452.84	74
2457.33	68
2461.82	59
2466.3	88
2470.78	135
2475.25	90
2479.72	88
2484.19	109
2488.65	61
2493.11	93
2497.56	82
2502.01	117
2506.46	-9
2510.9	110
2515.34	126
2519.77	119
2524.2	99
2528.62	33
2533.04	144
2537.46	40
2541.87	69
2546.28	80
2550.68	85
2555.08	96
2559.48	78
2563.87	94
2568.26	91
2572.64	75
2577.02	126
2581.4	177
2585.77	121
2590.14	135
2594.5	74
2598.86	134
2603.22	62
2607.57	79
2611.92	71
2616.26	63
2620.6	77
2624.94	63
2629.27	146
2633.6	93
2637.92	100
2642.24	53
2646.56	74
2650.87	162
2655.18	104
2659.48	100
2663.78	93
2668.08	110
2672.37	73
2676.66	87
2680.95	103
2685.23	143
2689.5	81
2693.78	91
2698.05	103
2702.31	169
2706.57	141
2710.83	112
2715.08	182
2719.33	115
2723.58	141
2727.82	189
2732.06	180
2736.29	133
2740.53	80
2744.75	152
2748.97	125
2753.19	87
2757.41	135
2761.62	87
2765.83	152
2770.03	132
2774.23	178
2778.43	149
2782.62	160
2786.81	90
2791	173
2795.18	153
2799.35	129
2803.53	145
2807.7	222
2811.86	143
2816.03	217
2820.19	178
2824.34	197
2828.49	272
2832.64	286
2836.78	419
2840.92	551
2845.06	637
2849.19	751
2853.32	653
2857.45	691
2861.57	698
2865.69	714
2869.8	611
2873.91	641
2878.02	800
2882.12	792
2886.22	780
2890.32	750
2894.41	665
2898.5	632
2902.58	557
2906.67	433
2910.74	445
2914.82	413
2918.89	334
2922.96	393
2927.02	315
2931.08	289
2935.13	273
2939.19	324
2943.24	273
2947.28	198
2951.32	194
2955.36	256
2959.4	131
2963.43	206
2967.46	168
2971.48	60
2975.5	227
2979.52	207
2983.53	92
2987.54	96
2991.55	162
2995.55	88
2999.55	56
3003.54	63
3007.54	67
3011.53	66
3015.51	68
3019.49	76
3023.47	58
3027.45	63
3031.42	75
3035.39	46
3039.35	107
3043.31	62
3047.27	103
3051.22	100
3055.17	49
3059.12	66
3063.06	76
3067	80
3070.94	91
3074.87	24
3078.8	45
3082.73	111
3086.65	23
3090.57	68
3094.49	60
3098.4	97
3102.31	67
3106.22	87
3110.12	68
3114.02	49
3117.92	66
3121.81	83
3125.7	69
3129.58	91
3133.47	73
3137.34	29
3141.22	17
3145.09	76
3148.96	51
3152.83	64
3156.69	1
3160.55	76
3164.4	59
3168.26	64
3172.1	93
3175.95	37
3179.79	-15
3183.63	25
3187.47	42
3191.3	84
3195.13	92
3198.95	68
3202.78	53
3206.6	95
3210.41	58
3214.23	95
3218.03	57
3221.84	54
3225.64	61
3229.44	67
3233.24	83
3237.03	9
3240.82	49
3244.61	46
3248.39	27
3252.17	-3
3255.95	38
3259.72	19
3263.49	110
3267.26	48
3271.03	50
3274.79	3
3278.54	75
3282.3	41
3286.05	8
3289.8	40
3293.54	111
3297.29	72
3301.02	78
3304.76	61
3308.49	50
3312.22	29
3315.95	0
3319.67	60
3323.39	14
3327.1	78
3330.82	44
3334.53	84
3338.24	68
3341.94	45
3345.64	76
3349.34	121
3353.03	30
3356.72	92
3360.41	88
3364.1	-8
3367.78	-5
3371.46	44
3375.13	19
3378.81	52
3382.48	114
3386.14	-5
3389.81	70
3393.47	-32
3397.12	6
3400.78	-18
3404.43	81
3408.08	67
3411.72	68
3415.36	23
3419	61
3422.64	32
3426.27	-12
3429.9	67
3433.53	101
3437.15	20
3440.77	24
3444.39	66
3448	28
3451.62	17
3455.22	-16
3458.83	43
3462.43	31
3466.03	48
3469.63	82
3473.22	77
3476.81	23
3480.4	-15
3483.99	119
3487.57	-13
3491.15	65
3494.72	19
3498.29	30
3501.86	31
3505.43	37
3508.99	52
3512.56	50
3516.11	93
3519.67	3
3523.22	14
3526.77	26
3530.32	18
3533.86	64
3537.4	37
3540.94	48
3544.47	22
3548	3
3551.53	69
3555.06	47
3558.58	65
3562.1	107
3565.62	84
3569.13	-9
3572.64	-9
3576.15	59
3579.66	2
3583.16	52
3586.66	40
3590.16	-11
3593.65	90
3597.14	-41
3600.63	0
3604.11	57
3607.6	21
3611.08	128
3614.55	16
3618.03	-29
3621.5	26
3624.97	15
3628.43	110
3631.9	48
3635.36	16
3638.81	43
3642.27	13
3645.72	-23
3649.17	6
3652.61	49
3656.06	39
3659.5	23
3662.93	41
3666.37	42
3669.8	26
3673.23	31
3676.65	69
3680.08	61
3683.5	56
3686.92	99
3690.33	70
3693.74	26
3697.15	21
3700.56	53
3703.96	70
3707.36	33
3710.76	2
3714.16	13
3717.55	29
3720.94	73
3724.33	34
3727.71	59
3731.1	43
3734.48	52
3737.85	51
3741.23	18
3744.6	16
3747.97	32
3751.33	9
3754.69	6
3758.05	20
3761.41	30
3764.77	40
3768.12	55
3771.47	31
3774.82	36
3778.16	2
3781.5	4
3784.84	-3
3788.18	-1
