-37534,58	19,00
-37414,56	5,00
-37295,11	2,00
-37176,24	16,00
-37057,95	791,00
-36940,22	779,00
-36823,05	945,00
-36706,45	857,00
-36590,40	1023,00
-36474,90	918,00
-36359,95	1062,00
-36245,55	1047,00
-36131,68	968,00
-36018,35	864,00
-35905,55	1002,00
-35793,29	831,00
-35681,54	1066,00
-35570,32	1032,00
-35459,62	994,00
-35349,43	955,00
-35239,75	1102,00
-35130,58	1058,00
-35021,91	1055,00
-34913,74	898,00
-34806,07	1024,00
-34698,89	1025,00
-34592,20	1086,00
-34486,00	999,00
-34380,28	1068,00
-34275,04	918,00
-34170,27	877,00
-34065,98	1047,00
-33962,16	1100,00
-33858,81	1091,00
-33755,92	945,00
-33653,49	1088,00
-33551,52	1097,00
-33450,01	1070,00
-33348,94	1064,00
-33248,33	1053,00
-33148,16	1091,00
-33048,43	1142,00
-32949,14	1341,00
-32850,29	1151,00
-32751,87	1116,00
-32653,89	1064,00
-32556,33	1195,00
-32459,20	1035,00
-32362,49	1054,00
-32266,19	1095,00
-32170,32	967,00
-32074,86	1003,00
-31979,82	1000,00
-31885,18	1283,00
-31790,95	1233,00
-31697,12	1152,00
-31603,69	1133,00
-31510,67	1287,00
-31418,04	1039,00
-31325,80	1201,00
-31233,95	1247,00
-31142,49	1160,00
-31051,42	1196,00
-30960,73	1214,00
-30870,43	1348,00
-30780,50	1121,00
-30690,95	1223,00
-30601,77	1304,00
-30512,97	1121,00
-30424,53	1008,00
-30336,46	1103,00
-30248,76	1136,00
-30161,42	1123,00
-30074,44	1068,00
-29987,81	1226,00
-29901,55	1180,00
-29815,63	1076,00
-29730,07	1251,00
-29644,86	1122,00
-29560,00	1275,00
-29475,48	1170,00
-29391,30	1078,00
-29307,47	979,00
-29223,97	1060,00
-29140,81	1098,00
-29057,99	1145,00
-28975,50	1212,00
-28893,34	1203,00
-28811,51	789,00
-28730,00	999,00
-28648,82	1012,00
-28567,97	1258,00
-28487,43	1073,00
-28407,21	1274,00
-28327,32	1098,00
-28247,73	1288,00
-28168,46	985,00
-28089,50	1249,00
-28010,85	1093,00
-27932,51	1123,00
-27854,48	1139,00
-27776,75	1002,00
-27699,32	872,00
-27622,19	1073,00
-27545,37	1172,00
-27468,84	1144,00
-27392,60	1031,00
-27316,66	1095,00
-27241,01	1129,00
-27165,66	939,00
-27090,59	1011,00
-27015,81	1115,00
-26941,31	1319,00
-26867,10	1030,00
-26793,17	1324,00
-26719,52	1174,00
-26646,15	1158,00
-26573,06	935,00
-26500,24	1059,00
-26427,70	1148,00
-26355,43	1075,00
-26283,43	1064,00
-26211,71	1142,00
-26140,25	1107,00
-26069,06	1371,00
-25998,13	902,00
-25927,46	928,00
-25857,06	1048,00
-25786,92	1159,00
-25717,04	1021,00
-25647,42	1294,00
-25578,05	998,00
-25508,94	1226,00
-25440,09	1167,00
-25371,48	1036,00
-25303,13	1287,00
-25235,02	1053,00
-25167,17	1321,00
-25099,56	1242,00
-25032,19	1058,00
-24965,07	991,00
-24898,20	1132,00
-24831,56	1152,00
-24765,17	1067,00
-24699,01	1104,00
-24633,10	1119,00
-24567,41	1176,00
-24501,97	1213,00
-24436,75	1143,00
-24371,77	1046,00
-24307,03	1016,00
-24242,51	1028,00
-24178,22	1119,00
-24114,16	1094,00
-24050,32	1343,00
-23986,71	1055,00
-23923,32	1014,00
-23860,16	986,00
-23797,22	1178,00
-23734,50	993,00
-23672,00	1006,00
-23609,71	962,00
-23547,65	885,00
-23485,80	1243,00
-23424,16	1101,00
-23362,74	1247,00
-23301,53	1157,00
-23240,54	909,00
-23179,75	991,00
-23119,17	1135,00
-23058,80	1103,00
-22998,64	1057,00
-22938,68	1095,00
-22878,93	1186,00
-22819,39	1148,00
-22760,04	1058,00
-22700,90	1170,00
-22641,96	1071,00
-22583,22	1052,00
-22524,68	1111,00
-22466,33	1089,00
-22408,19	1086,00
-22350,23	1208,00
-22292,48	1055,00
-22234,92	1102,00
-22177,55	1118,00
-22120,37	1090,00
-22063,38	1219,00
-22006,58	1032,00
-21949,98	1130,00
-21893,56	840,00
-21837,33	1104,00
-21781,28	1047,00
-21725,42	984,00
-21669,74	1103,00
-21614,25	1169,00
-21558,94	1017,00
-21503,81	1084,00
-21448,86	1193,00
-21394,10	1105,00
-21339,51	1038,00
-21285,10	1096,00
-21230,86	984,00
-21176,81	1055,00
-21122,93	1062,00
-21069,22	1006,00
-21015,69	1086,00
-20962,33	1119,00
-20909,14	983,00
-20856,13	1123,00
-20803,28	1154,00
-20750,61	1020,00
-20698,10	1140,00
-20645,76	1127,00
-20593,59	973,00
-20541,59	1018,00
-20489,75	1179,00
-20438,07	984,00
-20386,56	1149,00
-20335,22	1109,00
-20284,03	996,00
-20233,01	998,00
-20182,15	1078,00
-20131,45	1217,00
-20080,91	1033,00
-20030,52	1036,00
-19980,30	1117,00
-19930,23	973,00
-19880,32	1230,00
-19830,56	1135,00
-19780,96	1104,00
-19731,52	927,00
-19682,23	1100,00
-19633,09	1114,00
-19584,10	1038,00
-19535,26	1071,00
-19486,58	1127,00
-19438,04	1173,00
-19389,66	1040,00
-19341,42	1004,00
-19293,33	1016,00
-19245,39	1136,00
-19197,60	1002,00
-19149,95	1080,00
-19102,45	1175,00
-19055,09	928,00
-19007,87	1338,00
-18960,80	1126,00
-18913,87	1154,00
-18867,09	960,00
-18820,44	997,00
-18773,94	1125,00
-18727,57	989,00
-18681,35	819,00
-18635,26	1174,00
-18589,31	1021,00
-18543,50	914,00
-18497,83	1067,00
-18452,29	1128,00
-18406,89	1125,00
-18361,63	1152,00
-18316,50	1127,00
-18271,50	1103,00
-18226,63	1114,00
-18181,90	1200,00
-18137,30	1216,00
-18092,84	1060,00
-18048,50	1193,00
-18004,29	1027,00
-17960,22	1081,00
-17916,27	1102,00
-17872,45	1185,00
-17828,76	1086,00
-17785,20	1219,00
-17741,77	928,00
-17698,46	1129,00
-17655,28	1018,00
-17612,22	1015,00
-17569,29	1049,00
-17526,48	1165,00
-17483,79	1073,00
-17441,23	938,00
-17398,79	921,00
-17356,48	1091,00
-17314,28	1173,00
-17272,21	1090,00
-17230,26	970,00
-17188,42	1112,00
-17146,71	1165,00
-17105,12	1053,00
-17063,64	1140,00
-17022,28	1065,00
-16981,04	1272,00
-16939,92	982,00
-16898,91	1423,00
-16858,02	835,00
-16817,25	1084,00
-16776,59	1135,00
-16736,04	974,00
-16695,61	1185,00
-16655,29	1042,00
-16615,09	1093,00
-16574,99	1204,00
-16535,01	1018,00
-16495,15	1046,00
-16455,39	986,00
-16415,74	1002,00
-16376,21	986,00
-16336,78	883,00
-16297,46	1069,00
-16258,26	1070,00
-16219,16	1001,00
-16180,17	983,00
-16141,28	1200,00
-16102,51	972,00
-16063,84	1028,00
-16025,27	1106,00
-15986,82	980,00
-15948,46	990,00
-15910,22	939,00
-15872,07	1087,00
-15834,04	1047,00
-15796,10	1082,00
-15758,27	1243,00
-15720,54	913,00
-15682,91	974,00
-15645,39	1052,00
-15607,97	1152,00
-15570,64	1112,00
-15533,42	1136,00
-15496,30	1059,00
-15459,28	1104,00
-15422,36	1046,00
-15385,54	1000,00
-15348,82	1149,00
-15312,19	1029,00
-15275,66	1184,00
-15239,23	962,00
-15202,90	1121,00
-15166,67	899,00
-15130,53	1064,00
-15094,48	1136,00
-15058,54	1151,00
-15022,68	1148,00
-14986,93	1062,00
-14951,26	1060,00
-14915,69	932,00
-14880,22	1226,00
-14844,84	1043,00
-14809,55	1121,00
-14774,35	1099,00
-14739,25	1164,00
-14704,24	922,00
-14669,32	865,00
-14634,49	923,00
-14599,75	1146,00
-14565,10	950,00
-14530,55	1020,00
-14496,08	964,00
-14461,70	926,00
-14427,41	856,00
-14393,21	974,00
-14359,10	1023,00
-14325,07	1116,00
-14291,14	1043,00
-14257,29	1107,00
-14223,52	1054,00
-14189,85	1094,00
-14156,26	1020,00
-14122,76	1057,00
-14089,34	939,00
-14056,01	967,00
-14022,76	1173,00
-13989,60	1094,00
-13956,52	1175,00
-13923,53	1045,00
-13890,62	1102,00
-13857,79	1131,00
-13825,05	1295,00
-13792,39	983,00
-13759,81	1026,00
-13727,31	976,00
-13694,90	1061,00
-13662,57	1016,00
-13630,31	1151,00
-13598,14	1148,00
-13566,05	1089,00
-13534,05	931,00
-13502,12	1080,00
-13470,27	1018,00
-13438,50	1022,00
-13406,80	972,00
-13375,19	866,00
-13343,66	1193,00
-13312,20	1174,00
-13280,83	1226,00
-13249,53	1004,00
-13218,30	1014,00
-13187,16	1060,00
-13156,09	1027,00
-13125,10	1168,00
-13094,18	1083,00
-13063,34	1267,00
-13032,58	919,00
-13001,89	1002,00
-12971,28	960,00
-12940,74	904,00
-12910,27	1013,00
-12879,88	1077,00
-12849,57	1178,00
-12819,33	1161,00
-12789,16	1038,00
-12759,06	993,00
-12729,04	1370,00
-12699,09	1510,00
-12669,21	1084,00
-12639,41	1058,00
-12609,68	949,00
-12580,02	1256,00
-12550,43	976,00
-12520,91	1016,00
-12491,46	1037,00
-12462,08	1027,00
-12432,77	1107,00
-12403,54	1170,00
-12374,37	1141,00
-12345,27	1167,00
-12316,24	902,00
-12287,29	1090,00
-12258,40	993,00
-12229,57	1095,00
-12200,82	1181,00
-12172,14	1117,00
-12143,52	1069,00
-12114,97	933,00
-12086,49	1037,00
-12058,07	1047,00
-12029,73	1131,00
-12001,44	1257,00
-11973,23	950,00
-11945,08	1118,00
-11917,00	1122,00
-11888,98	1182,00
-11861,03	991,00
-11833,15	1143,00
-11805,32	1173,00
-11777,57	1182,00
-11749,88	1062,00
-11722,25	913,00
-11694,69	1210,00
-11667,19	1080,00
-11639,75	1206,00
-11612,38	894,00
-11585,07	1120,00
-11557,83	955,00
-11530,65	1181,00
-11503,53	1094,00
-11476,47	1170,00
-11449,48	1058,00
-11422,54	1196,00
-11395,67	1074,00
-11368,86	1116,00
-11342,11	1175,00
-11315,43	1122,00
-11288,80	973,00
-11262,23	1102,00
-11235,73	1055,00
-11209,28	1034,00
-11182,90	1112,00
-11156,57	1008,00
-11130,31	1178,00
-11104,10	1028,00
-11077,96	1162,00
-11051,87	1174,00
-11025,84	1075,00
-10999,87	1142,00
-10973,96	1142,00
-10948,11	1013,00
-10922,31	992,00
-10896,58	1175,00
-10870,90	1322,00
-10845,28	967,00
-10819,71	1069,00
-10794,20	1052,00
-10768,75	1140,00
-10743,36	976,00
-10718,02	950,00
-10692,74	1051,00
-10667,52	961,00
-10642,35	1145,00
-10617,24	1221,00
-10592,18	1172,00
-10567,18	1109,00
-10542,23	1323,00
-10517,34	1208,00
-10492,51	1256,00
-10467,72	1048,00
-10443,00	1172,00
-10418,32	1203,00
-10393,70	1129,00
-10369,14	1203,00
-10344,63	957,00
-10320,17	1047,00
-10295,77	1200,00
-10271,42	1035,00
-10247,12	1346,00
-10222,88	1246,00
-10198,68	1277,00
-10174,54	1085,00
-10150,46	1280,00
-10126,42	1386,00
-10102,44	1246,00
-10078,51	1121,00
-10054,63	1167,00
-10030,80	1277,00
-10007,03	1365,00
-9983,30	1263,00
-9959,63	1052,00
-9936,01	1231,00
-9912,44	1241,00
-9888,92	1265,00
-9865,44	1218,00
-9842,02	1252,00
-9818,65	1195,00
-9795,33	1247,00
-9772,06	1355,00
-9748,84	1377,00
-9725,67	1441,00
-9702,55	1368,00
-9679,47	1564,00
-9656,45	1306,00
-9633,47	1347,00
-9610,55	1371,00
-9587,67	1464,00
-9564,84	1683,00
-9542,06	1525,00
-9519,32	1718,00
-9496,64	1740,00
-9474,00	1790,00
-9451,41	1601,00
-9428,87	1826,00
-9406,37	1882,00
-9383,92	1853,00
-9361,52	1881,00
-9339,17	1948,00
-9316,86	2265,00
-9294,60	2098,00
-9272,38	2224,00
-9250,21	2348,00
-9228,09	2297,00
-9206,01	2377,00
-9183,98	2194,00
-9162,00	2321,00
-9140,06	2311,00
-9118,16	2314,00
-9096,31	2413,00
-9074,51	2278,00
-9052,75	2366,00
-9031,04	2293,00
-9009,37	2106,00
-8987,74	2108,00
-8966,16	1986,00
-8944,63	1902,00
-8923,14	2107,00
-8901,69	1964,00
-8880,29	1801,00
-8858,93	1768,00
-8837,61	2099,00
-8816,34	1893,00
-8795,11	1925,00
-8773,92	1766,00
-8752,78	1810,00
-8731,68	1819,00
-8710,62	1974,00
-8689,61	1973,00
-8668,63	1938,00
-8647,70	1960,00
-8626,82	1870,00
-8605,97	1897,00
-8585,17	1988,00
-8564,41	1887,00
-8543,69	1840,00
-8523,01	1654,00
-8502,37	1937,00
-8481,78	1715,00
-8461,23	1837,00
-8440,71	1707,00
-8420,24	1909,00
-8399,81	1740,00
-8379,42	1732,00
-8359,08	1674,00
-8338,77	1718,00
-8318,50	1813,00
-8298,27	1627,00
-8278,09	1606,00
-8257,94	1509,00
-8237,83	1695,00
-8217,76	1739,00
-8197,74	1677,00
-8177,75	1804,00
-8157,80	1621,00
-8137,89	1535,00
-8118,02	1501,00
-8098,19	1657,00
-8078,40	1651,00
-8058,65	1447,00
-8038,93	1575,00
-8019,26	1406,00
-7999,62	1556,00
-7980,02	1492,00
-7960,46	1459,00
-7940,94	1532,00
-7921,46	1607,00
-7902,01	1515,00
-7882,60	1582,00
-7863,23	1508,00
-7843,90	1559,00
-7824,61	1182,00
-7805,35	1401,00
-7786,13	1459,00
-7766,95	1480,00
-7747,80	1435,00
-7728,69	1522,00
-7709,62	1599,00
-7690,59	1512,00
-7671,59	1688,00
-7652,63	1378,00
-7633,70	1547,00
-7614,81	1579,00
-7595,96	1329,00
-7577,15	1567,00
-7558,37	1482,00
-7539,62	1674,00
-7520,91	1459,00
-7502,24	1654,00
-7483,60	1518,00
-7465,00	1461,00
-7446,44	1295,00
-7427,91	1271,00
-7409,41	1547,00
-7390,95	1377,00
-7372,53	1446,00
-7354,14	1439,00
-7335,78	1360,00
-7317,46	1398,00
-7299,18	1373,00
-7280,92	1518,00
-7262,71	1862,00
-7244,52	1629,00
-7226,38	1535,00
-7208,26	1546,00
-7190,18	1609,00
-7172,14	1465,00
-7154,12	1530,00
-7136,15	1454,00
-7118,20	1572,00
-7100,29	1660,00
-7082,41	1541,00
-7064,57	1682,00
-7046,76	1502,00
-7028,98	1574,00
-7011,24	1566,00
-6993,53	1476,00
-6975,85	1436,00
-6958,20	1363,00
-6940,59	1366,00
-6923,01	1345,00
-6905,46	1442,00
-6887,94	1436,00
-6870,46	1803,00
-6853,01	1627,00
-6835,59	1666,00
-6818,21	1490,00
-6800,85	1553,00
-6783,53	1476,00
-6766,24	1513,00
-6748,98	1380,00
-6731,76	1375,00
-6714,56	1494,00
-6697,40	1417,00
-6680,26	1321,00
-6663,16	1279,00
-6646,09	1656,00
-6629,05	1469,00
-6612,05	1504,00
-6595,07	1543,00
-6578,13	1571,00
-6561,21	1508,00
-6544,33	1332,00
-6527,47	1287,00
-6510,65	1268,00
-6493,86	1321,00
-6477,10	1208,00
-6460,36	1515,00
-6443,66	1450,00
-6426,99	1319,00
-6410,35	1228,00
-6393,74	1432,00
-6377,16	1419,00
-6360,61	1376,00
-6344,09	1494,00
-6327,59	1395,00
-6311,13	1374,00
-6294,70	1500,00
-6278,29	1589,00
-6261,92	1276,00
-6245,58	1426,00
-6229,26	1491,00
-6212,97	1402,00
-6196,72	1427,00
-6180,49	1502,00
-6164,29	1295,00
-6148,12	1216,00
-6131,98	1278,00
-6115,86	1353,00
-6099,78	1309,00
-6083,72	1380,00
-6067,69	1314,00
-6051,69	1294,00
-6035,72	1180,00
-6019,78	1149,00
-6003,87	1434,00
-5987,98	1445,00
-5972,12	1365,00
-5956,29	1544,00
-5940,49	1469,00
-5924,71	1491,00
-5908,96	1102,00
-5893,24	1254,00
-5877,55	1252,00
-5861,89	1225,00
-5846,25	1400,00
-5830,64	1374,00
-5815,05	1321,00
-5799,50	1306,00
-5783,97	1175,00
-5768,47	1291,00
-5752,99	1494,00
-5737,55	1365,00
-5722,12	1484,00
-5706,73	1436,00
-5691,36	1413,00
-5676,02	1367,00
-5660,71	1470,00
-5645,42	1306,00
-5630,16	1239,00
-5614,92	1475,00
-5599,71	1360,00
-5584,53	1462,00
-5569,37	1387,00
-5554,24	244,00
-5539,14	1403,00
-5524,06	1245,00
-5509,01	1269,00
-5493,98	1390,00
-5478,98	1459,00
-5464,00	1395,00
-5449,05	1392,00
-5434,13	1314,00
-5419,23	1354,00
-5404,36	1217,00
-5389,51	1248,00
-5374,69	1293,00
-5359,89	1448,00
-5345,12	1454,00
-5330,37	1470,00
-5315,65	1338,00
-5300,95	1379,00
-5286,28	1274,00
-5271,63	1215,00
-5257,01	1405,00
-5242,41	1436,00
-5227,84	1410,00
-5213,29	1258,00
-5198,76	1157,00
-5184,26	1332,00
-5169,79	1330,00
-5155,33	1377,00
-5140,91	1391,00
-5126,51	1441,00
-5112,13	1439,00
-5097,77	1284,00
-5083,44	1281,00
-5069,13	1114,00
-5054,85	1182,00
-5040,59	1137,00
-5026,36	1354,00
-5012,15	1494,00
-4997,96	1348,00
-4983,80	1262,00
-4969,66	1191,00
-4955,54	1142,00
-4941,44	1194,00
-4927,37	1300,00
-4913,33	1580,00
-4899,30	1442,00
-4885,30	1315,00
-4871,33	1192,00
-4857,37	1093,00
-4843,44	1200,00
-4829,53	1207,00
-4815,65	1317,00
-4801,79	1278,00
-4787,95	1376,00
-4774,13	1123,00
-4760,34	1297,00
-4746,56	1068,00
-4732,82	1071,00
-4719,09	1289,00
-4705,38	1449,00
-4691,70	1382,00
-4678,04	1280,00
-4664,41	1444,00
-4650,79	1349,00
-4637,20	1232,00
-4623,63	1278,00
-4610,08	1208,00
-4596,56	1371,00
-4583,05	1275,00
-4569,57	1317,00
-4556,11	1288,00
-4542,67	1064,00
-4529,25	1058,00
-4515,86	1211,00
-4502,49	1495,00
-4489,13	1365,00
-4475,80	1076,00
-4462,49	1103,00
-4449,21	1303,00
-4435,94	1078,00
-4422,70	1210,00
-4409,47	1103,00
-4396,27	1287,00
-4383,09	1161,00
-4369,93	1136,00
-4356,79	1241,00
-4343,67	1181,00
-4330,58	1097,00
-4317,50	1161,00
-4304,45	1207,00
-4291,41	1090,00
-4278,40	1186,00
-4265,41	1217,00
-4252,44	1243,00
-4239,49	1276,00
-4226,55	1295,00
-4213,65	1286,00
-4200,76	1199,00
-4187,89	953,00
-4175,04	1189,00
-4162,21	1202,00
-4149,40	1079,00
-4136,61	1217,00
-4123,85	1015,00
-4111,10	1103,00
-4098,37	1090,00
-4085,66	1178,00
-4072,98	1039,00
-4060,31	1119,00
-4047,66	1201,00
-4035,04	1236,00
-4022,43	1250,00
-4009,84	1171,00
-3997,27	946,00
-3984,72	1114,00
-3972,19	1056,00
-3959,69	1156,00
-3947,20	1108,00
-3934,73	1131,00
-3922,27	937,00
-3909,84	1092,00
-3897,43	997,00
-3885,04	1033,00
-3872,67	1105,00
-3860,31	1014,00
-3847,98	1018,00
-3835,66	1130,00
-3823,36	1203,00
-3811,09	884,00
-3798,83	863,00
-3786,59	1136,00
-3774,37	1206,00
-3762,17	1050,00
-3749,98	1069,00
-3737,82	1053,00
-3725,67	1479,00
-3713,55	966,00
-3701,44	1163,00
-3689,35	1111,00
-3677,28	1141,00
-3665,22	1125,00
-3653,19	1043,00
-3641,17	1033,00
-3629,18	1090,00
-3617,20	1199,00
-3605,24	1065,00
-3593,30	1230,00
-3581,37	1097,00
-3569,47	1140,00
-3557,58	1027,00
-3545,71	1276,00
-3533,86	1091,00
-3522,02	1139,00
-3510,21	1023,00
-3498,41	1164,00
-3486,63	1147,00
-3474,87	1225,00
-3463,12	1031,00
-3451,40	1283,00
-3439,69	1039,00
-3428,00	1069,00
-3416,33	1323,00
-3404,67	1034,00
-3393,03	1053,00
-3381,41	1054,00
-3369,81	1058,00
-3358,22	1182,00
-3346,66	1300,00
-3335,10	1044,00
-3323,57	850,00
-3312,06	1132,00
-3300,56	1188,00
-3289,08	957,00
-3277,61	1161,00
-3266,16	1029,00
-3254,73	1096,00
-3243,32	1149,00
-3231,92	1201,00
-3220,55	1207,00
-3209,18	1192,00
-3197,84	1166,00
-3186,51	1061,00
-3175,20	1150,00
-3163,90	1071,00
-3152,63	1241,00
-3141,36	1045,00
-3130,12	1095,00
-3118,89	1123,00
-3107,68	1158,00
-3096,49	1157,00
-3085,31	1121,00
-3074,15	1014,00
-3063,00	1098,00
-3051,87	1078,00
-3040,76	1052,00
-3029,67	1155,00
-3018,59	1168,00
-3007,52	1171,00
-2996,48	1201,00
-2985,44	1015,00
-2974,43	1136,00
-2963,43	942,00
-2952,45	1013,00
-2941,48	1118,00
-2930,53	965,00
-2919,60	1262,00
-2908,68	1096,00
-2897,78	1045,00
-2886,89	1168,00
-2876,02	975,00
-2865,17	1053,00
-2854,33	1091,00
-2843,50	1172,00
-2832,70	1183,00
-2821,90	1145,00
-2811,13	970,00
-2800,37	1083,00
-2789,62	1066,00
-2778,89	1168,00
-2768,18	1063,00
-2757,48	1060,00
-2746,80	1182,00
-2736,13	1089,00
-2725,48	1141,00
-2714,84	1078,00
-2704,22	1177,00
-2693,61	1142,00
-2683,02	1154,00
-2672,45	966,00
-2661,89	1316,00
-2651,34	1009,00
-2640,81	1046,00
-2630,30	1307,00
-2619,80	1035,00
-2609,31	1251,00
-2598,84	966,00
-2588,39	1126,00
-2577,95	1115,00
-2567,52	947,00
-2557,11	1050,00
-2546,71	1058,00
-2536,33	1099,00
-2525,97	1089,00
-2515,62	1192,00
-2505,28	1131,00
-2494,96	1000,00
-2484,65	1014,00
-2474,36	1469,00
-2464,08	1091,00
-2453,82	1237,00
-2443,57	1097,00
-2433,33	1072,00
-2423,11	984,00
-2412,91	1146,00
-2402,72	1094,00
-2392,54	1169,00
-2382,38	1087,00
-2372,23	1127,00
-2362,09	5551,00
-2351,97	1181,00
-2341,87	1059,00
-2331,78	1264,00
-2321,70	1157,00
-2311,64	1047,00
-2301,59	1227,00
-2291,55	858,00
-2281,53	1022,00
-2271,53	968,00
-2261,53	1065,00
-2251,55	1109,00
-2241,59	1003,00
-2231,64	1240,00
-2221,70	1140,00
-2211,78	1066,00
-2201,87	998,00
-2191,97	1139,00
-2182,09	1064,00
-2172,22	1115,00
-2162,37	1097,00
-2152,53	977,00
-2142,70	1007,00
-2132,89	914,00
-2123,09	933,00
-2113,30	1077,00
-2103,53	1113,00
-2093,77	1064,00
-2084,02	1069,00
-2074,29	1169,00
-2064,57	1026,00
-2054,86	1118,00
-2045,17	1078,00
-2035,49	1260,00
-2025,82	1154,00
-2016,17	1224,00
-2006,53	968,00
-1996,91	1067,00
-1987,29	1058,00
-1977,69	1028,00
-1968,11	1073,00
-1958,53	1043,00
-1948,97	1077,00
-1939,42	994,00
-1929,89	1133,00
-1920,37	1164,00
-1910,86	1159,00
-1901,36	1292,00
-1891,88	1291,00
-1882,41	1065,00
-1872,95	1153,00
-1863,51	1185,00
-1854,08	1130,00
-1844,66	1219,00
-1835,26	936,00
-1825,86	1079,00
-1816,48	1091,00
-1807,11	1024,00
-1797,76	1101,00
-1788,42	1123,00
-1779,09	1234,00
-1769,77	1003,00
-1760,47	1129,00
-1751,17	809,00
-1741,89	1210,00
-1732,63	1142,00
-1723,37	1199,00
-1714,13	1236,00
-1704,90	958,00
-1695,68	1102,00
-1686,48	1118,00
-1677,29	1045,00
-1668,11	1301,00
-1658,94	1178,00
-1649,78	1158,00
-1640,64	1199,00
-1631,51	1020,00
-1622,39	1055,00
-1613,28	1166,00
-1604,19	1117,00
-1595,10	994,00
-1586,03	876,00
-1576,97	931,00
-1567,93	1086,00
-1558,89	1124,00
-1549,87	1181,00
-1540,86	1077,00
-1531,86	1126,00
-1522,87	1051,00
-1513,90	1306,00
-1504,93	1128,00
-1495,98	1042,00
-1487,04	1091,00
-1478,12	1124,00
-1469,20	1036,00
-1460,30	1152,00
-1451,40	1179,00
-1442,52	1092,00
-1433,65	1238,00
-1424,80	1084,00
-1415,95	1105,00
-1407,12	1323,00
-1398,30	1098,00
-1389,48	1093,00
-1380,69	1102,00
-1371,90	1027,00
-1363,12	1025,00
-1354,36	1294,00
-1345,60	1004,00
-1336,86	1182,00
-1328,13	1231,00
-1319,41	1150,00
-1310,70	1106,00
-1302,01	1102,00
-1293,32	937,00
-1284,65	1086,00
-1275,99	1274,00
-1267,33	1003,00
-1258,69	1142,00
-1250,06	1119,00
-1241,45	1125,00
-1232,84	1171,00
-1224,25	1157,00
-1215,66	1151,00
-1207,09	1252,00
-1198,53	1155,00
-1189,97	1109,00
-1181,43	1005,00
-1172,91	1113,00
-1164,39	1424,00
-1155,88	1007,00
-1147,38	1050,00
-1138,90	1129,00
-1130,43	1088,00
-1121,96	1017,00
-1113,51	1151,00
-1105,07	1125,00
-1096,64	1136,00
-1088,22	1144,00
-1079,81	1182,00
-1071,41	1215,00
-1063,02	1023,00
-1054,65	1078,00
-1046,28	1107,00
-1037,92	1111,00
-1029,58	1158,00
-1021,24	1105,00
-1012,92	1340,00
-1004,61	1168,00
-996,30	1375,00
-988,01	1101,00
-979,73	1024,00
-971,46	1154,00
-963,20	1046,00
-954,95	926,00
-946,71	1178,00
-938,48	965,00
-930,26	1058,00
-922,06	1137,00
-913,86	1225,00
-905,67	1113,00
-897,49	1123,00
-889,33	1030,00
-881,17	1225,00
-873,02	1041,00
-864,89	1161,00
-856,76	1035,00
-848,65	1087,00
-840,54	940,00
-832,45	1177,00
-824,36	918,00
-816,29	1147,00
-808,22	1223,00
-800,17	1223,00
-792,12	1231,00
-784,09	1243,00
-776,06	1039,00
-768,05	1133,00
-760,04	1030,00
-752,05	1124,00
-744,07	1311,00
-736,09	1060,00
-728,13	1069,00
-720,17	1104,00
-712,23	1049,00
-704,29	1035,00
-696,37	1077,00
-688,45	1146,00
-680,55	949,00
-672,65	1070,00
-664,77	1081,00
-656,89	1036,00
-649,03	998,00
-641,17	1102,00
-633,32	1254,00
-625,49	1152,00
-617,66	1135,00
-609,84	1121,00
-602,03	1069,00
-594,23	1056,00
-586,45	1139,00
-578,67	1158,00
-570,90	1103,00
-563,14	967,00
-555,39	1102,00
-547,65	1204,00
-539,91	1102,00
-532,19	1190,00
-524,48	1316,00
-516,78	1110,00
-509,08	1219,00
-501,40	1031,00
-493,72	1150,00
-486,06	1071,00
-478,40	1167,00
-470,76	1083,00
-463,12	1058,00
-455,49	926,00
-447,87	913,00
-440,26	1106,00
-432,66	1125,00
-425,07	1072,00
-417,49	1074,00
-409,92	1053,00
-402,35	959,00
-394,80	985,00
-387,25	1039,00
-379,72	1067,00
-372,19	1191,00
-364,67	1243,00
-357,17	1195,00
-349,67	1161,00
-342,18	1175,00
-334,69	1299,00
-327,22	1109,00
-319,76	1350,00
-312,30	1355,00
-304,86	1219,00
-297,42	1096,00
-290,00	1261,00
-282,58	1231,00
-275,17	1164,00
-267,77	1158,00
-260,37	1173,00
-252,99	1159,00
-245,62	1155,00
-238,25	1177,00
-230,90	1046,00
-223,55	1331,00
-216,21	1236,00
-208,88	1270,00
-201,56	1274,00
-194,25	1419,00
-186,94	1271,00
-179,65	1406,00
-172,36	1358,00
-165,08	1496,00
-157,81	1448,00
-150,55	1582,00
-143,30	1623,00
-136,06	1632,00
-128,82	1653,00
-121,60	1812,00
-114,38	1980,00
-107,17	1942,00
-99,97	2134,00
-92,78	2182,00
-85,60	2384,00
-78,42	2811,00
-71,25	3083,00
-64,10	3268,00
-56,95	3872,00
-49,81	4173,00
-42,67	4907,00
-35,55	5818,00
-28,43	7848,00
-21,33	12379,00
-14,23	40469,00
-7,14	52288,00
-0,05	51937,00
7,02	51328,00
14,09	51858,00
21,14	29589,00
28,19	13681,00
35,23	9198,00
42,27	7197,00
49,29	6110,00
56,31	5223,00
63,32	4628,00
70,32	3866,00
77,31	3496,00
84,29	3027,00
91,27	3076,00
98,23	2981,00
105,19	2769,00
112,14	2759,00
119,09	3825,00
126,02	5237,00
132,95	5949,00
139,87	6047,00
146,78	6044,00
153,68	5729,00
160,58	5672,00
167,46	5476,00
174,34	5590,00
181,21	5519,00
188,08	5542,00
194,93	5439,00
201,78	5476,00
208,62	5428,00
215,45	5516,00
222,27	5671,00
229,09	5820,00
235,90	5435,00
242,70	5514,00
249,49	5512,00
256,27	5296,00
263,05	5223,00
269,82	5075,00
276,58	5003,00
283,33	5068,00
290,08	4998,00
296,82	5056,00
303,55	5040,00
310,27	4862,00
316,98	4808,00
323,69	4845,00
330,39	4848,00
337,08	4908,00
343,76	4882,00
350,44	4874,00
357,11	4924,00
363,77	4815,00
370,42	4625,00
377,07	5054,00
383,71	4939,00
390,34	4776,00
396,96	4578,00
403,58	4517,00
410,19	4695,00
416,79	4699,00
423,38	4854,00
429,97	4562,00
436,55	4668,00
443,12	4522,00
449,68	4436,00
456,24	4527,00
462,79	4378,00
469,33	4227,00
475,86	4203,00
482,39	4162,00
488,91	4241,00
495,42	4087,00
501,93	4078,00
508,42	4076,00
514,91	4233,00
521,40	4183,00
527,87	3956,00
534,34	3844,00
540,80	3854,00
547,25	4136,00
553,70	3844,00
560,14	3951,00
566,57	3879,00
573,00	3967,00
579,41	3854,00
585,83	3634,00
592,23	3774,00
598,62	3841,00
605,01	3744,00
611,40	3942,00
617,77	4058,00
624,14	3860,00
630,50	3848,00
636,85	3690,00
643,20	3766,00
649,54	3685,00
655,87	3560,00
662,20	3692,00
668,52	3664,00
674,83	3856,00
681,13	3558,00
687,43	3719,00
693,72	3639,00
700,00	3593,00
706,28	3684,00
712,55	3635,00
718,81	3619,00
725,07	3626,00
731,32	3592,00
737,56	3714,00
743,79	3534,00
750,02	3594,00
756,24	3467,00
762,46	3523,00
768,67	3643,00
774,87	3583,00
781,06	3481,00
787,25	3573,00
793,43	3670,00
799,60	3388,00
805,77	3765,00
811,93	3491,00
818,08	3444,00
824,23	3497,00
830,37	3824,00
836,50	3442,00
842,63	3568,00
848,75	3537,00
854,87	3498,00
860,97	3558,00
867,07	3370,00
873,17	3435,00
879,25	3679,00
885,33	3499,00
891,41	3657,00
897,47	3444,00
903,53	3401,00
909,59	3690,00
915,63	3497,00
921,67	3444,00
927,71	3549,00
933,74	3462,00
939,76	3503,00
945,77	3356,00
951,78	3474,00
957,78	3336,00
963,78	3579,00
969,77	3265,00
975,75	3347,00
981,72	3400,00
987,69	4264,00
993,66	3683,00
999,61	3490,00
1005,56	3374,00
1011,51	3426,00
1017,44	3229,00
1023,37	3573,00
1029,30	3593,00
1035,22	3678,00
1041,13	3545,00
1047,03	3714,00
1052,93	4038,00
1058,83	4503,00
1064,71	5129,00
1070,59	4426,00
1076,47	4059,00
1082,33	3920,00
1088,20	4043,00
1094,05	4197,00
1099,90	4232,00
1105,74	3935,00
1111,58	3899,00
1117,41	4256,00
1123,23	4799,00
1129,05	5243,00
1134,86	4909,00
1140,67	4035,00
1146,47	3622,00
1152,26	3505,00
1158,05	3498,00
1163,83	3560,00
1169,60	3514,00
1175,37	3357,00
1181,13	3297,00
1186,89	3165,00
1192,64	3257,00
1198,38	3295,00
1204,12	2983,00
1209,85	3013,00
1215,58	3160,00
1221,30	3198,00
1227,02	3207,00
1232,72	3191,00
1238,43	3154,00
1244,12	3096,00
1249,81	3248,00
1255,50	3417,00
1261,17	3220,00
1266,85	3297,00
1272,51	3509,00
1278,17	3539,00
1283,83	3643,00
1289,47	4708,00
1295,12	5562,00
1300,75	5107,00
1306,38	4264,00
1312,01	3758,00
1317,63	3763,00
1323,24	3634,00
1328,85	3657,00
1334,45	3619,00
1340,04	3658,00
1345,63	3556,00
1351,22	3671,00
1356,80	3479,00
1362,37	3831,00
1367,93	3812,00
1373,49	3936,00
1379,05	3893,00
1384,60	3835,00
1390,14	3858,00
1395,68	3659,00
1401,21	3645,00
1406,74	3859,00
1412,26	3924,00
1417,77	4461,00
1423,28	4337,00
1428,78	4524,00
1434,28	5018,00
1439,77	5638,00
1445,26	5484,00
1450,74	5151,00
1456,22	4872,00
1461,68	4676,00
1467,15	4737,00
1472,61	4175,00
1478,06	3973,00
1483,51	3720,00
1488,95	3303,00
1494,38	3371,00
1499,81	3136,00
1505,24	3147,00
1510,65	3084,00
1516,07	2980,00
1521,48	2989,00
1526,88	2874,00
1532,27	2970,00
1537,67	2833,00
1543,05	3019,00
1548,43	2941,00
1553,81	2770,00
1559,18	2837,00
1564,54	2968,00
1569,90	2897,00
1575,25	2697,00
1580,60	2753,00
1585,94	2838,00
1591,28	2732,00
1596,61	2644,00
1601,93	2855,00
1607,25	2871,00
1612,57	2877,00
1617,88	2768,00
1623,18	2573,00
1628,48	2711,00
1633,77	2812,00
1639,06	2722,00
1644,34	2575,00
1649,62	2477,00
1654,89	2589,00
1660,16	2518,00
1665,42	2639,00
1670,67	2512,00
1675,92	2599,00
1681,17	2544,00
1686,41	2643,00
1691,64	2614,00
1696,87	2504,00
1702,10	2402,00
1707,32	2467,00
1712,53	2573,00
1717,74	2555,00
1722,94	2416,00
1728,14	2650,00
1733,33	2388,00
1738,52	2489,00
1743,70	2620,00
1748,88	2287,00
1754,05	2465,00
1759,22	2398,00
1764,38	673,00
1769,53	2411,00
1774,69	2272,00
1779,83	2424,00
1784,97	2446,00
1790,11	2235,00
1795,24	2179,00
1800,36	2393,00
1805,48	2339,00
1810,60	2245,00
1815,71	2460,00
1820,82	2266,00
1825,92	2221,00
1831,01	2259,00
1836,10	2324,00
1841,19	2306,00
1846,26	2159,00
1851,34	2250,00
1856,41	2429,00
1861,47	2234,00
1866,53	2296,00
1871,59	2331,00
1876,64	2252,00
1881,68	2142,00
1886,72	2230,00
1891,76	2275,00
1896,79	2107,00
1901,81	2183,00
1906,83	2200,00
1911,85	2154,00
1916,86	2225,00
1921,86	2234,00
1926,86	2116,00
1931,86	2059,00
1936,85	2129,00
1941,83	2111,00
1946,81	2071,00
1951,79	2194,00
1956,76	2133,00
1961,72	1912,00
1966,68	1995,00
1971,64	1960,00
1976,59	2059,00
1981,54	1980,00
1986,48	2032,00
1991,42	2128,00
1996,35	2279,00
2001,27	2003,00
2006,20	1873,00
2011,11	1967,00
2016,03	1914,00
2020,93	1958,00
2025,84	1883,00
2030,73	1893,00
2035,63	1902,00
2040,52	1852,00
2045,40	1958,00
2050,28	1903,00
2055,15	2031,00
2060,02	1801,00
2064,89	2058,00
2069,75	1955,00
2074,60	2050,00
2079,46	1953,00
2084,30	1815,00
2089,14	2033,00
2093,98	2146,00
2098,81	1771,00
2103,64	2008,00
2108,46	1940,00
2113,28	1750,00
2118,09	1894,00
2122,90	1923,00
2127,70	1878,00
2132,50	1790,00
2137,30	1956,00
2142,09	1650,00
2146,87	1786,00
2151,66	1829,00
2156,43	1880,00
2161,20	1829,00
2165,97	1922,00
2170,73	1700,00
2175,49	2027,00
2180,24	1809,00
2184,99	1896,00
2189,74	1814,00
2194,48	1815,00
2199,21	1845,00
2203,94	1728,00
2208,67	1705,00
2213,39	1742,00
2218,11	1753,00
2222,82	1857,00
2227,53	1719,00
2232,23	1777,00
2236,93	1740,00
2241,63	1814,00
2246,32	1627,00
2251,00	1689,00
2255,68	1818,00
2260,36	1709,00
2265,03	1733,00
2269,70	1902,00
2274,36	1551,00
2279,02	1704,00
2283,68	1730,00
2288,33	1627,00
2292,97	1616,00
2297,61	1649,00
2302,25	1813,00
2306,88	1595,00
2311,51	1436,00
2316,14	1623,00
2320,75	1563,00
2325,37	1672,00
2329,98	1789,00
2334,59	1467,00
2339,19	1634,00
2343,79	1628,00
2348,38	1667,00
2352,97	1695,00
2357,55	1688,00
2362,13	1736,00
2366,71	1622,00
2371,28	1717,00
2375,85	1573,00
2380,41	1655,00
2384,97	1667,00
2389,52	1534,00
2394,07	1675,00
2398,62	1671,00
2403,16	1606,00
2407,70	1571,00
2412,23	1550,00
2416,76	1857,00
2421,29	1579,00
2425,81	1667,00
2430,32	1578,00
2434,84	1411,00
2439,34	1752,00
2443,85	1641,00
2448,35	1551,00
2452,84	1612,00
2457,33	1574,00
2461,82	1535,00
2466,30	1555,00
2470,78	1537,00
2475,25	1501,00
2479,72	1604,00
2484,19	1657,00
2488,65	1655,00
2493,11	1550,00
2497,56	1572,00
2502,01	1561,00
2506,46	1531,00
2510,90	1597,00
2515,34	1544,00
2519,77	1491,00
2524,20	1575,00
2528,62	1635,00
2533,04	1671,00
2537,46	1550,00
2541,87	1584,00
2546,28	1475,00
2550,68	1579,00
2555,08	1561,00
2559,48	1574,00
2563,87	1446,00
2568,26	1425,00
2572,64	1488,00
2577,02	1541,00
2581,40	1344,00
2585,77	1372,00
2590,14	1479,00
2594,50	1448,00
2598,86	1588,00
2603,22	1399,00
2607,57	1519,00
2611,92	1571,00
2616,26	1633,00
2620,60	1609,00
2624,94	1516,00
2629,27	1458,00
2633,60	1499,00
2637,92	1688,00
2642,24	1729,00
2646,56	1617,00
2650,87	1456,00
2655,18	1752,00
2659,48	1527,00
2663,78	1433,00
2668,08	1567,00
2672,37	1428,00
2676,66	1517,00
2680,95	1513,00
2685,23	1720,00
2689,50	1535,00
2693,78	1580,00
2698,05	1606,00
2702,31	1680,00
2706,57	1591,00
2710,83	1673,00
2715,08	1693,00
2719,33	1904,00
2723,58	1664,00
2727,82	1745,00
2732,06	1567,00
2736,29	1884,00
2740,53	1676,00
2744,75	1662,00
2748,97	1852,00
2753,19	1519,00
2757,41	1659,00
2761,62	1635,00
2765,83	1585,00
2770,03	1630,00
2774,23	1556,00
2778,43	1612,00
2782,62	1688,00
2786,81	1614,00
2791,00	1639,00
2795,18	1761,00
2799,35	1697,00
2803,53	1764,00
2807,70	1841,00
2811,86	1789,00
2816,03	2095,00
2820,19	1802,00
2824,34	2035,00
2828,49	2178,00
2832,64	2389,00
2836,78	2708,00
2840,92	2868,00
2845,06	3239,00
2849,19	3622,00
2853,32	3755,00
2857,45	3724,00
2861,57	3496,00
2865,69	3514,00
2869,80	3395,00
2873,91	3492,00
2878,02	3901,00
2882,12	4326,00
2886,22	4117,00
2890,32	4038,00
2894,41	3774,00
2898,50	3423,00
2902,58	3291,00
2906,67	3247,00
2910,74	3073,00
2914,82	2892,00
2918,89	2890,00
2922,96	2520,00
2927,02	2531,00
2931,08	2387,00
2935,13	2295,00
2939,19	2218,00
2943,24	2138,00
2947,28	2092,00
2951,32	1911,00
2955,36	1818,00
2959,40	1819,00
2963,43	1899,00
2967,46	1733,00
2971,48	1611,00
2975,50	1586,00
2979,52	1597,00
2983,53	1594,00
2987,54	1558,00
2991,55	1472,00
2995,55	1461,00
2999,55	1341,00
3003,54	1425,00
3007,54	1497,00
3011,53	1348,00
3015,51	1542,00
3019,49	1439,00
3023,47	1444,00
3027,45	1340,00
3031,42	1221,00
3035,39	1246,00
3039,35	1354,00
3043,31	1420,00
3047,27	1407,00
3051,22	1480,00
3055,17	1187,00
3059,12	1181,00
3063,06	1261,00
3067,00	1175,00
3070,94	1380,00
3074,87	1402,00
3078,80	1345,00
3082,73	1167,00
3086,65	1425,00
3090,57	1178,00
3094,49	1338,00
3098,40	1196,00
3102,31	1313,00
3106,22	1213,00
3110,12	1471,00
3114,02	1292,00
3117,92	1410,00
3121,81	1208,00
3125,70	1195,00
3129,58	1285,00
3133,47	1117,00
3137,34	1181,00
3141,22	1267,00
3145,09	1346,00
3148,96	1266,00
3152,83	1114,00
3156,69	1323,00
3160,55	1122,00
3164,40	1193,00
3168,26	1071,00
3172,10	1238,00
3175,95	1346,00
3179,79	1202,00
3183,63	1246,00
3187,47	1241,00
3191,30	1283,00
3195,13	1425,00
3198,95	1275,00
3202,78	1195,00
3206,60	1212,00
3210,41	1161,00
3214,23	1092,00
3218,03	1000,00
3221,84	1176,00
3225,64	1112,00
3229,44	1135,00
3233,24	1292,00
3237,03	1246,00
3240,82	1200,00
3244,61	1131,00
3248,39	1193,00
3252,17	1103,00
3255,95	1349,00
3259,72	1219,00
3263,49	1446,00
3267,26	1206,00
3271,03	1326,00
3274,79	1074,00
3278,54	1169,00
3282,30	1074,00
3286,05	1262,00
3289,80	1270,00
3293,54	1086,00
3297,29	1222,00
3301,02	1066,00
3304,76	1073,00
3308,49	1422,00
3312,22	1177,00
3315,95	1160,00
3319,67	1114,00
3323,39	1274,00
3327,10	1194,00
3330,82	1271,00
3334,53	1193,00
3338,24	1178,00
3341,94	1242,00
3345,64	1238,00
3349,34	1158,00
3353,03	1218,00
3356,72	1210,00
3360,41	1359,00
3364,10	1159,00
3367,78	1194,00
3371,46	1140,00
3375,13	1171,00
3378,81	1182,00
3382,48	1250,00
3386,14	1182,00
3389,81	1092,00
3393,47	1176,00
3397,12	1191,00
3400,78	1119,00
3404,43	1139,00
3408,08	1278,00
3411,72	1034,00
3415,36	1125,00
3419,00	1154,00
3422,64	1123,00
3426,27	1139,00
3429,90	1007,00
3433,53	1143,00
3437,15	1201,00
3440,77	990,00
3444,39	1121,00
3448,00	1098,00
3451,62	1332,00
3455,22	1148,00
3458,83	1038,00
3462,43	1125,00
3466,03	1188,00
3469,63	1201,00
3473,22	923,00
3476,81	1062,00
3480,40	1151,00
3483,99	944,00
3487,57	1152,00
3491,15	1041,00
3494,72	1022,00
3498,29	1109,00
3501,86	972,00
3505,43	1093,00
3508,99	1052,00
3512,56	1148,00
3516,11	1229,00
3519,67	1113,00
3523,22	1146,00
3526,77	1044,00
3530,32	1051,00
3533,86	1059,00
3537,40	1169,00
3540,94	1176,00
3544,47	1061,00
3548,00	946,00
3551,53	1178,00
3555,06	1016,00
3558,58	1227,00
3562,10	1182,00
3565,62	1071,00
3569,13	985,00
3572,64	1088,00
3576,15	1036,00
3579,66	1022,00
3583,16	1075,00
3586,66	1072,00
3590,16	1052,00
3593,65	1013,00
3597,14	1040,00
3600,63	896,00
3604,11	980,00
3607,60	1000,00
3611,08	1107,00
3614,55	1207,00
3618,03	960,00
3621,50	929,00
3624,97	1112,00
3628,43	1106,00
3631,90	982,00
3635,36	997,00
3638,81	950,00
3642,27	995,00
3645,72	1039,00
3649,17	1098,00
3652,61	1031,00
3656,06	973,00
3659,50	1008,00
3662,93	995,00
3666,37	900,00
3669,80	1200,00
3673,23	961,00
3676,65	1203,00
3680,08	1255,00
3683,50	1006,00
3686,92	1047,00
3690,33	1016,00
3693,74	921,00
3697,15	989,00
3700,56	980,00
3703,96	1003,00
3707,36	913,00
3710,76	966,00
3714,16	889,00
3717,55	1087,00
3720,94	966,00
3724,33	900,00
3727,71	925,00
3731,10	889,00
3734,48	933,00
3737,85	860,00
3741,23	1018,00
3744,60	983,00
3747,97	923,00
3751,33	962,00
3754,69	912,00
3758,05	1007,00
3761,41	1046,00
3764,77	961,00
3768,12	906,00
3771,47	837,00
3774,82	806,00
3778,16	-7,00
3781,50	7,00
3784,84	8,00
3788,18	12,00
