-37534,58	-11,00
-37414,56	2,00
-37295,11	-3,00
-37176,24	1,00
-37057,95	-124,00
-36940,22	-131,00
-36823,05	-156,00
-36706,45	-188,00
-36590,40	-160,00
-36474,90	-240,00
-36359,95	-237,00
-36245,55	-213,00
-36131,68	-254,00
-36018,35	-330,00
-35905,55	-260,00
-35793,29	-180,00
-35681,54	-233,00
-35570,32	-98,00
-35459,62	-325,00
-35349,43	-97,00
-35239,75	-146,00
-35130,58	-272,00
-35021,91	41,00
-34913,74	-225,00
-34806,07	43,00
-34698,89	-189,00
-34592,20	-236,00
-34486,00	-83,00
-34380,28	-151,00
-34275,04	-151,00
-34170,27	-201,00
-34065,98	-74,00
-33962,16	-332,00
-33858,81	-179,00
-33755,92	-254,00
-33653,49	-261,00
-33551,52	-220,00
-33450,01	-165,00
-33348,94	-22,00
-33248,33	-303,00
-33148,16	-326,00
-33048,43	-47,00
-32949,14	-109,00
-32850,29	-282,00
-32751,87	-228,00
-32653,89	-372,00
-32556,33	-239,00
-32459,20	-289,00
-32362,49	-240,00
-32266,19	-242,00
-32170,32	-236,00
-32074,86	-101,00
-31979,82	-199,00
-31885,18	-110,00
-31790,95	-241,00
-31697,12	-203,00
-31603,69	-169,00
-31510,67	-207,00
-31418,04	-85,00
-31325,80	-237,00
-31233,95	-268,00
-31142,49	-186,00
-31051,42	-291,00
-30960,73	-234,00
-30870,43	-285,00
-30780,50	-153,00
-30690,95	-142,00
-30601,77	-256,00
-30512,97	-219,00
-30424,53	-263,00
-30336,46	-67,00
-30248,76	-14,00
-30161,42	-276,00
-30074,44	-187,00
-29987,81	-250,00
-29901,55	-103,00
-29815,63	-154,00
-29730,07	-270,00
-29644,86	-197,00
-29560,00	-133,00
-29475,48	-38,00
-29391,30	-234,00
-29307,47	-95,00
-29223,97	-332,00
-29140,81	-55,00
-29057,99	-136,00
-28975,50	-124,00
-28893,34	-329,00
-28811,51	-239,00
-28730,00	-142,00
-28648,82	-193,00
-28567,97	-250,00
-28487,43	-245,00
-28407,21	-147,00
-28327,32	-166,00
-28247,73	-165,00
-28168,46	-72,00
-28089,50	-145,00
-28010,85	-123,00
-27932,51	-245,00
-27854,48	-42,00
-27776,75	-205,00
-27699,32	-266,00
-27622,19	-302,00
-27545,37	-171,00
-27468,84	-310,00
-27392,60	-111,00
-27316,66	-277,00
-27241,01	-264,00
-27165,66	-431,00
-27090,59	-157,00
-27015,81	-275,00
-26941,31	-183,00
-26867,10	-133,00
-26793,17	-60,00
-26719,52	-184,00
-26646,15	-178,00
-26573,06	-203,00
-26500,24	-165,00
-26427,70	-77,00
-26355,43	-304,00
-26283,43	-152,00
-26211,71	-224,00
-26140,25	-307,00
-26069,06	-346,00
-25998,13	-124,00
-25927,46	-148,00
-25857,06	-167,00
-25786,92	-151,00
-25717,04	-214,00
-25647,42	-80,00
-25578,05	-126,00
-25508,94	-199,00
-25440,09	-122,00
-25371,48	-61,00
-25303,13	-155,00
-25235,02	-97,00
-25167,17	-193,00
-25099,56	-305,00
-25032,19	-125,00
-24965,07	-140,00
-24898,20	-274,00
-24831,56	-100,00
-24765,17	-190,00
-24699,01	-119,00
-24633,10	-186,00
-24567,41	-187,00
-24501,97	-131,00
-24436,75	-356,00
-24371,77	-179,00
-24307,03	-359,00
-24242,51	-116,00
-24178,22	-169,00
-24114,16	-290,00
-24050,32	-225,00
-23986,71	-149,00
-23923,32	-192,00
-23860,16	-196,00
-23797,22	-233,00
-23734,50	-222,00
-23672,00	-157,00
-23609,71	-75,00
-23547,65	-239,00
-23485,80	-279,00
-23424,16	-266,00
-23362,74	-273,00
-23301,53	-74,00
-23240,54	-95,00
-23179,75	-312,00
-23119,17	-240,00
-23058,80	-250,00
-22998,64	-270,00
-22938,68	-231,00
-22878,93	-144,00
-22819,39	-70,00
-22760,04	-258,00
-22700,90	-141,00
-22641,96	54,00
-22583,22	-111,00
-22524,68	-123,00
-22466,33	-114,00
-22408,19	-260,00
-22350,23	-97,00
-22292,48	-286,00
-22234,92	-168,00
-22177,55	-343,00
-22120,37	-163,00
-22063,38	-198,00
-22006,58	-288,00
-21949,98	3,00
-21893,56	-138,00
-21837,33	-212,00
-21781,28	-284,00
-21725,42	-222,00
-21669,74	-136,00
-21614,25	-124,00
-21558,94	-363,00
-21503,81	-154,00
-21448,86	-236,00
-21394,10	-314,00
-21339,51	-283,00
-21285,10	-199,00
-21230,86	-94,00
-21176,81	-122,00
-21122,93	-169,00
-21069,22	-90,00
-21015,69	-141,00
-20962,33	-137,00
-20909,14	-212,00
-20856,13	-42,00
-20803,28	-190,00
-20750,61	-105,00
-20698,10	-180,00
-20645,76	-259,00
-20593,59	-149,00
-20541,59	-211,00
-20489,75	-295,00
-20438,07	-150,00
-20386,56	-156,00
-20335,22	-310,00
-20284,03	-99,00
-20233,01	-119,00
-20182,15	-190,00
-20131,45	-218,00
-20080,91	-168,00
-20030,52	-160,00
-19980,30	-299,00
-19930,23	-145,00
-19880,32	-91,00
-19830,56	-293,00
-19780,96	-260,00
-19731,52	-256,00
-19682,23	-256,00
-19633,09	-233,00
-19584,10	-169,00
-19535,26	-97,00
-19486,58	-153,00
-19438,04	-298,00
-19389,66	-200,00
-19341,42	-165,00
-19293,33	-322,00
-19245,39	-60,00
-19197,60	-124,00
-19149,95	-278,00
-19102,45	-50,00
-19055,09	-187,00
-19007,87	-94,00
-18960,80	-203,00
-18913,87	-105,00
-18867,09	-58,00
-18820,44	-249,00
-18773,94	-172,00
-18727,57	-34,00
-18681,35	-267,00
-18635,26	-311,00
-18589,31	-193,00
-18543,50	-240,00
-18497,83	-73,00
-18452,29	-324,00
-18406,89	-204,00
-18361,63	-243,00
-18316,50	-142,00
-18271,50	-105,00
-18226,63	-256,00
-18181,90	-155,00
-18137,30	-94,00
-18092,84	-153,00
-18048,50	-139,00
-18004,29	-295,00
-17960,22	-139,00
-17916,27	-280,00
-17872,45	-76,00
-17828,76	-238,00
-17785,20	-191,00
-17741,77	-206,00
-17698,46	-135,00
-17655,28	-161,00
-17612,22	-262,00
-17569,29	-218,00
-17526,48	-260,00
-17483,79	-127,00
-17441,23	-155,00
-17398,79	-75,00
-17356,48	-261,00
-17314,28	-260,00
-17272,21	-88,00
-17230,26	-133,00
-17188,42	0,00
-17146,71	-77,00
-17105,12	-91,00
-17063,64	-304,00
-17022,28	-228,00
-16981,04	-190,00
-16939,92	-166,00
-16898,91	-143,00
-16858,02	-152,00
-16817,25	-141,00
-16776,59	-281,00
-16736,04	-188,00
-16695,61	-192,00
-16655,29	-183,00
-16615,09	-207,00
-16574,99	-159,00
-16535,01	-326,00
-16495,15	-310,00
-16455,39	-143,00
-16415,74	-233,00
-16376,21	-198,00
-16336,78	-88,00
-16297,46	-144,00
-16258,26	-255,00
-16219,16	-245,00
-16180,17	-158,00
-16141,28	-213,00
-16102,51	-74,00
-16063,84	-243,00
-16025,27	-142,00
-15986,82	-175,00
-15948,46	-333,00
-15910,22	-132,00
-15872,07	-154,00
-15834,04	-74,00
-15796,10	-243,00
-15758,27	-321,00
-15720,54	44,00
-15682,91	-349,00
-15645,39	-77,00
-15607,97	-203,00
-15570,64	-174,00
-15533,42	-274,00
-15496,30	-252,00
-15459,28	-135,00
-15422,36	-237,00
-15385,54	-69,00
-15348,82	-90,00
-15312,19	-237,00
-15275,66	-82,00
-15239,23	-213,00
-15202,90	-265,00
-15166,67	-218,00
-15130,53	-55,00
-15094,48	-248,00
-15058,54	-90,00
-15022,68	-171,00
-14986,93	-260,00
-14951,26	-249,00
-14915,69	-152,00
-14880,22	-309,00
-14844,84	-217,00
-14809,55	-160,00
-14774,35	-334,00
-14739,25	-132,00
-14704,24	-26,00
-14669,32	-157,00
-14634,49	-117,00
-14599,75	-97,00
-14565,10	-244,00
-14530,55	-246,00
-14496,08	-207,00
-14461,70	-318,00
-14427,41	-258,00
-14393,21	-194,00
-14359,10	-148,00
-14325,07	-134,00
-14291,14	-257,00
-14257,29	-352,00
-14223,52	-123,00
-14189,85	-293,00
-14156,26	-223,00
-14122,76	-123,00
-14089,34	-175,00
-14056,01	-181,00
-14022,76	-334,00
-13989,60	-177,00
-13956,52	-123,00
-13923,53	-162,00
-13890,62	-244,00
-13857,79	-148,00
-13825,05	-170,00
-13792,39	-296,00
-13759,81	-74,00
-13727,31	-253,00
-13694,90	-201,00
-13662,57	-203,00
-13630,31	-244,00
-13598,14	-211,00
-13566,05	-306,00
-13534,05	-247,00
-13502,12	-190,00
-13470,27	-175,00
-13438,50	-297,00
-13406,80	-142,00
-13375,19	-126,00
-13343,66	-198,00
-13312,20	-153,00
-13280,83	-299,00
-13249,53	-114,00
-13218,30	-229,00
-13187,16	94,00
-13156,09	-187,00
-13125,10	-328,00
-13094,18	-102,00
-13063,34	-65,00
-13032,58	-187,00
-13001,89	-165,00
-12971,28	-10,00
-12940,74	-107,00
-12910,27	-202,00
-12879,88	-92,00
-12849,57	-230,00
-12819,33	-283,00
-12789,16	-229,00
-12759,06	-146,00
-12729,04	-86,00
-12699,09	-602,00
-12669,21	-205,00
-12639,41	-237,00
-12609,68	-84,00
-12580,02	-247,00
-12550,43	-142,00
-12520,91	-260,00
-12491,46	-83,00
-12462,08	-306,00
-12432,77	-318,00
-12403,54	-239,00
-12374,37	-44,00
-12345,27	-169,00
-12316,24	71,00
-12287,29	-389,00
-12258,40	-96,00
-12229,57	-237,00
-12200,82	-171,00
-12172,14	-99,00
-12143,52	-186,00
-12114,97	-173,00
-12086,49	-123,00
-12058,07	-107,00
-12029,73	-193,00
-12001,44	-309,00
-11973,23	-101,00
-11945,08	-157,00
-11917,00	-187,00
-11888,98	-62,00
-11861,03	-111,00
-11833,15	-90,00
-11805,32	-212,00
-11777,57	-209,00
-11749,88	-209,00
-11722,25	-111,00
-11694,69	-163,00
-11667,19	-112,00
-11639,75	-205,00
-11612,38	-213,00
-11585,07	-116,00
-11557,83	-342,00
-11530,65	-139,00
-11503,53	-147,00
-11476,47	-219,00
-11449,48	-172,00
-11422,54	-152,00
-11395,67	-177,00
-11368,86	-271,00
-11342,11	-195,00
-11315,43	-246,00
-11288,80	-146,00
-11262,23	-11,00
-11235,73	-243,00
-11209,28	-92,00
-11182,90	-157,00
-11156,57	-33,00
-11130,31	-119,00
-11104,10	-51,00
-11077,96	-165,00
-11051,87	-178,00
-11025,84	-94,00
-10999,87	-137,00
-10973,96	-277,00
-10948,11	-347,00
-10922,31	-57,00
-10896,58	-384,00
-10870,90	-163,00
-10845,28	-201,00
-10819,71	-140,00
-10794,20	-43,00
-10768,75	-80,00
-10743,36	-181,00
-10718,02	-168,00
-10692,74	-205,00
-10667,52	-151,00
-10642,35	-238,00
-10617,24	-98,00
-10592,18	-339,00
-10567,18	-116,00
-10542,23	-221,00
-10517,34	-144,00
-10492,51	-148,00
-10467,72	-179,00
-10443,00	-65,00
-10418,32	-74,00
-10393,70	-218,00
-10369,14	-91,00
-10344,63	-232,00
-10320,17	-108,00
-10295,77	-211,00
-10271,42	13,00
-10247,12	-80,00
-10222,88	-151,00
-10198,68	-82,00
-10174,54	-110,00
-10150,46	-222,00
-10126,42	-160,00
-10102,44	-190,00
-10078,51	-176,00
-10054,63	-132,00
-10030,80	-138,00
-10007,03	-240,00
-9983,30	96,00
-9959,63	-131,00
-9936,01	37,00
-9912,44	-130,00
-9888,92	-27,00
-9865,44	-12,00
-9842,02	86,00
-9818,65	40,00
-9795,33	92,00
-9772,06	50,00
-9748,84	-67,00
-9725,67	-108,00
-9702,55	11,00
-9679,47	98,00
-9656,45	24,00
-9633,47	104,00
-9610,55	279,00
-9587,67	237,00
-9564,84	278,00
-9542,06	226,00
-9519,32	339,00
-9496,64	486,00
-9474,00	271,00
-9451,41	481,00
-9428,87	398,00
-9406,37	478,00
-9383,92	274,00
-9361,52	451,00
-9339,17	434,00
-9316,86	629,00
-9294,60	580,00
-9272,38	759,00
-9250,21	926,00
-9228,09	882,00
-9206,01	968,00
-9183,98	941,00
-9162,00	728,00
-9140,06	789,00
-9118,16	919,00
-9096,31	863,00
-9074,51	840,00
-9052,75	1005,00
-9031,04	1061,00
-9009,37	778,00
-8987,74	671,00
-8966,16	626,00
-8944,63	793,00
-8923,14	818,00
-8901,69	373,00
-8880,29	600,00
-8858,93	611,00
-8837,61	524,00
-8816,34	733,00
-8795,11	624,00
-8773,92	592,00
-8752,78	549,00
-8731,68	558,00
-8710,62	501,00
-8689,61	496,00
-8668,63	511,00
-8647,70	467,00
-8626,82	514,00
-8605,97	526,00
-8585,17	541,00
-8564,41	530,00
-8543,69	520,00
-8523,01	524,00
-8502,37	273,00
-8481,78	494,00
-8461,23	697,00
-8440,71	532,00
-8420,24	511,00
-8399,81	482,00
-8379,42	559,00
-8359,08	561,00
-8338,77	504,00
-8318,50	575,00
-8298,27	497,00
-8278,09	459,00
-8257,94	428,00
-8237,83	465,00
-8217,76	449,00
-8197,74	473,00
-8177,75	368,00
-8157,80	400,00
-8137,89	478,00
-8118,02	305,00
-8098,19	324,00
-8078,40	490,00
-8058,65	434,00
-8038,93	467,00
-8019,26	502,00
-7999,62	399,00
-7980,02	334,00
-7960,46	342,00
-7940,94	149,00
-7921,46	298,00
-7902,01	353,00
-7882,60	283,00
-7863,23	311,00
-7843,90	177,00
-7824,61	457,00
-7805,35	284,00
-7786,13	206,00
-7766,95	162,00
-7747,80	69,00
-7728,69	165,00
-7709,62	313,00
-7690,59	253,00
-7671,59	228,00
-7652,63	301,00
-7633,70	275,00
-7614,81	235,00
-7595,96	230,00
-7577,15	245,00
-7558,37	329,00
-7539,62	242,00
-7520,91	332,00
-7502,24	229,00
-7483,60	180,00
-7465,00	396,00
-7446,44	271,00
-7427,91	233,00
-7409,41	221,00
-7390,95	0,00
-7372,53	-29,00
-7354,14	137,00
-7335,78	273,00
-7317,46	186,00
-7299,18	157,00
-7280,92	333,00
-7262,71	149,00
-7244,52	260,00
-7226,38	99,00
-7208,26	194,00
-7190,18	279,00
-7172,14	347,00
-7154,12	184,00
-7136,15	210,00
-7118,20	165,00
-7100,29	353,00
-7082,41	351,00
-7064,57	125,00
-7046,76	432,00
-7028,98	121,00
-7011,24	188,00
-6993,53	279,00
-6975,85	100,00
-6958,20	142,00
-6940,59	141,00
-6923,01	105,00
-6905,46	36,00
-6887,94	257,00
-6870,46	-2981,00
-6853,01	279,00
-6835,59	316,00
-6818,21	309,00
-6800,85	23,00
-6783,53	50,00
-6766,24	25,00
-6748,98	167,00
-6731,76	214,00
-6714,56	70,00
-6697,40	91,00
-6680,26	135,00
-6663,16	23,00
-6646,09	116,00
-6629,05	179,00
-6612,05	246,00
-6595,07	201,00
-6578,13	37,00
-6561,21	270,00
-6544,33	42,00
-6527,47	-23,00
-6510,65	121,00
-6493,86	115,00
-6477,10	54,00
-6460,36	13,00
-6443,66	146,00
-6426,99	77,00
-6410,35	0,00
-6393,74	14,00
-6377,16	63,00
-6360,61	265,00
-6344,09	47,00
-6327,59	91,00
-6311,13	-12,00
-6294,70	68,00
-6278,29	114,00
-6261,92	227,00
-6245,58	4,00
-6229,26	230,00
-6212,97	-192,00
-6196,72	-32,00
-6180,49	25,00
-6164,29	44,00
-6148,12	245,00
-6131,98	1,00
-6115,86	-31,00
-6099,78	-67,00
-6083,72	-14,00
-6067,69	117,00
-6051,69	107,00
-6035,72	-7,00
-6019,78	-12,00
-6003,87	-162,00
-5987,98	211,00
-5972,12	107,00
-5956,29	-27,00
-5940,49	248,00
-5924,71	35,00
-5908,96	-158,00
-5893,24	-38,00
-5877,55	-136,00
-5861,89	64,00
-5846,25	65,00
-5830,64	-84,00
-5815,05	33,00
-5799,50	84,00
-5783,97	-31,00
-5768,47	-106,00
-5752,99	-147,00
-5737,55	119,00
-5722,12	76,00
-5706,73	72,00
-5691,36	32,00
-5676,02	66,00
-5660,71	-87,00
-5645,42	24,00
-5630,16	-12,00
-5614,92	-10,00
-5599,71	44,00
-5584,53	79,00
-5569,37	120,00
-5554,24	-28,00
-5539,14	47,00
-5524,06	-34,00
-5509,01	101,00
-5493,98	-102,00
-5478,98	176,00
-5464,00	-90,00
-5449,05	-47,00
-5434,13	-4,00
-5419,23	-5,00
-5404,36	2,00
-5389,51	136,00
-5374,69	267,00
-5359,89	-8,00
-5345,12	169,00
-5330,37	22,00
-5315,65	-21,00
-5300,95	-81,00
-5286,28	-151,00
-5271,63	-17,00
-5257,01	-30,00
-5242,41	77,00
-5227,84	32,00
-5213,29	-38,00
-5198,76	82,00
-5184,26	-85,00
-5169,79	-126,00
-5155,33	-53,00
-5140,91	132,00
-5126,51	70,00
-5112,13	101,00
-5097,77	90,00
-5083,44	7,00
-5069,13	-7,00
-5054,85	-313,00
-5040,59	-101,00
-5026,36	70,00
-5012,15	88,00
-4997,96	-88,00
-4983,80	-35,00
-4969,66	-63,00
-4955,54	-46,00
-4941,44	-145,00
-4927,37	-131,00
-4913,33	-62,00
-4899,30	-32,00
-4885,30	135,00
-4871,33	6,00
-4857,37	32,00
-4843,44	-244,00
-4829,53	-128,00
-4815,65	-58,00
-4801,79	-29,00
-4787,95	-60,00
-4774,13	40,00
-4760,34	-127,00
-4746,56	-163,00
-4732,82	-133,00
-4719,09	-168,00
-4705,38	82,00
-4691,70	7,00
-4678,04	-60,00
-4664,41	10,00
-4650,79	-187,00
-4637,20	102,00
-4623,63	-238,00
-4610,08	-88,00
-4596,56	-112,00
-4583,05	-4,00
-4569,57	114,00
-4556,11	-17,00
-4542,67	22,00
-4529,25	-157,00
-4515,86	-48,00
-4502,49	18,00
-4489,13	53,00
-4475,80	-95,00
-4462,49	-96,00
-4449,21	-235,00
-4435,94	-47,00
-4422,70	-88,00
-4409,47	-45,00
-4396,27	-251,00
-4383,09	-192,00
-4369,93	33,00
-4356,79	-171,00
-4343,67	-26,00
-4330,58	-154,00
-4317,50	2,00
-4304,45	-106,00
-4291,41	-379,00
-4278,40	-56,00
-4265,41	-95,00
-4252,44	-163,00
-4239,49	-70,00
-4226,55	-52,00
-4213,65	-145,00
-4200,76	-206,00
-4187,89	-222,00
-4175,04	-161,00
-4162,21	-79,00
-4149,40	-204,00
-4136,61	-135,00
-4123,85	-384,00
-4111,10	-183,00
-4098,37	-350,00
-4085,66	17,00
-4072,98	-99,00
-4060,31	-108,00
-4047,66	-195,00
-4035,04	-133,00
-4022,43	-159,00
-4009,84	-115,00
-3997,27	-107,00
-3984,72	-14,00
-3972,19	-194,00
-3959,69	-140,00
-3947,20	-99,00
-3934,73	-282,00
-3922,27	-179,00
-3909,84	-200,00
-3897,43	-135,00
-3885,04	-218,00
-3872,67	-172,00
-3860,31	-329,00
-3847,98	-332,00
-3835,66	-167,00
-3823,36	-127,00
-3811,09	26,00
-3798,83	-262,00
-3786,59	-296,00
-3774,37	-140,00
-3762,17	-119,00
-3749,98	-191,00
-3737,82	-147,00
-3725,67	-144,00
-3713,55	-205,00
-3701,44	-413,00
-3689,35	-86,00
-3677,28	-174,00
-3665,22	-229,00
-3653,19	-125,00
-3641,17	-73,00
-3629,18	-162,00
-3617,20	-198,00
-3605,24	-268,00
-3593,30	-8,00
-3581,37	-365,00
-3569,47	-154,00
-3557,58	-313,00
-3545,71	-234,00
-3533,86	-186,00
-3522,02	57,00
-3510,21	-22,00
-3498,41	-275,00
-3486,63	-202,00
-3474,87	-280,00
-3463,12	-223,00
-3451,40	-197,00
-3439,69	-138,00
-3428,00	-227,00
-3416,33	-110,00
-3404,67	-85,00
-3393,03	-263,00
-3381,41	-286,00
-3369,81	-87,00
-3358,22	-182,00
-3346,66	-67,00
-3335,10	-116,00
-3323,57	-160,00
-3312,06	-234,00
-3300,56	-169,00
-3289,08	-117,00
-3277,61	-52,00
-3266,16	-349,00
-3254,73	-244,00
-3243,32	-133,00
-3231,92	-28,00
-3220,55	-225,00
-3209,18	-108,00
-3197,84	-115,00
-3186,51	-221,00
-3175,20	-268,00
-3163,90	-225,00
-3152,63	-195,00
-3141,36	-204,00
-3130,12	-161,00
-3118,89	-203,00
-3107,68	-272,00
-3096,49	-247,00
-3085,31	-88,00
-3074,15	-213,00
-3063,00	-223,00
-3051,87	-51,00
-3040,76	-200,00
-3029,67	-225,00
-3018,59	-186,00
-3007,52	-260,00
-2996,48	-139,00
-2985,44	-304,00
-2974,43	-376,00
-2963,43	-228,00
-2952,45	-130,00
-2941,48	-216,00
-2930,53	-114,00
-2919,60	-295,00
-2908,68	-122,00
-2897,78	-270,00
-2886,89	-223,00
-2876,02	-181,00
-2865,17	-244,00
-2854,33	-163,00
-2843,50	-204,00
-2832,70	-120,00
-2821,90	-117,00
-2811,13	-209,00
-2800,37	-81,00
-2789,62	-45,00
-2778,89	-150,00
-2768,18	-222,00
-2757,48	-142,00
-2746,80	-175,00
-2736,13	-230,00
-2725,48	-127,00
-2714,84	-187,00
-2704,22	-248,00
-2693,61	-205,00
-2683,02	-186,00
-2672,45	-278,00
-2661,89	-326,00
-2651,34	-106,00
-2640,81	-184,00
-2630,30	-177,00
-2619,80	-116,00
-2609,31	-113,00
-2598,84	-198,00
-2588,39	-112,00
-2577,95	-274,00
-2567,52	-284,00
-2557,11	-138,00
-2546,71	-69,00
-2536,33	18,00
-2525,97	43,00
-2515,62	-129,00
-2505,28	-312,00
-2494,96	-261,00
-2484,65	-156,00
-2474,36	-314,00
-2464,08	-157,00
-2453,82	-151,00
-2443,57	-233,00
-2433,33	-251,00
-2423,11	-103,00
-2412,91	-200,00
-2402,72	-201,00
-2392,54	-378,00
-2382,38	-238,00
-2372,23	63,00
-2362,09	2706,00
-2351,97	-84,00
-2341,87	-87,00
-2331,78	-146,00
-2321,70	-256,00
-2311,64	-347,00
-2301,59	-351,00
-2291,55	-247,00
-2281,53	-5,00
-2271,53	-175,00
-2261,53	-358,00
-2251,55	-115,00
-2241,59	-333,00
-2231,64	-163,00
-2221,70	-96,00
-2211,78	-245,00
-2201,87	-294,00
-2191,97	-156,00
-2182,09	-47,00
-2172,22	-116,00
-2162,37	-105,00
-2152,53	-325,00
-2142,70	-314,00
-2132,89	-67,00
-2123,09	-252,00
-2113,30	-188,00
-2103,53	-291,00
-2093,77	-156,00
-2084,02	-268,00
-2074,29	-244,00
-2064,57	-347,00
-2054,86	-172,00
-2045,17	-214,00
-2035,49	-102,00
-2025,82	-254,00
-2016,17	-247,00
-2006,53	-103,00
-1996,91	-65,00
-1987,29	-236,00
-1977,69	-203,00
-1968,11	-175,00
-1958,53	-223,00
-1948,97	-137,00
-1939,42	-211,00
-1929,89	-233,00
-1920,37	-338,00
-1910,86	-77,00
-1901,36	-194,00
-1891,88	-161,00
-1882,41	-130,00
-1872,95	-115,00
-1863,51	-181,00
-1854,08	-164,00
-1844,66	-245,00
-1835,26	-197,00
-1825,86	-280,00
-1816,48	-186,00
-1807,11	-172,00
-1797,76	-246,00
-1788,42	-233,00
-1779,09	-213,00
-1769,77	-187,00
-1760,47	-292,00
-1751,17	-331,00
-1741,89	-44,00
-1732,63	-207,00
-1723,37	-206,00
-1714,13	-119,00
-1704,90	-23,00
-1695,68	-199,00
-1686,48	-115,00
-1677,29	-122,00
-1668,11	-289,00
-1658,94	-241,00
-1649,78	-193,00
-1640,64	-246,00
-1631,51	-248,00
-1622,39	-111,00
-1613,28	-251,00
-1604,19	-77,00
-1595,10	53,00
-1586,03	-200,00
-1576,97	-99,00
-1567,93	-38,00
-1558,89	-64,00
-1549,87	-228,00
-1540,86	-81,00
-1531,86	-135,00
-1522,87	-280,00
-1513,90	-220,00
-1504,93	-314,00
-1495,98	-218,00
-1487,04	-268,00
-1478,12	-225,00
-1469,20	-146,00
-1460,30	-350,00
-1451,40	-294,00
-1442,52	-197,00
-1433,65	-270,00
-1424,80	-200,00
-1415,95	-156,00
-1407,12	-1,00
-1398,30	-117,00
-1389,48	-179,00
-1380,69	-186,00
-1371,90	-105,00
-1363,12	-159,00
-1354,36	-125,00
-1345,60	-196,00
-1336,86	-262,00
-1328,13	-339,00
-1319,41	-395,00
-1310,70	-305,00
-1302,01	-69,00
-1293,32	-153,00
-1284,65	-139,00
-1275,99	-338,00
-1267,33	-127,00
-1258,69	-174,00
-1250,06	-60,00
-1241,45	-305,00
-1232,84	-161,00
-1224,25	-191,00
-1215,66	-137,00
-1207,09	-250,00
-1198,53	-307,00
-1189,97	-119,00
-1181,43	-249,00
-1172,91	-197,00
-1164,39	-106,00
-1155,88	-154,00
-1147,38	-125,00
-1138,90	-245,00
-1130,43	-194,00
-1121,96	-208,00
-1113,51	-36,00
-1105,07	-76,00
-1096,64	-361,00
-1088,22	-211,00
-1079,81	-75,00
-1071,41	-167,00
-1063,02	-53,00
-1054,65	-211,00
-1046,28	-191,00
-1037,92	-134,00
-1029,58	-161,00
-1021,24	-116,00
-1012,92	-257,00
-1004,61	-196,00
-996,30	126,00
-988,01	-220,00
-979,73	-292,00
-971,46	-263,00
-963,20	-174,00
-954,95	-68,00
-946,71	-144,00
-938,48	-218,00
-930,26	-160,00
-922,06	-161,00
-913,86	-113,00
-905,67	-119,00
-897,49	-48,00
-889,33	-285,00
-881,17	-179,00
-873,02	-232,00
-864,89	-278,00
-856,76	-54,00
-848,65	-214,00
-840,54	-279,00
-832,45	-130,00
-824,36	-89,00
-816,29	-204,00
-808,22	-213,00
-800,17	-93,00
-792,12	-254,00
-784,09	-141,00
-776,06	-1,00
-768,05	-181,00
-760,04	-92,00
-752,05	36,00
-744,07	-237,00
-736,09	-249,00
-728,13	-138,00
-720,17	-219,00
-712,23	-117,00
-704,29	-201,00
-696,37	-93,00
-688,45	-75,00
-680,55	-247,00
-672,65	-38,00
-664,77	-252,00
-656,89	-161,00
-649,03	-276,00
-641,17	-314,00
-633,32	-225,00
-625,49	-75,00
-617,66	-224,00
-609,84	-182,00
-602,03	-211,00
-594,23	-185,00
-586,45	-117,00
-578,67	-60,00
-570,90	-123,00
-563,14	-70,00
-555,39	-157,00
-547,65	-179,00
-539,91	-156,00
-532,19	-144,00
-524,48	-22,00
-516,78	-299,00
-509,08	-22,00
-501,40	-333,00
-493,72	-197,00
-486,06	-122,00
-478,40	-240,00
-470,76	-137,00
-463,12	-130,00
-455,49	-104,00
-447,87	-208,00
-440,26	-47,00
-432,66	-162,00
-425,07	-257,00
-417,49	-180,00
-409,92	-162,00
-402,35	-2,00
-394,80	-196,00
-387,25	-51,00
-379,72	-126,00
-372,19	-193,00
-364,67	-108,00
-357,17	-61,00
-349,67	-257,00
-342,18	-194,00
-334,69	-216,00
-327,22	-107,00
-319,76	-44,00
-312,30	-209,00
-304,86	-86,00
-297,42	-114,00
-290,00	-132,00
-282,58	-47,00
-275,17	-67,00
-267,77	-205,00
-260,37	4,00
-252,99	67,00
-245,62	-37,00
-238,25	-13,00
-230,90	-91,00
-223,55	48,00
-216,21	68,00
-208,88	-78,00
-201,56	-18,00
-194,25	112,00
-186,94	105,00
-179,65	202,00
-172,36	184,00
-165,08	226,00
-157,81	186,00
-150,55	491,00
-143,30	356,00
-136,06	431,00
-128,82	464,00
-121,60	495,00
-114,38	767,00
-107,17	708,00
-99,97	869,00
-92,78	1048,00
-85,60	1308,00
-78,42	1514,00
-71,25	1664,00
-64,10	1902,00
-56,95	2387,00
-49,81	2833,00
-42,67	3632,00
-35,55	4470,00
-28,43	6094,00
-21,33	10454,00
-14,23	33797,00
-7,14	50179,00
-0,05	49721,00
7,02	49075,00
14,09	49817,00
21,14	30206,00
28,19	13061,00
35,23	8035,00
42,27	5991,00
49,29	4950,00
56,31	4008,00
63,32	3122,00
70,32	2705,00
77,31	2381,00
84,29	2087,00
91,27	1756,00
98,23	1544,00
105,19	1531,00
112,14	1811,00
119,09	3147,00
126,02	5965,00
132,95	7509,00
139,87	7616,00
146,78	7316,00
153,68	7464,00
160,58	6939,00
167,46	6735,00
174,34	6338,00
181,21	6276,00
188,08	6290,00
194,93	6145,00
201,78	6323,00
208,62	6488,00
215,45	6553,00
222,27	6822,00
229,09	6641,00
235,90	6567,00
242,70	6391,00
249,49	6433,00
256,27	6131,00
263,05	5952,00
269,82	5848,00
276,58	5626,00
283,33	5364,00
290,08	5258,00
296,82	4975,00
303,55	4943,00
310,27	4815,00
316,98	4687,00
323,69	4635,00
330,39	4533,00
337,08	4662,00
343,76	4728,00
350,44	4602,00
357,11	4381,00
363,77	4536,00
370,42	4438,00
377,07	4661,00
383,71	4560,00
390,34	4279,00
396,96	4415,00
403,58	4146,00
410,19	4434,00
416,79	4125,00
423,38	4307,00
429,97	4471,00
436,55	4271,00
443,12	4132,00
449,68	3994,00
456,24	3936,00
462,79	3924,00
469,33	3724,00
475,86	3663,00
482,39	3659,00
488,91	3543,00
495,42	3544,00
501,93	3587,00
508,42	3533,00
514,91	3507,00
521,40	3684,00
527,87	3458,00
534,34	3437,00
540,80	3223,00
547,25	3554,00
553,70	3372,00
560,14	3455,00
566,57	3427,00
573,00	3349,00
579,41	3250,00
585,83	3240,00
592,23	3129,00
598,62	3284,00
605,01	3319,00
611,40	3193,00
617,77	3235,00
624,14	3008,00
630,50	3271,00
636,85	3125,00
643,20	3099,00
649,54	3091,00
655,87	3239,00
662,20	2868,00
668,52	3062,00
674,83	3124,00
681,13	3004,00
687,43	2825,00
693,72	2920,00
700,00	2960,00
706,28	2855,00
712,55	3123,00
718,81	2856,00
725,07	2983,00
731,32	3029,00
737,56	3025,00
743,79	3027,00
750,02	2923,00
756,24	3056,00
762,46	3019,00
768,67	2933,00
774,87	3197,00
781,06	3095,00
787,25	2903,00
793,43	2998,00
799,60	2925,00
805,77	2858,00
811,93	3049,00
818,08	3159,00
824,23	3043,00
830,37	2897,00
836,50	3051,00
842,63	3035,00
848,75	2970,00
854,87	3070,00
860,97	2959,00
867,07	2899,00
873,17	2851,00
879,25	3036,00
885,33	3134,00
891,41	3135,00
897,47	2970,00
903,53	3073,00
909,59	3078,00
915,63	3175,00
921,67	3129,00
927,71	3131,00
933,74	3321,00
939,76	3133,00
945,77	3155,00
951,78	3024,00
957,78	3155,00
963,78	3021,00
969,77	2920,00
975,75	2904,00
981,72	2824,00
987,69	2903,00
993,66	2896,00
999,61	2974,00
1005,56	2897,00
1011,51	2964,00
1017,44	2925,00
1023,37	2912,00
1029,30	3008,00
1035,22	3023,00
1041,13	3270,00
1047,03	3127,00
1052,93	4019,00
1058,83	4975,00
1064,71	5514,00
1070,59	4710,00
1076,47	4005,00
1082,33	3819,00
1088,20	3898,00
1094,05	3956,00
1099,90	4002,00
1105,74	3882,00
1111,58	3879,00
1117,41	4388,00
1123,23	5258,00
1129,05	5982,00
1134,86	5230,00
1140,67	4068,00
1146,47	3507,00
1152,26	3274,00
1158,05	3102,00
1163,83	3078,00
1169,60	3023,00
1175,37	3042,00
1181,13	2763,00
1186,89	2642,00
1192,64	2590,00
1198,38	2547,00
1204,12	2670,00
1209,85	2522,00
1215,58	2504,00
1221,30	2498,00
1227,02	2503,00
1232,72	2603,00
1238,43	2651,00
1244,12	2655,00
1249,81	2735,00
1255,50	2703,00
1261,17	2842,00
1266,85	3066,00
1272,51	3049,00
1278,17	3130,00
1283,83	3551,00
1289,47	5027,00
1295,12	6601,00
1300,75	6203,00
1306,38	4745,00
1312,01	3900,00
1317,63	3646,00
1323,24	3360,00
1328,85	3313,00
1334,45	3209,00
1340,04	3279,00
1345,63	3395,00
1351,22	3324,00
1356,80	3366,00
1362,37	3577,00
1367,93	3583,00
1373,49	3809,00
1379,05	3831,00
1384,60	3715,00
1390,14	3576,00
1395,68	3502,00
1401,21	3334,00
1406,74	3724,00
1412,26	4231,00
1417,77	4364,00
1423,28	4645,00
1428,78	4738,00
1434,28	5417,00
1439,77	6178,00
1445,26	6128,00
1450,74	5506,00
1456,22	5363,00
1461,68	4930,00
1467,15	4804,00
1472,61	4212,00
1478,06	3600,00
1483,51	3154,00
1488,95	3042,00
1494,38	2622,00
1499,81	2641,00
1505,24	2540,00
1510,65	2456,00
1516,07	2541,00
1521,48	2555,00
1526,88	2297,00
1532,27	2360,00
1537,67	2304,00
1543,05	2097,00
1548,43	2199,00
1553,81	2100,00
1559,18	2241,00
1564,54	2157,00
1569,90	2075,00
1575,25	2179,00
1580,60	2158,00
1585,94	1932,00
1591,28	2100,00
1596,61	2035,00
1601,93	2026,00
1607,25	1952,00
1612,57	1963,00
1617,88	1951,00
1623,18	2074,00
1628,48	1991,00
1633,77	1994,00
1639,06	1926,00
1644,34	1880,00
1649,62	1906,00
1654,89	1948,00
1660,16	1692,00
1665,42	1642,00
1670,67	1979,00
1675,92	1625,00
1681,17	1581,00
1686,41	1667,00
1691,64	1768,00
1696,87	1579,00
1702,10	1556,00
1707,32	1580,00
1712,53	1607,00
1717,74	1524,00
1722,94	1558,00
1728,14	1526,00
1733,33	1521,00
1738,52	1445,00
1743,70	1321,00
1748,88	1587,00
1754,05	1498,00
1759,22	1574,00
1764,38	3493,00
1769,53	1535,00
1774,69	1410,00
1779,83	1328,00
1784,97	1398,00
1790,11	1244,00
1795,24	1441,00
1800,36	1147,00
1805,48	1471,00
1810,60	1330,00
1815,71	1401,00
1820,82	1422,00
1825,92	1321,00
1831,01	1219,00
1836,10	1362,00
1841,19	1345,00
1846,26	1328,00
1851,34	1442,00
1856,41	1235,00
1861,47	1111,00
1866,53	1155,00
1871,59	1166,00
1876,64	1137,00
1881,68	1292,00
1886,72	1092,00
1891,76	1338,00
1896,79	1041,00
1901,81	1147,00
1906,83	1173,00
1911,85	1011,00
1916,86	986,00
1921,86	1081,00
1926,86	1103,00
1931,86	990,00
1936,85	1125,00
1941,83	925,00
1946,81	1029,00
1951,79	1072,00
1956,76	1002,00
1961,72	1045,00
1966,68	976,00
1971,64	1116,00
1976,59	1014,00
1981,54	969,00
1986,48	867,00
1991,42	1153,00
1996,35	836,00
2001,27	922,00
2006,20	1002,00
2011,11	855,00
2016,03	948,00
2020,93	918,00
2025,84	987,00
2030,73	924,00
2035,63	727,00
2040,52	902,00
2045,40	811,00
2050,28	908,00
2055,15	873,00
2060,02	857,00
2064,89	846,00
2069,75	895,00
2074,60	908,00
2079,46	894,00
2084,30	789,00
2089,14	808,00
2093,98	972,00
2098,81	936,00
2103,64	811,00
2108,46	756,00
2113,28	888,00
2118,09	885,00
2122,90	793,00
2127,70	881,00
2132,50	828,00
2137,30	976,00
2142,09	827,00
2146,87	779,00
2151,66	823,00
2156,43	665,00
2161,20	772,00
2165,97	774,00
2170,73	810,00
2175,49	638,00
2180,24	829,00
2184,99	799,00
2189,74	612,00
2194,48	781,00
2199,21	688,00
2203,94	843,00
2208,67	777,00
2213,39	636,00
2218,11	676,00
2222,82	727,00
2227,53	734,00
2232,23	785,00
2236,93	642,00
2241,63	615,00
2246,32	617,00
2251,00	648,00
2255,68	605,00
2260,36	554,00
2265,03	664,00
2269,70	616,00
2274,36	688,00
2279,02	478,00
2283,68	662,00
2288,33	616,00
2292,97	669,00
2297,61	663,00
2302,25	577,00
2306,88	754,00
2311,51	482,00
2316,14	536,00
2320,75	438,00
2325,37	685,00
2329,98	553,00
2334,59	644,00
2339,19	541,00
2343,79	527,00
2348,38	623,00
2352,97	605,00
2357,55	565,00
2362,13	548,00
2366,71	597,00
2371,28	575,00
2375,85	558,00
2380,41	608,00
2384,97	472,00
2389,52	579,00
2394,07	505,00
2398,62	473,00
2403,16	484,00
2407,70	392,00
2412,23	549,00
2416,76	568,00
2421,29	532,00
2425,81	515,00
2430,32	297,00
2434,84	456,00
2439,34	440,00
2443,85	361,00
2448,35	541,00
2452,84	415,00
2457,33	336,00
2461,82	417,00
2466,30	392,00
2470,78	428,00
2475,25	495,00
2479,72	312,00
2484,19	302,00
2488,65	420,00
2493,11	358,00
2497,56	483,00
2502,01	372,00
2506,46	456,00
2510,90	328,00
2515,34	327,00
2519,77	458,00
2524,20	263,00
2528,62	404,00
2533,04	459,00
2537,46	455,00
2541,87	381,00
2546,28	411,00
2550,68	465,00
2555,08	222,00
2559,48	354,00
2563,87	227,00
2568,26	372,00
2572,64	332,00
2577,02	345,00
2581,40	458,00
2585,77	462,00
2590,14	150,00
2594,50	405,00
2598,86	576,00
2603,22	472,00
2607,57	494,00
2611,92	398,00
2616,26	341,00
2620,60	392,00
2624,94	488,00
2629,27	332,00
2633,60	315,00
2637,92	285,00
2642,24	242,00
2646,56	356,00
2650,87	656,00
2655,18	433,00
2659,48	517,00
2663,78	375,00
2668,08	414,00
2672,37	387,00
2676,66	499,00
2680,95	456,00
2685,23	523,00
2689,50	546,00
2693,78	454,00
2698,05	635,00
2702,31	501,00
2706,57	811,00
2710,83	655,00
2715,08	758,00
2719,33	662,00
2723,58	720,00
2727,82	923,00
2732,06	671,00
2736,29	631,00
2740,53	663,00
2744,75	705,00
2748,97	530,00
2753,19	604,00
2757,41	592,00
2761,62	654,00
2765,83	552,00
2770,03	536,00
2774,23	643,00
2778,43	605,00
2782,62	694,00
2786,81	669,00
2791,00	602,00
2795,18	766,00
2799,35	699,00
2803,53	951,00
2807,70	1078,00
2811,86	795,00
2816,03	902,00
2820,19	1302,00
2824,34	1270,00
2828,49	1313,00
2832,64	1636,00
2836,78	2082,00
2840,92	2781,00
2845,06	3304,00
2849,19	3856,00
2853,32	4090,00
2857,45	4170,00
2861,57	3980,00
2865,69	3726,00
2869,80	3817,00
2873,91	3777,00
2878,02	4217,00
2882,12	4736,00
2886,22	4698,00
2890,32	4269,00
2894,41	4057,00
2898,50	3763,00
2902,58	3445,00
2906,67	3005,00
2910,74	3043,00
2914,82	2785,00
2918,89	2446,00
2922,96	2302,00
2927,02	2036,00
2931,08	2033,00
2935,13	1771,00
2939,19	1625,00
2943,24	1466,00
2947,28	1428,00
2951,32	1117,00
2955,36	1106,00
2959,40	1015,00
2963,43	743,00
2967,46	821,00
2971,48	661,00
2975,50	541,00
2979,52	505,00
2983,53	368,00
2987,54	424,00
2991,55	507,00
2995,55	567,00
2999,55	400,00
3003,54	308,00
3007,54	458,00
3011,53	350,00
3015,51	204,00
3019,49	290,00
3023,47	118,00
3027,45	411,00
3031,42	255,00
3035,39	244,00
3039,35	186,00
3043,31	116,00
3047,27	121,00
3051,22	27,00
3055,17	267,00
3059,12	87,00
3063,06	194,00
3067,00	92,00
3070,94	95,00
3074,87	80,00
3078,80	132,00
3082,73	62,00
3086,65	231,00
3090,57	24,00
3094,49	286,00
3098,40	-48,00
3102,31	-102,00
3106,22	79,00
3110,12	37,00
3114,02	108,00
3117,92	-100,00
3121,81	-13,00
3125,70	-60,00
3129,58	2,00
3133,47	16,00
3137,34	-15,00
3141,22	-41,00
3145,09	-35,00
3148,96	-4,00
3152,83	5,00
3156,69	-18,00
3160,55	0,00
3164,40	-74,00
3168,26	-85,00
3172,10	120,00
3175,95	-50,00
3179,79	-137,00
3183,63	-54,00
3187,47	120,00
3191,30	-102,00
3195,13	-31,00
3198,95	20,00
3202,78	40,00
3206,60	-204,00
3210,41	-68,00
3214,23	127,00
3218,03	-93,00
3221,84	5,00
3225,64	-18,00
3229,44	91,00
3233,24	-95,00
3237,03	55,00
3240,82	5,00
3244,61	82,00
3248,39	-126,00
3252,17	-112,00
3255,95	80,00
3259,72	-179,00
3263,49	-9,00
3267,26	-75,00
3271,03	-28,00
3274,79	6,00
3278,54	-127,00
3282,30	-185,00
3286,05	55,00
3289,80	-95,00
3293,54	2,00
3297,29	80,00
3301,02	-38,00
3304,76	140,00
3308,49	-64,00
3312,22	-148,00
3315,95	-54,00
3319,67	-9,00
3323,39	-1,00
3327,10	-26,00
3330,82	92,00
3334,53	-136,00
3338,24	52,00
3341,94	59,00
3345,64	-7,00
3349,34	118,00
3353,03	-141,00
3356,72	-43,00
3360,41	58,00
3364,10	-141,00
3367,78	-115,00
3371,46	-41,00
3375,13	-32,00
3378,81	224,00
3382,48	-131,00
3386,14	-18,00
3389,81	-81,00
3393,47	-36,00
3397,12	-169,00
3400,78	-160,00
3404,43	-88,00
3408,08	6,00
3411,72	-161,00
3415,36	-161,00
3419,00	-8,00
3422,64	42,00
3426,27	82,00
3429,90	-149,00
3433,53	-137,00
3437,15	-177,00
3440,77	-143,00
3444,39	-25,00
3448,00	-231,00
3451,62	-123,00
3455,22	17,00
3458,83	-84,00
3462,43	-259,00
3466,03	19,00
3469,63	-186,00
3473,22	55,00
3476,81	-95,00
3480,40	-41,00
3483,99	-62,00
3487,57	-168,00
3491,15	-54,00
3494,72	-118,00
3498,29	-201,00
3501,86	-206,00
3505,43	-107,00
3508,99	-59,00
3512,56	-146,00
3516,11	-43,00
3519,67	-54,00
3523,22	-133,00
3526,77	-140,00
3530,32	-119,00
3533,86	-67,00
3537,40	-139,00
3540,94	-78,00
3544,47	-6,00
3548,00	-130,00
3551,53	-100,00
3555,06	-103,00
3558,58	-56,00
3562,10	-121,00
3565,62	-153,00
3569,13	-16,00
3572,64	-7,00
3576,15	-96,00
3579,66	-153,00
3583,16	-404,00
3586,66	-97,00
3590,16	-138,00
3593,65	-114,00
3597,14	-192,00
3600,63	-162,00
3604,11	-161,00
3607,60	-122,00
3611,08	-70,00
3614,55	-125,00
3618,03	-134,00
3621,50	-296,00
3624,97	-202,00
3628,43	-118,00
3631,90	-132,00
3635,36	-144,00
3638,81	-120,00
3642,27	-139,00
3645,72	-254,00
3649,17	-348,00
3652,61	-233,00
3656,06	-142,00
3659,50	-176,00
3662,93	-234,00
3666,37	-268,00
3669,80	-72,00
3673,23	-269,00
3676,65	-199,00
3680,08	-165,00
3683,50	-239,00
3686,92	-124,00
3690,33	-252,00
3693,74	-153,00
3697,15	-144,00
3700,56	-220,00
3703,96	-131,00
3707,36	-237,00
3710,76	-266,00
3714,16	-144,00
3717,55	-5,00
3720,94	-270,00
3724,33	-166,00
3727,71	-175,00
3731,10	-225,00
3734,48	-146,00
3737,85	-187,00
3741,23	-261,00
3744,60	-156,00
3747,97	-160,00
3751,33	-21,00
3754,69	-191,00
3758,05	-269,00
3761,41	-267,00
3764,77	-99,00
3768,12	-246,00
3771,47	-163,00
3774,82	-210,00
3778,16	4,00
3781,50	-1,00
3784,84	0,00
3788,18	-1,00
