-37534,58	-5,00
-37414,56	-8,00
-37295,11	5,00
-37176,24	0,00
-37057,95	-179,00
-36940,22	-276,00
-36823,05	-212,00
-36706,45	-222,00
-36590,40	-301,00
-36474,90	-304,00
-36359,95	-357,00
-36245,55	-278,00
-36131,68	-274,00
-36018,35	-452,00
-35905,55	-402,00
-35793,29	-224,00
-35681,54	-341,00
-35570,32	-258,00
-35459,62	-292,00
-35349,43	-338,00
-35239,75	-282,00
-35130,58	-387,00
-35021,91	-208,00
-34913,74	-350,00
-34806,07	-102,00
-34698,89	-286,00
-34592,20	-246,00
-34486,00	-244,00
-34380,28	-260,00
-34275,04	-294,00
-34170,27	-255,00
-34065,98	-194,00
-33962,16	-355,00
-33858,81	-360,00
-33755,92	-272,00
-33653,49	-392,00
-33551,52	-165,00
-33450,01	-293,00
-33348,94	-238,00
-33248,33	-398,00
-33148,16	-367,00
-33048,43	-333,00
-32949,14	-336,00
-32850,29	-349,00
-32751,87	-293,00
-32653,89	-449,00
-32556,33	-403,00
-32459,20	-272,00
-32362,49	-405,00
-32266,19	-322,00
-32170,32	-292,00
-32074,86	-275,00
-31979,82	-250,00
-31885,18	-228,00
-31790,95	-294,00
-31697,12	-231,00
-31603,69	-437,00
-31510,67	-344,00
-31418,04	-189,00
-31325,80	-339,00
-31233,95	-386,00
-31142,49	-378,00
-31051,42	-318,00
-30960,73	-454,00
-30870,43	-248,00
-30780,50	-217,00
-30690,95	-352,00
-30601,77	-382,00
-30512,97	-401,00
-30424,53	-502,00
-30336,46	-415,00
-30248,76	-307,00
-30161,42	-347,00
-30074,44	-291,00
-29987,81	-347,00
-29901,55	-313,00
-29815,63	-308,00
-29730,07	-427,00
-29644,86	-266,00
-29560,00	-356,00
-29475,48	-154,00
-29391,30	-286,00
-29307,47	-273,00
-29223,97	-424,00
-29140,81	-420,00
-29057,99	-323,00
-28975,50	-325,00
-28893,34	-383,00
-28811,51	-464,00
-28730,00	-260,00
-28648,82	-383,00
-28567,97	-383,00
-28487,43	-347,00
-28407,21	-482,00
-28327,32	-367,00
-28247,73	-511,00
-28168,46	-221,00
-28089,50	-426,00
-28010,85	-331,00
-27932,51	-227,00
-27854,48	-233,00
-27776,75	-298,00
-27699,32	-299,00
-27622,19	-430,00
-27545,37	-316,00
-27468,84	-444,00
-27392,60	-356,00
-27316,66	-416,00
-27241,01	-426,00
-27165,66	-526,00
-27090,59	-272,00
-27015,81	-389,00
-26941,31	-319,00
-26867,10	-314,00
-26793,17	-287,00
-26719,52	-460,00
-26646,15	-265,00
-26573,06	-220,00
-26500,24	-354,00
-26427,70	-259,00
-26355,43	-377,00
-26283,43	-285,00
-26211,71	-372,00
-26140,25	-302,00
-26069,06	-562,00
-25998,13	-293,00
-25927,46	-325,00
-25857,06	-498,00
-25786,92	-106,00
-25717,04	-242,00
-25647,42	-446,00
-25578,05	-276,00
-25508,94	-389,00
-25440,09	-404,00
-25371,48	-222,00
-25303,13	-379,00
-25235,02	-208,00
-25167,17	-428,00
-25099,56	-344,00
-25032,19	-283,00
-24965,07	-256,00
-24898,20	-294,00
-24831,56	-284,00
-24765,17	-470,00
-24699,01	-310,00
-24633,10	-292,00
-24567,41	-329,00
-24501,97	-192,00
-24436,75	-343,00
-24371,77	-314,00
-24307,03	-303,00
-24242,51	-336,00
-24178,22	-336,00
-24114,16	-301,00
-24050,32	-386,00
-23986,71	-269,00
-23923,32	-317,00
-23860,16	-336,00
-23797,22	-231,00
-23734,50	-454,00
-23672,00	-361,00
-23609,71	-276,00
-23547,65	-325,00
-23485,80	-344,00
-23424,16	-265,00
-23362,74	-222,00
-23301,53	-204,00
-23240,54	-368,00
-23179,75	-424,00
-23119,17	-352,00
-23058,80	-353,00
-22998,64	-436,00
-22938,68	-283,00
-22878,93	-274,00
-22819,39	-277,00
-22760,04	-234,00
-22700,90	-265,00
-22641,96	-181,00
-22583,22	-396,00
-22524,68	-317,00
-22466,33	-328,00
-22408,19	-245,00
-22350,23	-274,00
-22292,48	-449,00
-22234,92	-358,00
-22177,55	-471,00
-22120,37	-303,00
-22063,38	-414,00
-22006,58	-373,00
-21949,98	-159,00
-21893,56	-253,00
-21837,33	-319,00
-21781,28	-473,00
-21725,42	-345,00
-21669,74	-295,00
-21614,25	-411,00
-21558,94	-458,00
-21503,81	-314,00
-21448,86	-407,00
-21394,10	-398,00
-21339,51	-378,00
-21285,10	-352,00
-21230,86	-205,00
-21176,81	-191,00
-21122,93	-429,00
-21069,22	-240,00
-21015,69	-265,00
-20962,33	-238,00
-20909,14	-424,00
-20856,13	-223,00
-20803,28	-337,00
-20750,61	-278,00
-20698,10	-300,00
-20645,76	-279,00
-20593,59	-329,00
-20541,59	-298,00
-20489,75	-489,00
-20438,07	-404,00
-20386,56	-435,00
-20335,22	-304,00
-20284,03	-335,00
-20233,01	-248,00
-20182,15	-526,00
-20131,45	-356,00
-20080,91	-369,00
-20030,52	-265,00
-19980,30	-392,00
-19930,23	-355,00
-19880,32	-179,00
-19830,56	-300,00
-19780,96	-402,00
-19731,52	-354,00
-19682,23	-328,00
-19633,09	-388,00
-19584,10	-254,00
-19535,26	-323,00
-19486,58	-252,00
-19438,04	-288,00
-19389,66	-393,00
-19341,42	-332,00
-19293,33	-355,00
-19245,39	-231,00
-19197,60	-396,00
-19149,95	-365,00
-19102,45	-235,00
-19055,09	-192,00
-19007,87	-308,00
-18960,80	-253,00
-18913,87	-291,00
-18867,09	-353,00
-18820,44	-384,00
-18773,94	-192,00
-18727,57	-266,00
-18681,35	-409,00
-18635,26	-428,00
-18589,31	-325,00
-18543,50	-241,00
-18497,83	-308,00
-18452,29	-431,00
-18406,89	-394,00
-18361,63	-322,00
-18316,50	-281,00
-18271,50	-223,00
-18226,63	-403,00
-18181,90	-301,00
-18137,30	-150,00
-18092,84	-285,00
-18048,50	-311,00
-18004,29	-270,00
-17960,22	-337,00
-17916,27	-366,00
-17872,45	-141,00
-17828,76	-329,00
-17785,20	-298,00
-17741,77	-391,00
-17698,46	-264,00
-17655,28	-300,00
-17612,22	-306,00
-17569,29	-377,00
-17526,48	-300,00
-17483,79	-399,00
-17441,23	-298,00
-17398,79	-278,00
-17356,48	-572,00
-17314,28	-447,00
-17272,21	-227,00
-17230,26	-176,00
-17188,42	-284,00
-17146,71	-171,00
-17105,12	-175,00
-17063,64	-387,00
-17022,28	-365,00
-16981,04	-160,00
-16939,92	-379,00
-16898,91	-228,00
-16858,02	-101,00
-16817,25	-201,00
-16776,59	-262,00
-16736,04	-344,00
-16695,61	-285,00
-16655,29	-446,00
-16615,09	-401,00
-16574,99	-230,00
-16535,01	-284,00
-16495,15	-345,00
-16455,39	-147,00
-16415,74	-369,00
-16376,21	-367,00
-16336,78	-267,00
-16297,46	-413,00
-16258,26	-329,00
-16219,16	-300,00
-16180,17	-246,00
-16141,28	-294,00
-16102,51	-285,00
-16063,84	-363,00
-16025,27	-262,00
-15986,82	-376,00
-15948,46	-313,00
-15910,22	-299,00
-15872,07	-394,00
-15834,04	-82,00
-15796,10	-317,00
-15758,27	-443,00
-15720,54	-182,00
-15682,91	-371,00
-15645,39	-356,00
-15607,97	-315,00
-15570,64	-267,00
-15533,42	-378,00
-15496,30	-413,00
-15459,28	-348,00
-15422,36	-229,00
-15385,54	-159,00
-15348,82	-173,00
-15312,19	-469,00
-15275,66	-241,00
-15239,23	-285,00
-15202,90	-267,00
-15166,67	-399,00
-15130,53	-254,00
-15094,48	-278,00
-15058,54	-307,00
-15022,68	-251,00
-14986,93	-211,00
-14951,26	-402,00
-14915,69	-346,00
-14880,22	-395,00
-14844,84	-275,00
-14809,55	-295,00
-14774,35	-451,00
-14739,25	-330,00
-14704,24	-268,00
-14669,32	-278,00
-14634,49	-256,00
-14599,75	-223,00
-14565,10	-324,00
-14530,55	-454,00
-14496,08	-279,00
-14461,70	-433,00
-14427,41	-342,00
-14393,21	-280,00
-14359,10	-381,00
-14325,07	-327,00
-14291,14	-298,00
-14257,29	-514,00
-14223,52	-400,00
-14189,85	-415,00
-14156,26	-323,00
-14122,76	-263,00
-14089,34	-220,00
-14056,01	-357,00
-14022,76	-507,00
-13989,60	-296,00
-13956,52	-275,00
-13923,53	-171,00
-13890,62	-379,00
-13857,79	-479,00
-13825,05	-369,00
-13792,39	-272,00
-13759,81	-301,00
-13727,31	-334,00
-13694,90	-234,00
-13662,57	-379,00
-13630,31	-398,00
-13598,14	-222,00
-13566,05	-431,00
-13534,05	-335,00
-13502,12	-330,00
-13470,27	-309,00
-13438,50	-262,00
-13406,80	-325,00
-13375,19	-272,00
-13343,66	-328,00
-13312,20	-399,00
-13280,83	-391,00
-13249,53	-240,00
-13218,30	-304,00
-13187,16	-232,00
-13156,09	-394,00
-13125,10	-387,00
-13094,18	-316,00
-13063,34	-306,00
-13032,58	-277,00
-13001,89	-327,00
-12971,28	-145,00
-12940,74	-426,00
-12910,27	-396,00
-12879,88	-404,00
-12849,57	-430,00
-12819,33	-302,00
-12789,16	-296,00
-12759,06	-347,00
-12729,04	-347,00
-12699,09	-889,00
-12669,21	-296,00
-12639,41	-299,00
-12609,68	-197,00
-12580,02	-266,00
-12550,43	-284,00
-12520,91	-326,00
-12491,46	-228,00
-12462,08	-353,00
-12432,77	-401,00
-12403,54	-240,00
-12374,37	-218,00
-12345,27	-454,00
-12316,24	-194,00
-12287,29	-445,00
-12258,40	-265,00
-12229,57	-336,00
-12200,82	-377,00
-12172,14	-272,00
-12143,52	-337,00
-12114,97	-319,00
-12086,49	-352,00
-12058,07	-396,00
-12029,73	-294,00
-12001,44	-364,00
-11973,23	-213,00
-11945,08	-221,00
-11917,00	-287,00
-11888,98	-198,00
-11861,03	-129,00
-11833,15	-190,00
-11805,32	-400,00
-11777,57	-187,00
-11749,88	-305,00
-11722,25	-222,00
-11694,69	-306,00
-11667,19	-153,00
-11639,75	-361,00
-11612,38	-457,00
-11585,07	-362,00
-11557,83	-335,00
-11530,65	-262,00
-11503,53	-322,00
-11476,47	-243,00
-11449,48	-292,00
-11422,54	-334,00
-11395,67	-354,00
-11368,86	-264,00
-11342,11	-249,00
-11315,43	-359,00
-11288,80	-203,00
-11262,23	-269,00
-11235,73	-295,00
-11209,28	-120,00
-11182,90	-296,00
-11156,57	-118,00
-11130,31	-299,00
-11104,10	-280,00
-11077,96	-392,00
-11051,87	-415,00
-11025,84	-314,00
-10999,87	-321,00
-10973,96	-456,00
-10948,11	-316,00
-10922,31	-259,00
-10896,58	-307,00
-10870,90	-417,00
-10845,28	-313,00
-10819,71	-320,00
-10794,20	-189,00
-10768,75	-266,00
-10743,36	-327,00
-10718,02	-201,00
-10692,74	-407,00
-10667,52	-266,00
-10642,35	-386,00
-10617,24	-238,00
-10592,18	-381,00
-10567,18	-398,00
-10542,23	-261,00
-10517,34	-351,00
-10492,51	-275,00
-10467,72	-369,00
-10443,00	-305,00
-10418,32	-335,00
-10393,70	-347,00
-10369,14	-356,00
-10344,63	-470,00
-10320,17	-535,00
-10295,77	-510,00
-10271,42	-387,00
-10247,12	-349,00
-10222,88	-435,00
-10198,68	-324,00
-10174,54	-316,00
-10150,46	-700,00
-10126,42	-524,00
-10102,44	-584,00
-10078,51	-503,00
-10054,63	-501,00
-10030,80	-665,00
-10007,03	-677,00
-9983,30	-500,00
-9959,63	-667,00
-9936,01	-498,00
-9912,44	-786,00
-9888,92	-599,00
-9865,44	-688,00
-9842,02	-699,00
-9818,65	-667,00
-9795,33	-578,00
-9772,06	-710,00
-9748,84	-676,00
-9725,67	-880,00
-9702,55	-947,00
-9679,47	-984,00
-9656,45	-1162,00
-9633,47	-1024,00
-9610,55	-996,00
-9587,67	-1127,00
-9564,84	-1181,00
-9542,06	-1523,00
-9519,32	-1449,00
-9496,64	-1431,00
-9474,00	-1708,00
-9451,41	-1757,00
-9428,87	-1717,00
-9406,37	-1643,00
-9383,92	-1774,00
-9361,52	-1623,00
-9339,17	-1841,00
-9316,86	-2042,00
-9294,60	-2156,00
-9272,38	-2630,00
-9250,21	-2499,00
-9228,09	-2565,00
-9206,01	-2546,00
-9183,98	-2262,00
-9162,00	-2250,00
-9140,06	-2120,00
-9118,16	-2244,00
-9096,31	-2245,00
-9074,51	-2591,00
-9052,75	-2320,00
-9031,04	-2358,00
-9009,37	-2280,00
-8987,74	-1900,00
-8966,16	-1715,00
-8944,63	-1503,00
-8923,14	-1221,00
-8901,69	-1793,00
-8880,29	-1846,00
-8858,93	-1819,00
-8837,61	-2138,00
-8816,34	-2216,00
-8795,11	-2196,00
-8773,92	-2029,00
-8752,78	-2004,00
-8731,68	-1550,00
-8710,62	-1787,00
-8689,61	-1922,00
-8668,63	-2073,00
-8647,70	-2142,00
-8626,82	-2024,00
-8605,97	-2203,00
-8585,17	-1790,00
-8564,41	-1749,00
-8543,69	-1539,00
-8523,01	-1422,00
-8502,37	-1648,00
-8481,78	-1571,00
-8461,23	-1787,00
-8440,71	-1956,00
-8420,24	-1984,00
-8399,81	-2137,00
-8379,42	-2087,00
-8359,08	-1889,00
-8338,77	-1645,00
-8318,50	-1796,00
-8298,27	-1638,00
-8278,09	-1626,00
-8257,94	-1723,00
-8237,83	-1989,00
-8217,76	-2083,00
-8197,74	-1997,00
-8177,75	-1981,00
-8157,80	-1854,00
-8137,89	-1539,00
-8118,02	-1639,00
-8098,19	-1709,00
-8078,40	-1565,00
-8058,65	-1567,00
-8038,93	-1601,00
-8019,26	-1580,00
-7999,62	-1470,00
-7980,02	-1587,00
-7960,46	-1416,00
-7940,94	-1540,00
-7921,46	-1454,00
-7902,01	-1172,00
-7882,60	-1367,00
-7863,23	-1420,00
-7843,90	-1347,00
-7824,61	-1392,00
-7805,35	-1673,00
-7786,13	-1587,00
-7766,95	-1525,00
-7747,80	-1617,00
-7728,69	-1446,00
-7709,62	-1365,00
-7690,59	-1293,00
-7671,59	-1570,00
-7652,63	-1683,00
-7633,70	-1581,00
-7614,81	-1594,00
-7595,96	-1465,00
-7577,15	-1278,00
-7558,37	-1182,00
-7539,62	-1334,00
-7520,91	-1260,00
-7502,24	-1655,00
-7483,60	-1553,00
-7465,00	-1235,00
-7446,44	-1247,00
-7427,91	-1083,00
-7409,41	-959,00
-7390,95	-1156,00
-7372,53	-997,00
-7354,14	-1027,00
-7335,78	-934,00
-7317,46	-1048,00
-7299,18	-1245,00
-7280,92	-1162,00
-7262,71	-1487,00
-7244,52	-1401,00
-7226,38	-1448,00
-7208,26	-1473,00
-7190,18	-1231,00
-7172,14	-1015,00
-7154,12	-1261,00
-7136,15	-1181,00
-7118,20	-1375,00
-7100,29	-1333,00
-7082,41	-1244,00
-7064,57	-1527,00
-7046,76	-1126,00
-7028,98	-1302,00
-7011,24	-1218,00
-6993,53	-807,00
-6975,85	-795,00
-6958,20	-772,00
-6940,59	-707,00
-6923,01	-710,00
-6905,46	-1140,00
-6887,94	-897,00
-6870,46	-1192,00
-6853,01	-1285,00
-6835,59	-1204,00
-6818,21	-1108,00
-6800,85	-1124,00
-6783,53	-867,00
-6766,24	-803,00
-6748,98	-601,00
-6731,76	-656,00
-6714,56	-458,00
-6697,40	-525,00
-6680,26	-530,00
-6663,16	-594,00
-6646,09	-942,00
-6629,05	-996,00
-6612,05	-1031,00
-6595,07	-1113,00
-6578,13	-1028,00
-6561,21	-744,00
-6544,33	-696,00
-6527,47	-497,00
-6510,65	-661,00
-6493,86	-524,00
-6477,10	-629,00
-6460,36	-638,00
-6443,66	-441,00
-6426,99	-591,00
-6410,35	-676,00
-6393,74	-653,00
-6377,16	-594,00
-6360,61	-797,00
-6344,09	-642,00
-6327,59	-746,00
-6311,13	-821,00
-6294,70	-767,00
-6278,29	-882,00
-6261,92	-847,00
-6245,58	-1036,00
-6229,26	-996,00
-6212,97	-1172,00
-6196,72	-937,00
-6180,49	-684,00
-6164,29	-448,00
-6148,12	-276,00
-6131,98	-334,00
-6115,86	-325,00
-6099,78	-301,00
-6083,72	-196,00
-6067,69	-337,00
-6051,69	-204,00
-6035,72	-431,00
-6019,78	-573,00
-6003,87	-695,00
-5987,98	-823,00
-5972,12	-861,00
-5956,29	-940,00
-5940,49	-645,00
-5924,71	-548,00
-5908,96	-675,00
-5893,24	-510,00
-5877,55	-568,00
-5861,89	-529,00
-5846,25	-509,00
-5830,64	-582,00
-5815,05	-554,00
-5799,50	-519,00
-5783,97	-539,00
-5768,47	-652,00
-5752,99	-565,00
-5737,55	-714,00
-5722,12	-872,00
-5706,73	-682,00
-5691,36	-693,00
-5676,02	-534,00
-5660,71	-447,00
-5645,42	-334,00
-5630,16	-573,00
-5614,92	-536,00
-5599,71	-502,00
-5584,53	-594,00
-5569,37	-493,00
-5554,24	889,00
-5539,14	-583,00
-5524,06	-412,00
-5509,01	-412,00
-5493,98	-718,00
-5478,98	-442,00
-5464,00	-535,00
-5449,05	-529,00
-5434,13	-638,00
-5419,23	-518,00
-5404,36	-548,00
-5389,51	-581,00
-5374,69	-642,00
-5359,89	-891,00
-5345,12	-865,00
-5330,37	-886,00
-5315,65	-570,00
-5300,95	-569,00
-5286,28	-656,00
-5271,63	-484,00
-5257,01	-531,00
-5242,41	-523,00
-5227,84	-552,00
-5213,29	-439,00
-5198,76	-296,00
-5184,26	-383,00
-5169,79	-616,00
-5155,33	-486,00
-5140,91	-512,00
-5126,51	-522,00
-5112,13	-647,00
-5097,77	-555,00
-5083,44	-477,00
-5069,13	-358,00
-5054,85	-617,00
-5040,59	-503,00
-5026,36	-661,00
-5012,15	-554,00
-4997,96	-608,00
-4983,80	-465,00
-4969,66	-454,00
-4955,54	-363,00
-4941,44	-553,00
-4927,37	-685,00
-4913,33	-906,00
-4899,30	-777,00
-4885,30	-734,00
-4871,33	-546,00
-4857,37	-503,00
-4843,44	-404,00
-4829,53	-529,00
-4815,65	-519,00
-4801,79	-501,00
-4787,95	-429,00
-4774,13	-381,00
-4760,34	-414,00
-4746,56	-419,00
-4732,82	-418,00
-4719,09	-577,00
-4705,38	-518,00
-4691,70	-920,00
-4678,04	-838,00
-4664,41	-628,00
-4650,79	-612,00
-4637,20	-411,00
-4623,63	-498,00
-4610,08	-607,00
-4596,56	-602,00
-4583,05	-596,00
-4569,57	-489,00
-4556,11	-465,00
-4542,67	-321,00
-4529,25	-304,00
-4515,86	-543,00
-4502,49	-577,00
-4489,13	-646,00
-4475,80	-757,00
-4462,49	-528,00
-4449,21	-523,00
-4435,94	-377,00
-4422,70	-536,00
-4409,47	-463,00
-4396,27	-616,00
-4383,09	-577,00
-4369,93	-272,00
-4356,79	-266,00
-4343,67	-395,00
-4330,58	-443,00
-4317,50	-385,00
-4304,45	-506,00
-4291,41	-393,00
-4278,40	-220,00
-4265,41	-434,00
-4252,44	-440,00
-4239,49	-513,00
-4226,55	-520,00
-4213,65	-509,00
-4200,76	-521,00
-4187,89	-563,00
-4175,04	-444,00
-4162,21	-361,00
-4149,40	-324,00
-4136,61	-287,00
-4123,85	-391,00
-4111,10	-287,00
-4098,37	-491,00
-4085,66	-304,00
-4072,98	-266,00
-4060,31	-444,00
-4047,66	-403,00
-4035,04	-405,00
-4022,43	-388,00
-4009,84	-390,00
-3997,27	-342,00
-3984,72	-294,00
-3972,19	-383,00
-3959,69	-293,00
-3947,20	-246,00
-3934,73	-327,00
-3922,27	-304,00
-3909,84	-403,00
-3897,43	-268,00
-3885,04	-338,00
-3872,67	-383,00
-3860,31	-471,00
-3847,98	-339,00
-3835,66	-264,00
-3823,36	-248,00
-3811,09	-311,00
-3798,83	-348,00
-3786,59	-363,00
-3774,37	-407,00
-3762,17	-232,00
-3749,98	-349,00
-3737,82	-335,00
-3725,67	-393,00
-3713,55	-342,00
-3701,44	-589,00
-3689,35	-315,00
-3677,28	-286,00
-3665,22	-406,00
-3653,19	-224,00
-3641,17	-131,00
-3629,18	-394,00
-3617,20	-449,00
-3605,24	-369,00
-3593,30	-220,00
-3581,37	-481,00
-3569,47	-489,00
-3557,58	-296,00
-3545,71	-249,00
-3533,86	-300,00
-3522,02	-51,00
-3510,21	-245,00
-3498,41	-285,00
-3486,63	-325,00
-3474,87	-381,00
-3463,12	-452,00
-3451,40	-237,00
-3439,69	-315,00
-3428,00	-371,00
-3416,33	-402,00
-3404,67	-361,00
-3393,03	-381,00
-3381,41	-425,00
-3369,81	-246,00
-3358,22	-420,00
-3346,66	-312,00
-3335,10	-381,00
-3323,57	-317,00
-3312,06	-575,00
-3300,56	-228,00
-3289,08	-273,00
-3277,61	-210,00
-3266,16	-397,00
-3254,73	-404,00
-3243,32	-285,00
-3231,92	-205,00
-3220,55	-212,00
-3209,18	-188,00
-3197,84	-228,00
-3186,51	-386,00
-3175,20	-376,00
-3163,90	-354,00
-3152,63	-409,00
-3141,36	-211,00
-3130,12	-462,00
-3118,89	-293,00
-3107,68	-353,00
-3096,49	-344,00
-3085,31	-370,00
-3074,15	-307,00
-3063,00	-355,00
-3051,87	-274,00
-3040,76	-268,00
-3029,67	-477,00
-3018,59	-306,00
-3007,52	-355,00
-2996,48	-265,00
-2985,44	-161,00
-2974,43	-485,00
-2963,43	-452,00
-2952,45	-307,00
-2941,48	-347,00
-2930,53	-437,00
-2919,60	-318,00
-2908,68	-319,00
-2897,78	-389,00
-2886,89	-367,00
-2876,02	-428,00
-2865,17	-361,00
-2854,33	-342,00
-2843,50	-390,00
-2832,70	-108,00
-2821,90	-175,00
-2811,13	-296,00
-2800,37	-161,00
-2789,62	-265,00
-2778,89	-246,00
-2768,18	-192,00
-2757,48	-363,00
-2746,80	-305,00
-2736,13	-277,00
-2725,48	-338,00
-2714,84	-121,00
-2704,22	-443,00
-2693,61	-234,00
-2683,02	-216,00
-2672,45	-382,00
-2661,89	-392,00
-2651,34	-175,00
-2640,81	-358,00
-2630,30	-240,00
-2619,80	-374,00
-2609,31	-316,00
-2598,84	-425,00
-2588,39	-258,00
-2577,95	-365,00
-2567,52	-370,00
-2557,11	-181,00
-2546,71	-368,00
-2536,33	-276,00
-2525,97	-193,00
-2515,62	-437,00
-2505,28	-420,00
-2494,96	-366,00
-2484,65	-203,00
-2474,36	-421,00
-2464,08	-212,00
-2453,82	-375,00
-2443,57	-273,00
-2433,33	-382,00
-2423,11	-273,00
-2412,91	-234,00
-2402,72	-293,00
-2392,54	-382,00
-2382,38	-321,00
-2372,23	-285,00
-2362,09	2445,00
-2351,97	-291,00
-2341,87	-138,00
-2331,78	-252,00
-2321,70	-376,00
-2311,64	-468,00
-2301,59	-409,00
-2291,55	-398,00
-2281,53	-313,00
-2271,53	-263,00
-2261,53	-414,00
-2251,55	-331,00
-2241,59	-260,00
-2231,64	-244,00
-2221,70	-377,00
-2211,78	-414,00
-2201,87	-306,00
-2191,97	-511,00
-2182,09	-242,00
-2172,22	-330,00
-2162,37	-310,00
-2152,53	-309,00
-2142,70	-323,00
-2132,89	-239,00
-2123,09	-356,00
-2113,30	-241,00
-2103,53	-320,00
-2093,77	-322,00
-2084,02	-248,00
-2074,29	-382,00
-2064,57	-409,00
-2054,86	-370,00
-2045,17	-377,00
-2035,49	-232,00
-2025,82	-352,00
-2016,17	-379,00
-2006,53	-272,00
-1996,91	-212,00
-1987,29	-386,00
-1977,69	-237,00
-1968,11	-390,00
-1958,53	-470,00
-1948,97	-176,00
-1939,42	-320,00
-1929,89	-263,00
-1920,37	-442,00
-1910,86	-142,00
-1901,36	-346,00
-1891,88	-346,00
-1882,41	-449,00
-1872,95	-303,00
-1863,51	-275,00
-1854,08	-261,00
-1844,66	-467,00
-1835,26	-335,00
-1825,86	-374,00
-1816,48	-275,00
-1807,11	-202,00
-1797,76	-337,00
-1788,42	-294,00
-1779,09	-333,00
-1769,77	-216,00
-1760,47	-336,00
-1751,17	-371,00
-1741,89	-211,00
-1732,63	-348,00
-1723,37	-282,00
-1714,13	-403,00
-1704,90	-190,00
-1695,68	-436,00
-1686,48	-199,00
-1677,29	-250,00
-1668,11	-424,00
-1658,94	-262,00
-1649,78	-102,00
-1640,64	-356,00
-1631,51	-385,00
-1622,39	-153,00
-1613,28	-393,00
-1604,19	-213,00
-1595,10	-315,00
-1586,03	-517,00
-1576,97	-341,00
-1567,93	-143,00
-1558,89	-134,00
-1549,87	-344,00
-1540,86	-180,00
-1531,86	-256,00
-1522,87	-442,00
-1513,90	-478,00
-1504,93	-398,00
-1495,98	-258,00
-1487,04	-321,00
-1478,12	-469,00
-1469,20	-392,00
-1460,30	-420,00
-1451,40	-497,00
-1442,52	-371,00
-1433,65	-437,00
-1424,80	-423,00
-1415,95	-357,00
-1407,12	-252,00
-1398,30	-349,00
-1389,48	-320,00
-1380,69	-257,00
-1371,90	-310,00
-1363,12	-248,00
-1354,36	-262,00
-1345,60	-354,00
-1336,86	-239,00
-1328,13	-526,00
-1319,41	-505,00
-1310,70	-289,00
-1302,01	-360,00
-1293,32	-510,00
-1284,65	-225,00
-1275,99	-388,00
-1267,33	-173,00
-1258,69	-369,00
-1250,06	-137,00
-1241,45	-352,00
-1232,84	-313,00
-1224,25	-289,00
-1215,66	-336,00
-1207,09	-548,00
-1198,53	-279,00
-1189,97	-324,00
-1181,43	-326,00
-1172,91	-246,00
-1164,39	-322,00
-1155,88	-324,00
-1147,38	-245,00
-1138,90	-323,00
-1130,43	-430,00
-1121,96	-393,00
-1113,51	-234,00
-1105,07	-382,00
-1096,64	-429,00
-1088,22	-258,00
-1079,81	-476,00
-1071,41	-374,00
-1063,02	-212,00
-1054,65	-322,00
-1046,28	-324,00
-1037,92	-115,00
-1029,58	-355,00
-1021,24	-396,00
-1012,92	-454,00
-1004,61	-295,00
-996,30	-392,00
-988,01	-274,00
-979,73	-480,00
-971,46	-318,00
-963,20	-346,00
-954,95	-242,00
-946,71	-346,00
-938,48	-294,00
-930,26	-408,00
-922,06	-243,00
-913,86	-361,00
-905,67	-233,00
-897,49	-291,00
-889,33	-447,00
-881,17	-378,00
-873,02	-341,00
-864,89	-434,00
-856,76	-442,00
-848,65	-273,00
-840,54	-442,00
-832,45	-336,00
-824,36	-224,00
-816,29	-265,00
-808,22	-447,00
-800,17	-355,00
-792,12	-250,00
-784,09	-393,00
-776,06	-133,00
-768,05	-253,00
-760,04	-292,00
-752,05	-280,00
-744,07	-335,00
-736,09	-311,00
-728,13	-455,00
-720,17	-234,00
-712,23	-424,00
-704,29	-360,00
-696,37	-236,00
-688,45	-268,00
-680,55	-419,00
-672,65	-153,00
-664,77	-426,00
-656,89	-400,00
-649,03	-325,00
-641,17	-322,00
-633,32	-286,00
-625,49	-198,00
-617,66	-389,00
-609,84	-419,00
-602,03	-320,00
-594,23	-277,00
-586,45	-344,00
-578,67	-321,00
-570,90	-276,00
-563,14	-132,00
-555,39	-262,00
-547,65	-282,00
-539,91	-268,00
-532,19	-348,00
-524,48	-418,00
-516,78	-484,00
-509,08	-267,00
-501,40	-453,00
-493,72	-262,00
-486,06	-269,00
-478,40	-186,00
-470,76	-333,00
-463,12	-237,00
-455,49	-326,00
-447,87	-336,00
-440,26	-262,00
-432,66	-288,00
-425,07	-364,00
-417,49	-393,00
-409,92	-294,00
-402,35	-145,00
-394,80	-313,00
-387,25	-294,00
-379,72	-263,00
-372,19	-446,00
-364,67	-209,00
-357,17	-297,00
-349,67	-372,00
-342,18	-257,00
-334,69	-301,00
-327,22	-323,00
-319,76	-236,00
-312,30	-191,00
-304,86	-268,00
-297,42	-346,00
-290,00	-255,00
-282,58	-266,00
-275,17	-101,00
-267,77	-341,00
-260,37	-92,00
-252,99	-76,00
-245,62	-243,00
-238,25	-90,00
-230,90	-121,00
-223,55	-113,00
-216,21	-262,00
-208,88	-169,00
-201,56	-162,00
-194,25	-151,00
-186,94	-58,00
-179,65	-18,00
-172,36	34,00
-165,08	141,00
-157,81	-27,00
-150,55	218,00
-143,30	212,00
-136,06	273,00
-128,82	158,00
-121,60	389,00
-114,38	522,00
-107,17	568,00
-99,97	613,00
-92,78	687,00
-85,60	932,00
-78,42	1181,00
-71,25	1300,00
-64,10	1690,00
-56,95	2024,00
-49,81	2476,00
-42,67	3155,00
-35,55	3840,00
-28,43	5498,00
-21,33	9522,00
-14,23	31783,00
-7,14	50179,00
-0,05	49721,00
7,02	49075,00
14,09	49817,00
21,14	27106,00
28,19	11581,00
35,23	7255,00
42,27	5098,00
49,29	4379,00
56,31	3587,00
63,32	2785,00
70,32	2434,00
77,31	2038,00
84,29	1820,00
91,27	1462,00
98,23	1396,00
105,19	1324,00
112,14	1726,00
119,09	4010,00
126,02	7577,00
132,95	9494,00
139,87	9731,00
146,78	9513,00
153,68	9558,00
160,58	9041,00
167,46	8721,00
174,34	8350,00
181,21	8243,00
188,08	8349,00
194,93	8287,00
201,78	8484,00
208,62	8921,00
215,45	8870,00
222,27	9347,00
229,09	9229,00
235,90	9428,00
242,70	9064,00
249,49	9000,00
256,27	8732,00
263,05	8144,00
269,82	7937,00
276,58	7524,00
283,33	7261,00
290,08	7008,00
296,82	6626,00
303,55	6645,00
310,27	6294,00
316,98	6129,00
323,69	6104,00
330,39	5907,00
337,08	6035,00
343,76	5721,00
350,44	5919,00
357,11	5587,00
363,77	5584,00
370,42	5595,00
377,07	5405,00
383,71	5427,00
390,34	5252,00
396,96	5279,00
403,58	5347,00
410,19	5497,00
416,79	5165,00
423,38	5205,00
429,97	5201,00
436,55	5090,00
443,12	4983,00
449,68	4857,00
456,24	4960,00
462,79	4930,00
469,33	4816,00
475,86	4785,00
482,39	4787,00
488,91	4587,00
495,42	4718,00
501,93	4747,00
508,42	4635,00
514,91	4514,00
521,40	4542,00
527,87	4538,00
534,34	4509,00
540,80	4605,00
547,25	4620,00
553,70	4490,00
560,14	4544,00
566,57	4542,00
573,00	4553,00
579,41	4317,00
585,83	4409,00
592,23	4213,00
598,62	4494,00
605,01	4431,00
611,40	4449,00
617,77	4246,00
624,14	4369,00
630,50	4249,00
636,85	4339,00
643,20	4122,00
649,54	4373,00
655,87	4346,00
662,20	4117,00
668,52	4097,00
674,83	4116,00
681,13	4176,00
687,43	4202,00
693,72	3973,00
700,00	4237,00
706,28	4057,00
712,55	4316,00
718,81	4123,00
725,07	4445,00
731,32	4339,00
737,56	4332,00
743,79	4463,00
750,02	4423,00
756,24	4528,00
762,46	4479,00
768,67	4277,00
774,87	4558,00
781,06	4344,00
787,25	4178,00
793,43	4350,00
799,60	4333,00
805,77	4135,00
811,93	4296,00
818,08	4295,00
824,23	4443,00
830,37	4141,00
836,50	4320,00
842,63	4309,00
848,75	4285,00
854,87	4193,00
860,97	4010,00
867,07	4034,00
873,17	4163,00
879,25	4075,00
885,33	4132,00
891,41	4144,00
897,47	3971,00
903,53	4352,00
909,59	4380,00
915,63	4265,00
921,67	4440,00
927,71	4474,00
933,74	4615,00
939,76	4508,00
945,77	4526,00
951,78	4277,00
957,78	4406,00
963,78	4246,00
969,77	4135,00
975,75	4054,00
981,72	3955,00
987,69	3618,00
993,66	4122,00
999,61	4031,00
1005,56	3953,00
1011,51	4057,00
1017,44	4046,00
1023,37	4044,00
1029,30	4110,00
1035,22	3979,00
1041,13	4113,00
1047,03	3936,00
1052,93	4405,00
1058,83	4573,00
1064,71	4816,00
1070,59	4490,00
1076,47	4257,00
1082,33	4153,00
1088,20	4034,00
1094,05	3925,00
1099,90	3895,00
1105,74	4017,00
1111,58	3932,00
1117,41	4234,00
1123,23	4579,00
1129,05	4842,00
1134,86	4491,00
1140,67	4154,00
1146,47	3840,00
1152,26	3826,00
1158,05	3735,00
1163,83	3850,00
1169,60	3741,00
1175,37	3938,00
1181,13	3722,00
1186,89	3593,00
1192,64	3520,00
1198,38	3691,00
1204,12	3777,00
1209,85	3634,00
1215,58	3736,00
1221,30	3694,00
1227,02	3694,00
1232,72	3868,00
1238,43	3702,00
1244,12	3806,00
1249,81	3939,00
1255,50	3894,00
1261,17	3964,00
1266,85	4112,00
1272,51	4139,00
1278,17	4276,00
1283,83	4422,00
1289,47	5067,00
1295,12	5736,00
1300,75	5618,00
1306,38	5030,00
1312,01	4548,00
1317,63	4562,00
1323,24	4376,00
1328,85	4561,00
1334,45	4362,00
1340,04	4507,00
1345,63	4695,00
1351,22	4748,00
1356,80	4874,00
1362,37	5023,00
1367,93	5063,00
1373,49	5164,00
1379,05	5190,00
1384,60	5019,00
1390,14	5054,00
1395,68	5098,00
1401,21	4948,00
1406,74	5085,00
1412,26	4975,00
1417,77	5094,00
1423,28	5189,00
1428,78	5207,00
1434,28	5461,00
1439,77	5909,00
1445,26	5931,00
1450,74	5574,00
1456,22	5479,00
1461,68	5253,00
1467,15	5237,00
1472,61	4813,00
1478,06	4571,00
1483,51	4324,00
1488,95	4310,00
1494,38	4249,00
1499,81	4114,00
1505,24	3939,00
1510,65	3933,00
1516,07	4113,00
1521,48	4047,00
1526,88	3933,00
1532,27	3705,00
1537,67	3666,00
1543,05	3607,00
1548,43	3591,00
1553,81	3532,00
1559,18	3702,00
1564,54	3659,00
1569,90	3397,00
1575,25	3427,00
1580,60	3425,00
1585,94	3360,00
1591,28	3365,00
1596,61	3255,00
1601,93	3414,00
1607,25	3305,00
1612,57	3206,00
1617,88	3275,00
1623,18	3309,00
1628,48	3251,00
1633,77	3197,00
1639,06	3205,00
1644,34	3154,00
1649,62	3132,00
1654,89	3004,00
1660,16	2828,00
1665,42	2858,00
1670,67	2980,00
1675,92	2929,00
1681,17	2602,00
1686,41	2783,00
1691,64	2763,00
1696,87	2892,00
1702,10	2708,00
1707,32	2636,00
1712,53	2665,00
1717,74	2458,00
1722,94	2681,00
1728,14	2395,00
1733,33	2585,00
1738,52	2447,00
1743,70	2544,00
1748,88	2471,00
1754,05	2486,00
1759,22	2544,00
1764,38	2341,00
1769,53	2505,00
1774,69	2216,00
1779,83	2163,00
1784,97	2261,00
1790,11	2107,00
1795,24	2273,00
1800,36	2090,00
1805,48	2447,00
1810,60	2208,00
1815,71	2129,00
1820,82	2229,00
1825,92	2155,00
1831,01	2259,00
1836,10	2375,00
1841,19	2280,00
1846,26	2149,00
1851,34	2230,00
1856,41	2195,00
1861,47	2117,00
1866,53	2098,00
1871,59	1971,00
1876,64	2132,00
1881,68	2232,00
1886,72	1860,00
1891,76	2087,00
1896,79	1967,00
1901,81	2028,00
1906,83	2019,00
1911,85	1889,00
1916,86	1950,00
1921,86	1956,00
1926,86	1748,00
1931,86	1717,00
1936,85	1801,00
1941,83	1753,00
1946,81	1813,00
1951,79	1868,00
1956,76	1617,00
1961,72	1784,00
1966,68	1706,00
1971,64	1820,00
1976,59	1614,00
1981,54	1713,00
1986,48	1471,00
1991,42	1795,00
1996,35	1490,00
2001,27	1673,00
2006,20	1780,00
2011,11	1628,00
2016,03	1617,00
2020,93	1574,00
2025,84	1639,00
2030,73	1473,00
2035,63	1380,00
2040,52	1385,00
2045,40	1493,00
2050,28	1525,00
2055,15	1656,00
2060,02	1556,00
2064,89	1495,00
2069,75	1543,00
2074,60	1422,00
2079,46	1544,00
2084,30	1573,00
2089,14	1338,00
2093,98	1484,00
2098,81	1475,00
2103,64	1553,00
2108,46	1360,00
2113,28	1422,00
2118,09	1480,00
2122,90	1372,00
2127,70	1337,00
2132,50	1232,00
2137,30	1552,00
2142,09	1374,00
2146,87	1318,00
2151,66	1407,00
2156,43	1403,00
2161,20	1347,00
2165,97	1269,00
2170,73	1289,00
2175,49	1294,00
2180,24	1394,00
2184,99	1320,00
2189,74	1107,00
2194,48	1179,00
2199,21	1258,00
2203,94	1275,00
2208,67	1086,00
2213,39	1211,00
2218,11	1022,00
2222,82	1023,00
2227,53	1133,00
2232,23	1211,00
2236,93	1110,00
2241,63	1099,00
2246,32	1070,00
2251,00	1108,00
2255,68	1065,00
2260,36	1116,00
2265,03	1009,00
2269,70	961,00
2274,36	1147,00
2279,02	980,00
2283,68	1111,00
2288,33	968,00
2292,97	1103,00
2297,61	1065,00
2302,25	975,00
2306,88	1180,00
2311,51	1026,00
2316,14	973,00
2320,75	1038,00
2325,37	1018,00
2329,98	1032,00
2334,59	1043,00
2339,19	1106,00
2343,79	1005,00
2348,38	1034,00
2352,97	1058,00
2357,55	817,00
2362,13	983,00
2366,71	1107,00
2371,28	961,00
2375,85	1013,00
2380,41	971,00
2384,97	904,00
2389,52	1040,00
2394,07	863,00
2398,62	920,00
2403,16	854,00
2407,70	842,00
2412,23	801,00
2416,76	844,00
2421,29	918,00
2425,81	755,00
2430,32	659,00
2434,84	880,00
2439,34	746,00
2443,85	635,00
2448,35	801,00
2452,84	678,00
2457,33	653,00
2461,82	702,00
2466,30	881,00
2470,78	689,00
2475,25	797,00
2479,72	750,00
2484,19	695,00
2488,65	705,00
2493,11	758,00
2497,56	757,00
2502,01	708,00
2506,46	777,00
2510,90	573,00
2515,34	699,00
2519,77	679,00
2524,20	573,00
2528,62	673,00
2533,04	837,00
2537,46	537,00
2541,87	632,00
2546,28	831,00
2550,68	720,00
2555,08	656,00
2559,48	531,00
2563,87	415,00
2568,26	706,00
2572,64	590,00
2577,02	662,00
2581,40	602,00
2585,77	541,00
2590,14	494,00
2594,50	708,00
2598,86	716,00
2603,22	712,00
2607,57	446,00
2611,92	554,00
2616,26	506,00
2620,60	583,00
2624,94	646,00
2629,27	484,00
2633,60	478,00
2637,92	405,00
2642,24	313,00
2646,56	408,00
2650,87	690,00
2655,18	493,00
2659,48	543,00
2663,78	468,00
2668,08	611,00
2672,37	559,00
2676,66	541,00
2680,95	550,00
2685,23	711,00
2689,50	582,00
2693,78	584,00
2698,05	643,00
2702,31	369,00
2706,57	572,00
2710,83	607,00
2715,08	648,00
2719,33	572,00
2723,58	639,00
2727,82	789,00
2732,06	527,00
2736,29	644,00
2740,53	595,00
2744,75	575,00
2748,97	455,00
2753,19	540,00
2757,41	605,00
2761,62	453,00
2765,83	539,00
2770,03	446,00
2774,23	666,00
2778,43	568,00
2782,62	530,00
2786,81	534,00
2791,00	581,00
2795,18	621,00
2799,35	590,00
2803,53	754,00
2807,70	803,00
2811,86	582,00
2816,03	630,00
2820,19	646,00
2824,34	864,00
2828,49	796,00
2832,64	927,00
2836,78	1145,00
2840,92	1475,00
2845,06	1640,00
2849,19	1920,00
2853,32	1931,00
2857,45	2114,00
2861,57	2032,00
2865,69	1908,00
2869,80	1924,00
2873,91	2008,00
2878,02	2138,00
2882,12	2494,00
2886,22	2248,00
2890,32	2236,00
2894,41	2022,00
2898,50	2004,00
2902,58	1641,00
2906,67	1468,00
2910,74	1547,00
2914,82	1334,00
2918,89	1227,00
2922,96	1177,00
2927,02	1011,00
2931,08	1098,00
2935,13	1089,00
2939,19	953,00
2943,24	755,00
2947,28	730,00
2951,32	656,00
2955,36	727,00
2959,40	367,00
2963,43	435,00
2967,46	365,00
2971,48	407,00
2975,50	300,00
2979,52	283,00
2983,53	359,00
2987,54	186,00
2991,55	380,00
2995,55	443,00
2999,55	285,00
3003,54	254,00
3007,54	344,00
3011,53	243,00
3015,51	6,00
3019,49	131,00
3023,47	113,00
3027,45	333,00
3031,42	343,00
3035,39	184,00
3039,35	169,00
3043,31	172,00
3047,27	217,00
3051,22	77,00
3055,17	162,00
3059,12	209,00
3063,06	192,00
3067,00	-19,00
3070,94	244,00
3074,87	72,00
3078,80	35,00
3082,73	-13,00
3086,65	123,00
3090,57	0,00
3094,49	74,00
3098,40	2,00
3102,31	-66,00
3106,22	-7,00
3110,12	40,00
3114,02	28,00
3117,92	39,00
3121,81	-27,00
3125,70	-23,00
3129,58	41,00
3133,47	7,00
3137,34	-3,00
3141,22	25,00
3145,09	84,00
3148,96	-3,00
3152,83	-47,00
3156,69	53,00
3160,55	-77,00
3164,40	14,00
3168,26	44,00
3172,10	32,00
3175,95	-59,00
3179,79	-31,00
3183,63	-138,00
3187,47	74,00
3191,30	-108,00
3195,13	-145,00
3198,95	-59,00
3202,78	-56,00
3206,60	-81,00
3210,41	-28,00
3214,23	27,00
3218,03	-90,00
3221,84	-25,00
3225,64	9,00
3229,44	-60,00
3233,24	-124,00
3237,03	-130,00
3240,82	-45,00
3244,61	-16,00
3248,39	-124,00
3252,17	-153,00
3255,95	-114,00
3259,72	-139,00
3263,49	-35,00
3267,26	-156,00
3271,03	-15,00
3274,79	-102,00
3278,54	-120,00
3282,30	-61,00
3286,05	-32,00
3289,80	-142,00
3293,54	77,00
3297,29	-53,00
3301,02	-138,00
3304,76	37,00
3308,49	-2,00
3312,22	-174,00
3315,95	-54,00
3319,67	-44,00
3323,39	-2,00
3327,10	-92,00
3330,82	-32,00
3334,53	-162,00
3338,24	-44,00
3341,94	-35,00
3345,64	-137,00
3349,34	-39,00
3353,03	-125,00
3356,72	-181,00
3360,41	-99,00
3364,10	-155,00
3367,78	-166,00
3371,46	-30,00
3375,13	36,00
3378,81	5,00
3382,48	-219,00
3386,14	-154,00
3389,81	-117,00
3393,47	-139,00
3397,12	-69,00
3400,78	-131,00
3404,43	-194,00
3408,08	-105,00
3411,72	-255,00
3415,36	-223,00
3419,00	-247,00
3422,64	-8,00
3426,27	39,00
3429,90	-191,00
3433,53	-270,00
3437,15	-186,00
3440,77	-152,00
3444,39	-166,00
3448,00	-206,00
3451,62	-246,00
3455,22	-143,00
3458,83	-296,00
3462,43	-449,00
3466,03	-197,00
3469,63	-319,00
3473,22	-130,00
3476,81	-262,00
3480,40	-235,00
3483,99	-171,00
3487,57	-247,00
3491,15	-60,00
3494,72	-182,00
3498,29	-309,00
3501,86	-252,00
3505,43	-387,00
3508,99	-150,00
3512,56	-160,00
3516,11	-299,00
3519,67	-336,00
3523,22	-363,00
3526,77	-163,00
3530,32	-262,00
3533,86	-149,00
3537,40	-207,00
3540,94	-235,00
3544,47	-82,00
3548,00	-311,00
3551,53	-280,00
3555,06	-183,00
3558,58	-353,00
3562,10	-295,00
3565,62	-263,00
3569,13	-204,00
3572,64	-180,00
3576,15	-232,00
3579,66	-323,00
3583,16	-375,00
3586,66	-247,00
3590,16	-206,00
3593,65	-189,00
3597,14	-239,00
3600,63	-455,00
3604,11	-296,00
3607,60	-216,00
3611,08	-269,00
3614,55	-226,00
3618,03	-224,00
3621,50	-354,00
3624,97	-195,00
3628,43	-241,00
3631,90	-210,00
3635,36	-294,00
3638,81	-227,00
3642,27	-274,00
3645,72	-278,00
3649,17	-329,00
3652,61	-425,00
3656,06	-309,00
3659,50	-300,00
3662,93	-217,00
3666,37	-257,00
3669,80	-282,00
3673,23	-425,00
3676,65	-264,00
3680,08	-163,00
3683,50	-348,00
3686,92	-340,00
3690,33	-349,00
3693,74	-446,00
3697,15	-355,00
3700,56	-378,00
3703,96	-331,00
3707,36	-307,00
3710,76	-364,00
3714,16	-210,00
3717,55	-386,00
3720,94	-319,00
3724,33	-293,00
3727,71	-411,00
3731,10	-307,00
3734,48	-308,00
3737,85	-194,00
3741,23	-288,00
3744,60	-357,00
3747,97	-273,00
3751,33	-257,00
3754,69	-329,00
3758,05	-341,00
3761,41	-251,00
3764,77	-246,00
3768,12	-194,00
3771,47	-326,00
3774,82	-326,00
3778,16	5,00
3781,50	-4,00
3784,84	-2,00
3788,18	0,00
