-37534.58	-2
-37414.56	-6
-37295.11	0
-37176.24	2
-37057.95	33
-36940.22	-10
-36823.05	24
-36706.45	-18
-36590.4	-13
-36474.9	45
-36359.95	-19
-36245.55	-10
-36131.68	49
-36018.35	100
-35905.55	22
-35793.29	-27
-35681.54	-8
-35570.32	15
-35459.62	25
-35349.43	-16
-35239.75	26
-35130.58	30
-35021.91	39
-34913.74	17
-34806.07	-35
-34698.89	33
-34592.2	28
-34486	-13
-34380.28	21
-34275.04	17
-34170.27	83
-34065.98	27
-33962.16	54
-33858.81	18
-33755.92	-40
-33653.49	21
-33551.52	40
-33450.01	3
-33348.94	8
-33248.33	45
-33148.16	-27
-33048.43	41
-32949.14	47
-32850.29	-9
-32751.87	12
-32653.89	52
-32556.33	-65
-32459.2	63
-32362.49	42
-32266.19	7
-32170.32	23
-32074.86	48
-31979.82	16
-31885.18	71
-31790.95	-16
-31697.12	-5
-31603.69	7
-31510.67	-25
-31418.04	3
-31325.8	59
-31233.95	2
-31142.49	-39
-31051.42	79
-30960.73	-46
-30870.43	3
-30780.5	12
-30690.95	15
-30601.77	-14
-30512.97	-10
-30424.53	-9
-30336.46	1
-30248.76	17
-30161.42	4
-30074.44	68
-29987.81	-13
-29901.55	30
-29815.63	-31
-29730.07	28
-29644.86	46
-29560	-20
-29475.48	57
-29391.3	38
-29307.47	-24
-29223.97	-20
-29140.81	40
-29057.99	41
-28975.5	14
-28893.34	23
-28811.51	58
-28730	4
-28648.82	-6
-28567.97	42
-28487.43	-28
-28407.21	-19
-28327.32	-21
-28247.73	-17
-28168.46	-11
-28089.5	12
-28010.85	35
-27932.51	-21
-27854.48	33
-27776.75	-52
-27699.32	34
-27622.19	13
-27545.37	-17
-27468.84	-61
-27392.6	-16
-27316.66	10
-27241.01	54
-27165.66	15
-27090.59	28
-27015.81	47
-26941.31	56
-26867.1	-60
-26793.17	-1
-26719.52	-43
-26646.15	-14
-26573.06	14
-26500.24	65
-26427.7	48
-26355.43	-30
-26283.43	24
-26211.71	-35
-26140.25	81
-26069.06	46
-25998.13	35
-25927.46	52
-25857.06	-28
-25786.92	60
-25717.04	-23
-25647.42	12
-25578.05	28
-25508.94	18
-25440.09	72
-25371.48	19
-25303.13	-17
-25235.02	41
-25167.17	-39
-25099.56	124
-25032.19	53
-24965.07	-14
-24898.2	8
-24831.56	8
-24765.17	-19
-24699.01	46
-24633.1	-27
-24567.41	13
-24501.97	-8
-24436.75	59
-24371.77	-3
-24307.03	19
-24242.51	16
-24178.22	-9
-24114.16	54
-24050.32	-5
-23986.71	15
-23923.32	-14
-23860.16	12
-23797.22	29
-23734.5	55
-23672	-17
-23609.71	29
-23547.65	39
-23485.8	58
-23424.16	34
-23362.74	-17
-23301.53	11
-23240.54	23
-23179.75	64
-23119.17	31
-23058.8	28
-22998.64	0
-22938.68	21
-22878.93	-27
-22819.39	49
-22760.04	-6
-22700.9	11
-22641.96	27
-22583.22	67
-22524.68	0
-22466.33	42
-22408.19	-15
-22350.23	-18
-22292.48	65
-22234.92	96
-22177.55	8
-22120.37	-34
-22063.38	-18
-22006.58	15
-21949.98	44
-21893.56	-29
-21837.33	-15
-21781.28	18
-21725.42	34
-21669.74	29
-21614.25	49
-21558.94	64
-21503.81	-53
-21448.86	-68
-21394.1	32
-21339.51	57
-21285.1	33
-21230.86	34
-21176.81	48
-21122.93	-13
-21069.22	-18
-21015.69	2
-20962.33	11
-20909.14	33
-20856.13	-36
-20803.28	34
-20750.61	25
-20698.1	17
-20645.76	-8
-20593.59	18
-20541.59	21
-20489.75	55
-20438.07	-9
-20386.56	-20
-20335.22	40
-20284.03	-10
-20233.01	27
-20182.15	21
-20131.45	14
-20080.91	-20
-20030.52	72
-19980.3	36
-19930.23	27
-19880.32	5
-19830.56	-47
-19780.96	55
-19731.52	7
-19682.23	55
-19633.09	-28
-19584.1	-32
-19535.26	-9
-19486.58	18
-19438.04	3
-19389.66	-35
-19341.42	44
-19293.33	-33
-19245.39	-11
-19197.6	-68
-19149.95	11
-19102.45	-102
-19055.09	37
-19007.87	-8
-18960.8	27
-18913.87	17
-18867.09	-28
-18820.44	45
-18773.94	-17
-18727.57	-14
-18681.35	-35
-18635.26	35
-18589.31	79
-18543.5	12
-18497.83	36
-18452.29	-48
-18406.89	21
-18361.63	-6
-18316.5	-2
-18271.5	76
-18226.63	93
-18181.9	55
-18137.3	7
-18092.84	-15
-18048.5	25
-18004.29	-32
-17960.22	-24
-17916.27	63
-17872.45	24
-17828.76	-4
-17785.2	-6
-17741.77	6
-17698.46	24
-17655.28	-70
-17612.22	29
-17569.29	0
-17526.48	36
-17483.79	15
-17441.23	34
-17398.79	-3
-17356.48	-43
-17314.28	54
-17272.21	-27
-17230.26	73
-17188.42	-44
-17146.71	-29
-17105.12	-16
-17063.64	9
-17022.28	-15
-16981.04	27
-16939.92	40
-16898.91	-1
-16858.02	13
-16817.25	19
-16776.59	-48
-16736.04	71
-16695.61	-33
-16655.29	-24
-16615.09	38
-16574.99	56
-16535.01	23
-16495.15	75
-16455.39	-33
-16415.74	36
-16376.21	-43
-16336.78	7
-16297.46	-5
-16258.26	114
-16219.16	-20
-16180.17	75
-16141.28	30
-16102.51	52
-16063.84	62
-16025.27	5
-15986.82	57
-15948.46	-63
-15910.22	10
-15872.07	23
-15834.04	56
-15796.1	22
-15758.27	31
-15720.54	7
-15682.91	34
-15645.39	95
-15607.97	40
-15570.64	-11
-15533.42	20
-15496.3	-21
-15459.28	-24
-15422.36	27
-15385.54	22
-15348.82	-8
-15312.19	62
-15275.66	-14
-15239.23	32
-15202.9	13
-15166.67	60
-15130.53	47
-15094.48	-54
-15058.54	18
-15022.68	-6
-14986.93	-3
-14951.26	-47
-14915.69	-15
-14880.22	-4
-14844.84	92
-14809.55	-35
-14774.35	43
-14739.25	-41
-14704.24	40
-14669.32	35
-14634.49	-56
-14599.75	-2
-14565.1	3
-14530.55	43
-14496.08	31
-14461.7	-14
-14427.41	66
-14393.21	-13
-14359.1	38
-14325.07	14
-14291.14	-13
-14257.29	-50
-14223.52	54
-14189.85	-18
-14156.26	-13
-14122.76	-23
-14089.34	-27
-14056.01	-45
-14022.76	4
-13989.6	-8
-13956.52	-1
-13923.53	-21
-13890.62	-17
-13857.79	2
-13825.05	56
-13792.39	-11
-13759.81	4
-13727.31	41
-13694.9	57
-13662.57	-24
-13630.31	0
-13598.14	26
-13566.05	51
-13534.05	-1
-13502.12	-21
-13470.27	4
-13438.5	28
-13406.8	45
-13375.19	-31
-13343.66	21
-13312.2	90
-13280.83	27
-13249.53	-39
-13218.3	5
-13187.16	33
-13156.09	-27
-13125.1	80
-13094.18	66
-13063.34	-16
-13032.58	24
-13001.89	6
-12971.28	-5
-12940.74	-41
-12910.27	-31
-12879.88	53
-12849.57	25
-12819.33	-2
-12789.16	-35
-12759.06	-36
-12729.04	-9
-12699.09	376
-12669.21	16
-12639.41	50
-12609.68	36
-12580.02	-46
-12550.43	98
-12520.91	-31
-12491.46	-12
-12462.08	-33
-12432.77	16
-12403.54	47
-12374.37	-11
-12345.27	-46
-12316.24	-26
-12287.29	85
-12258.4	20
-12229.57	-12
-12200.82	57
-12172.14	-49
-12143.52	-22
-12114.97	25
-12086.49	8
-12058.07	44
-12029.73	-20
-12001.44	50
-11973.23	30
-11945.08	18
-11917	15
-11888.98	49
-11861.03	50
-11833.15	70
-11805.32	14
-11777.57	-89
-11749.88	20
-11722.25	12
-11694.69	26
-11667.19	43
-11639.75	74
-11612.38	18
-11585.07	9
-11557.83	-85
-11530.65	14
-11503.53	-45
-11476.47	10
-11449.48	38
-11422.54	36
-11395.67	77
-11368.86	91
-11342.11	43
-11315.43	9
-11288.8	-9
-11262.23	1
-11235.73	27
-11209.28	63
-11182.9	-2
-11156.57	33
-11130.31	37
-11104.1	-17
-11077.96	39
-11051.87	0
-11025.84	57
-10999.87	-7
-10973.96	46
-10948.11	58
-10922.31	-19
-10896.58	18
-10870.9	-9
-10845.28	65
-10819.71	20
-10794.2	-33
-10768.75	-26
-10743.36	12
-10718.02	-3
-10692.74	59
-10667.52	19
-10642.35	25
-10617.24	88
-10592.18	22
-10567.18	80
-10542.23	52
-10517.34	81
-10492.51	10
-10467.72	56
-10443	73
-10418.32	31
-10393.7	66
-10369.14	25
-10344.63	25
-10320.17	22
-10295.77	1
-10271.42	72
-10247.12	35
-10222.88	56
-10198.68	1
-10174.54	44
-10150.46	28
-10126.42	33
-10102.44	-7
-10078.51	47
-10054.63	106
-10030.8	103
-10007.03	99
-9983.3	73
-9959.63	22
-9936.01	103
-9912.44	69
-9888.92	151
-9865.44	93
-9842.02	174
-9818.65	94
-9795.33	107
-9772.06	80
-9748.84	39
-9725.67	109
-9702.55	173
-9679.47	116
-9656.45	209
-9633.47	141
-9610.55	167
-9587.67	162
-9564.84	271
-9542.06	259
-9519.32	255
-9496.64	351
-9474	393
-9451.41	315
-9428.87	318
-9406.37	250
-9383.92	232
-9361.52	370
-9339.17	275
-9316.86	382
-9294.6	512
-9272.38	570
-9250.21	574
-9228.09	536
-9206.01	574
-9183.98	520
-9162	499
-9140.06	435
-9118.16	462
-9096.31	584
-9074.51	549
-9052.75	555
-9031.04	505
-9009.37	544
-8987.74	415
-8966.16	402
-8944.63	310
-8923.14	360
-8901.69	287
-8880.29	362
-8858.93	420
-8837.61	444
-8816.34	515
-8795.11	460
-8773.92	442
-8752.78	439
-8731.68	381
-8710.62	332
-8689.61	336
-8668.63	425
-8647.7	471
-8626.82	427
-8605.97	405
-8585.17	432
-8564.41	412
-8543.69	307
-8523.01	334
-8502.37	322
-8481.78	403
-8461.23	418
-8440.71	552
-8420.24	485
-8399.81	438
-8379.42	518
-8359.08	431
-8338.77	456
-8318.5	395
-8298.27	278
-8278.09	417
-8257.94	311
-8237.83	437
-8217.76	539
-8197.74	381
-8177.75	331
-8157.8	375
-8137.89	385
-8118.02	314
-8098.19	315
-8078.4	298
-8058.65	352
-8038.93	359
-8019.26	344
-7999.62	265
-7980.02	383
-7960.46	301
-7940.94	290
-7921.46	305
-7902.01	208
-7882.6	288
-7863.23	218
-7843.9	275
-7824.61	215
-7805.35	312
-7786.13	295
-7766.95	333
-7747.8	273
-7728.69	300
-7709.62	336
-7690.59	319
-7671.59	216
-7652.63	279
-7633.7	312
-7614.81	351
-7595.96	265
-7577.15	229
-7558.37	287
-7539.62	261
-7520.91	323
-7502.24	301
-7483.6	229
-7465	342
-7446.44	280
-7427.91	178
-7409.41	172
-7390.95	193
-7372.53	261
-7354.14	211
-7335.78	255
-7317.46	238
-7299.18	229
-7280.92	298
-7262.71	313
-7244.52	347
-7226.38	272
-7208.26	227
-7190.18	210
-7172.14	189
-7154.12	224
-7136.15	198
-7118.2	275
-7100.29	315
-7082.41	291
-7064.57	225
-7046.76	268
-7028.98	268
-7011.24	223
-6993.53	201
-6975.85	143
-6958.2	171
-6940.59	161
-6923.01	86
-6905.46	124
-6887.94	180
-6870.46	246
-6853.01	300
-6835.59	276
-6818.21	146
-6800.85	243
-6783.53	185
-6766.24	68
-6748.98	181
-6731.76	98
-6714.56	83
-6697.4	135
-6680.26	108
-6663.16	163
-6646.09	161
-6629.05	240
-6612.05	234
-6595.07	210
-6578.13	232
-6561.21	104
-6544.33	115
-6527.47	154
-6510.65	80
-6493.86	72
-6477.1	154
-6460.36	189
-6443.66	65
-6426.99	108
-6410.35	122
-6393.74	133
-6377.16	120
-6360.61	221
-6344.09	139
-6327.59	175
-6311.13	186
-6294.7	193
-6278.29	173
-6261.92	196
-6245.58	155
-6229.26	130
-6212.97	152
-6196.72	175
-6180.49	97
-6164.29	54
-6148.12	104
-6131.98	38
-6115.86	116
-6099.78	48
-6083.72	26
-6067.69	84
-6051.69	-17
-6035.72	71
-6019.78	86
-6003.87	126
-5987.98	64
-5972.12	164
-5956.29	193
-5940.49	118
-5924.71	65
-5908.96	81
-5893.24	124
-5877.55	52
-5861.89	36
-5846.25	80
-5830.64	61
-5815.05	71
-5799.5	79
-5783.97	67
-5768.47	137
-5752.99	145
-5737.55	85
-5722.12	114
-5706.73	179
-5691.36	70
-5676.02	127
-5660.71	21
-5645.42	92
-5630.16	123
-5614.92	89
-5599.71	102
-5584.53	78
-5569.37	96
-5554.24	144
-5539.14	58
-5524.06	147
-5509.01	64
-5493.98	35
-5478.98	87
-5464	147
-5449.05	12
-5434.13	75
-5419.23	58
-5404.36	99
-5389.51	145
-5374.69	162
-5359.89	141
-5345.12	176
-5330.37	167
-5315.65	89
-5300.95	114
-5286.28	71
-5271.63	156
-5257.01	120
-5242.41	140
-5227.84	8
-5213.29	92
-5198.76	37
-5184.26	23
-5169.79	39
-5155.33	159
-5140.91	41
-5126.51	91
-5112.13	122
-5097.77	83
-5083.44	99
-5069.13	72
-5054.85	61
-5040.59	37
-5026.36	19
-5012.15	86
-4997.96	137
-4983.8	129
-4969.66	79
-4955.54	44
-4941.44	83
-4927.37	151
-4913.33	145
-4899.3	151
-4885.3	131
-4871.33	78
-4857.37	39
-4843.44	93
-4829.53	65
-4815.65	8
-4801.79	83
-4787.95	77
-4774.13	82
-4760.34	39
-4746.56	-8
-4732.82	-23
-4719.09	53
-4705.38	123
-4691.7	198
-4678.04	140
-4664.41	103
-4650.79	37
-4637.2	52
-4623.63	85
-4610.08	101
-4596.56	148
-4583.05	66
-4569.57	35
-4556.11	53
-4542.67	43
-4529.25	70
-4515.86	194
-4502.49	139
-4489.13	115
-4475.8	101
-4462.49	106
-4449.21	11
-4435.94	13
-4422.7	60
-4409.47	75
-4396.27	63
-4383.09	7
-4369.93	65
-4356.79	77
-4343.67	30
-4330.58	86
-4317.5	82
-4304.45	25
-4291.41	72
-4278.4	87
-4265.41	11
-4252.44	6
-4239.49	45
-4226.55	65
-4213.65	51
-4200.76	31
-4187.89	23
-4175.04	-12
-4162.21	3
-4149.4	44
-4136.61	38
-4123.85	1
-4111.1	29
-4098.37	72
-4085.66	19
-4072.98	19
-4060.31	52
-4047.66	-44
-4035.04	38
-4022.43	18
-4009.84	114
-3997.27	46
-3984.72	22
-3972.19	5
-3959.69	-20
-3947.2	71
-3934.73	20
-3922.27	29
-3909.84	8
-3897.43	51
-3885.04	7
-3872.67	34
-3860.31	39
-3847.98	61
-3835.66	62
-3823.36	-31
-3811.09	-4
-3798.83	70
-3786.59	50
-3774.37	19
-3762.17	50
-3749.98	51
-3737.82	80
-3725.67	-34
-3713.55	41
-3701.44	-24
-3689.35	-38
-3677.28	25
-3665.22	-1
-3653.19	14
-3641.17	42
-3629.18	64
-3617.2	38
-3605.24	-14
-3593.3	32
-3581.37	-19
-3569.47	82
-3557.58	14
-3545.71	-12
-3533.86	35
-3522.02	51
-3510.21	74
-3498.41	-12
-3486.63	39
-3474.87	-4
-3463.12	12
-3451.4	45
-3439.69	5
-3428	60
-3416.33	45
-3404.67	-6
-3393.03	-53
-3381.41	-21
-3369.81	82
-3358.22	13
-3346.66	-18
-3335.1	8
-3323.57	36
-3312.06	64
-3300.56	24
-3289.08	13
-3277.61	-12
-3266.16	-23
-3254.73	29
-3243.32	30
-3231.92	24
-3220.55	-26
-3209.18	4
-3197.84	-27
-3186.51	-11
-3175.2	3
-3163.9	23
-3152.63	-4
-3141.36	43
-3130.12	-46
-3118.89	88
-3107.68	-33
-3096.49	53
-3085.31	-29
-3074.15	37
-3063	-23
-3051.87	15
-3040.76	38
-3029.67	25
-3018.59	12
-3007.52	-20
-2996.48	17
-2985.44	-1
-2974.43	26
-2963.43	58
-2952.45	19
-2941.48	-21
-2930.53	17
-2919.6	1
-2908.68	6
-2897.78	10
-2886.89	19
-2876.02	-25
-2865.17	68
-2854.33	53
-2843.5	40
-2832.7	33
-2821.9	-11
-2811.13	-55
-2800.37	-10
-2789.62	0
-2778.89	-71
-2768.18	4
-2757.48	53
-2746.8	54
-2736.13	25
-2725.48	-15
-2714.84	9
-2704.22	17
-2693.61	43
-2683.02	-2
-2672.45	34
-2661.89	-17
-2651.34	29
-2640.81	11
-2630.3	35
-2619.8	-8
-2609.31	-40
-2598.84	23
-2588.39	0
-2577.95	-13
-2567.52	41
-2557.11	-2
-2546.71	-31
-2536.33	8
-2525.97	70
-2515.62	12
-2505.28	33
-2494.96	31
-2484.65	36
-2474.36	3
-2464.08	81
-2453.82	19
-2443.57	50
-2433.33	27
-2423.11	-56
-2412.91	23
-2402.72	18
-2392.54	2
-2382.38	7
-2372.23	14
-2362.09	1398
-2351.97	-37
-2341.87	70
-2331.78	-81
-2321.7	-19
-2311.64	6
-2301.59	-12
-2291.55	-21
-2281.53	51
-2271.53	8
-2261.53	37
-2251.55	88
-2241.59	-28
-2231.64	6
-2221.7	-15
-2211.78	15
-2201.87	18
-2191.97	-48
-2182.09	-21
-2172.22	91
-2162.37	59
-2152.53	-10
-2142.7	-7
-2132.89	8
-2123.09	-44
-2113.3	3
-2103.53	-8
-2093.77	100
-2084.02	33
-2074.29	59
-2064.57	67
-2054.86	-59
-2045.17	-42
-2035.49	-21
-2025.82	21
-2016.17	8
-2006.53	28
-1996.91	57
-1987.29	15
-1977.69	20
-1968.11	22
-1958.53	-11
-1948.97	41
-1939.42	-33
-1929.89	22
-1920.37	-42
-1910.86	36
-1901.36	-67
-1891.88	-10
-1882.41	52
-1872.95	17
-1863.51	15
-1854.08	62
-1844.66	-6
-1835.26	-5
-1825.86	26
-1816.48	-14
-1807.11	-9
-1797.76	-16
-1788.42	55
-1779.09	15
-1769.77	102
-1760.47	52
-1751.17	-17
-1741.89	127
-1732.63	-8
-1723.37	57
-1714.13	5
-1704.9	62
-1695.68	-51
-1686.48	12
-1677.29	-48
-1668.11	37
-1658.94	-4
-1649.78	-11
-1640.64	10
-1631.51	6
-1622.39	-3
-1613.28	40
-1604.19	62
-1595.1	9
-1586.03	14
-1576.97	10
-1567.93	24
-1558.89	69
-1549.87	-36
-1540.86	48
-1531.86	2
-1522.87	39
-1513.9	-52
-1504.93	65
-1495.98	-19
-1487.04	-8
-1478.12	7
-1469.2	7
-1460.3	14
-1451.4	-27
-1442.52	47
-1433.65	-37
-1424.8	-2
-1415.95	5
-1407.12	22
-1398.3	51
-1389.48	33
-1380.69	-12
-1371.9	-23
-1363.12	73
-1354.36	-46
-1345.6	3
-1336.86	-8
-1328.13	21
-1319.41	-51
-1310.7	3
-1302.01	-22
-1293.32	17
-1284.65	54
-1275.99	13
-1267.33	-9
-1258.69	25
-1250.06	45
-1241.45	36
-1232.84	-17
-1224.25	66
-1215.66	-22
-1207.09	20
-1198.53	79
-1189.97	-4
-1181.43	-31
-1172.91	-19
-1164.39	-10
-1155.88	0
-1147.38	7
-1138.9	72
-1130.43	66
-1121.96	-44
-1113.51	-59
-1105.07	-30
-1096.64	14
-1088.22	33
-1079.81	31
-1071.41	34
-1063.02	11
-1054.65	43
-1046.28	52
-1037.92	-6
-1029.58	-37
-1021.24	-2
-1012.92	39
-1004.61	-82
-996.3	7
-988.01	14
-979.73	-10
-971.46	41
-963.2	24
-954.95	16
-946.71	-43
-938.48	2
-930.26	-78
-922.06	36
-913.86	34
-905.67	6
-897.49	3
-889.33	5
-881.17	-22
-873.02	-39
-864.89	-23
-856.76	-1
-848.65	64
-840.54	62
-832.45	27
-824.36	48
-816.29	39
-808.22	-13
-800.17	24
-792.12	14
-784.09	-23
-776.06	50
-768.05	82
-760.04	38
-752.05	26
-744.07	-6
-736.09	5
-728.13	38
-720.17	-41
-712.23	-11
-704.29	27
-696.37	13
-688.45	20
-680.55	35
-672.65	-12
-664.77	-26
-656.89	9
-649.03	-20
-641.17	-12
-633.32	-2
-625.49	29
-617.66	-33
-609.84	-4
-602.03	-9
-594.23	-29
-586.45	33
-578.67	26
-570.9	44
-563.14	22
-555.39	65
-547.65	2
-539.91	-19
-532.19	-22
-524.48	-36
-516.78	13
-509.08	21
-501.4	23
-493.72	40
-486.06	-4
-478.4	54
-470.76	-13
-463.12	51
-455.49	81
-447.87	2
-440.26	71
-432.66	31
-425.07	25
-417.49	38
-409.92	54
-402.35	-29
-394.8	-3
-387.25	3
-379.72	52
-372.19	69
-364.67	5
-357.17	24
-349.67	52
-342.18	11
-334.69	-27
-327.22	36
-319.76	-15
-312.3	51
-304.86	53
-297.42	10
-290	9
-282.58	77
-275.17	84
-267.77	63
-260.37	-4
-252.99	52
-245.62	79
-238.25	49
-230.9	0
-223.55	65
-216.21	37
-208.88	51
-201.56	77
-194.25	54
-186.94	74
-179.65	66
-172.36	59
-165.08	110
-157.81	95
-150.55	95
-143.3	120
-136.06	205
-128.82	176
-121.6	205
-114.38	237
-107.17	174
-99.97	257
-92.78	334
-85.6	256
-78.42	431
-71.25	478
-64.1	516
-56.95	601
-49.81	644
-42.67	869
-35.55	1083
-28.43	1502
-21.33	2773
-14.23	11486
-7.14	59608
-0.05	59471
7.02	59405
14.09	19022
21.14	4933
28.19	2486
35.23	1617
42.27	1241
49.29	1100
56.31	794
63.32	786
70.32	604
77.31	583
84.29	462
91.27	441
98.23	397
105.19	316
112.14	420
119.09	557
126.02	718
132.95	822
139.87	812
146.78	750
153.68	697
160.58	736
167.46	766
174.34	725
181.21	736
188.08	662
194.93	696
201.78	628
208.62	628
215.45	723
222.27	717
229.09	703
235.9	649
242.7	656
249.49	640
256.27	554
263.05	626
269.82	586
276.58	560
283.33	551
290.08	513
296.82	559
303.55	502
310.27	504
316.98	563
323.69	546
330.39	515
337.08	517
343.76	542
350.44	451
357.11	517
363.77	500
370.42	480
377.07	431
383.71	475
390.34	492
396.96	419
403.58	428
410.19	449
416.79	433
423.38	517
429.97	514
436.55	475
443.12	493
449.68	417
456.24	396
462.79	371
469.33	476
475.86	459
482.39	431
488.91	455
495.42	417
501.93	353
508.42	374
514.91	391
521.4	421
527.87	365
534.34	412
540.8	327
547.25	387
553.7	410
560.14	436
566.57	327
573	423
579.41	417
585.83	334
592.23	393
598.62	351
605.01	321
611.4	381
617.77	359
624.14	356
630.5	398
636.85	373
643.2	373
649.54	331
655.87	363
662.2	372
668.52	362
674.83	380
681.13	329
687.43	412
693.72	340
700	404
706.28	329
712.55	355
718.81	393
725.07	379
731.32	355
737.56	349
743.79	382
750.02	349
756.24	387
762.46	329
768.67	303
774.87	355
781.06	382
787.25	336
793.43	253
799.6	377
805.77	324
811.93	350
818.08	361
824.23	351
830.37	362
836.5	397
842.63	360
848.75	337
854.87	342
860.97	377
867.07	330
873.17	339
879.25	347
885.33	363
891.41	406
897.47	394
903.53	385
909.59	349
915.63	282
921.67	311
927.71	307
933.74	344
939.76	363
945.77	314
951.78	321
957.78	321
963.78	317
969.77	383
975.75	350
981.72	284
987.69	322
993.66	320
999.61	287
1005.56	395
1011.51	285
1017.44	365
1023.37	354
1029.3	360
1035.22	359
1041.13	338
1047.03	391
1052.93	572
1058.83	923
1064.71	834
1070.59	614
1076.47	523
1082.33	475
1088.2	443
1094.05	400
1099.9	334
1105.74	363
1111.58	357
1117.41	488
1123.23	704
1129.05	891
1134.86	655
1140.67	441
1146.47	369
1152.26	352
1158.05	286
1163.83	413
1169.6	377
1175.37	351
1181.13	358
1186.89	308
1192.64	259
1198.38	290
1204.12	307
1209.85	310
1215.58	297
1221.3	206
1227.02	338
1232.72	302
1238.43	355
1244.12	314
1249.81	349
1255.5	295
1261.17	360
1266.85	346
1272.51	360
1278.17	373
1283.83	539
1289.47	897
1295.12	1135
1300.75	874
1306.38	697
1312.01	504
1317.63	428
1323.24	357
1328.85	400
1334.45	316
1340.04	398
1345.63	381
1351.22	359
1356.8	343
1362.37	366
1367.93	371
1373.49	364
1379.05	399
1384.6	413
1390.14	336
1395.68	301
1401.21	418
1406.74	483
1412.26	597
1417.77	719
1423.28	665
1428.78	768
1434.28	994
1439.77	1118
1445.26	1063
1450.74	990
1456.22	968
1461.68	802
1467.15	701
1472.61	605
1478.06	574
1483.51	391
1488.95	421
1494.38	351
1499.81	354
1505.24	339
1510.65	316
1516.07	304
1521.48	320
1526.88	284
1532.27	314
1537.67	269
1543.05	270
1548.43	344
1553.81	253
1559.18	256
1564.54	310
1569.9	287
1575.25	304
1580.6	243
1585.94	232
1591.28	300
1596.61	235
1601.93	180
1607.25	291
1612.57	234
1617.88	195
1623.18	201
1628.48	194
1633.77	202
1639.06	251
1644.34	174
1649.62	243
1654.89	208
1660.16	233
1665.42	171
1670.67	213
1675.92	253
1681.17	239
1686.41	189
1691.64	91
1696.87	208
1702.1	206
1707.32	251
1712.53	202
1717.74	137
1722.94	273
1728.14	194
1733.33	189
1738.52	203
1743.7	194
1748.88	154
1754.05	201
1759.22	162
1764.38	167
1769.53	142
1774.69	194
1779.83	161
1784.97	158
1790.11	163
1795.24	187
1800.36	130
1805.48	195
1810.6	147
1815.71	174
1820.82	161
1825.92	248
1831.01	181
1836.1	161
1841.19	174
1846.26	206
1851.34	130
1856.41	129
1861.47	97
1866.53	157
1871.59	135
1876.64	170
1881.68	140
1886.72	121
1891.76	217
1896.79	162
1901.81	173
1906.83	153
1911.85	85
1916.86	136
1921.86	174
1926.86	136
1931.86	173
1936.85	164
1941.83	188
1946.81	79
1951.79	135
1956.76	130
1961.72	132
1966.68	137
1971.64	131
1976.59	91
1981.54	108
1986.48	163
1991.42	160
1996.35	120
2001.27	115
2006.2	108
2011.11	78
2016.03	125
2020.93	85
2025.84	105
2030.73	113
2035.63	146
2040.52	126
2045.4	103
2050.28	105
2055.15	110
2060.02	146
2064.89	180
2069.75	93
2074.6	103
2079.46	94
2084.3	116
2089.14	82
2093.98	100
2098.81	52
2103.64	116
2108.46	109
2113.28	92
2118.09	92
2122.9	135
2127.7	84
2132.5	48
2137.3	111
2142.09	146
2146.87	119
2151.66	109
2156.43	100
2161.2	75
2165.97	88
2170.73	165
2175.49	107
2180.24	159
2184.99	127
2189.74	170
2194.48	169
2199.21	92
2203.94	101
2208.67	48
2213.39	97
2218.11	134
2222.82	98
2227.53	120
2232.23	130
2236.93	71
2241.63	157
2246.32	128
2251	73
2255.68	65
2260.36	63
2265.03	143
2269.7	142
2274.36	119
2279.02	39
2283.68	114
2288.33	15
2292.97	104
2297.61	98
2302.25	92
2306.88	85
2311.51	97
2316.14	141
2320.75	146
2325.37	81
2329.98	165
2334.59	49
2339.19	160
2343.79	19
2348.38	96
2352.97	84
2357.55	21
2362.13	186
2366.71	111
2371.28	33
2375.85	114
2380.41	46
2384.97	43
2389.52	171
2394.07	52
2398.62	64
2403.16	96
2407.7	123
2412.23	77
2416.76	143
2421.29	69
2425.81	51
2430.32	69
2434.84	71
2439.34	83
2443.85	88
2448.35	83
2452.84	80
2457.33	97
2461.82	89
2466.3	36
2470.78	58
2475.25	57
2479.72	127
2484.19	61
2488.65	19
2493.11	17
2497.56	54
2502.01	65
2506.46	12
2510.9	102
2515.34	100
2519.77	97
2524.2	87
2528.62	118
2533.04	85
2537.46	76
2541.87	97
2546.28	89
2550.68	106
2555.08	91
2559.48	50
2563.87	103
2568.26	93
2572.64	139
2577.02	65
2581.4	72
2585.77	71
2590.14	87
2594.5	85
2598.86	93
2603.22	91
2607.57	81
2611.92	37
2616.26	60
2620.6	103
2624.94	112
2629.27	85
2633.6	95
2637.92	63
2642.24	104
2646.56	164
2650.87	120
2655.18	113
2659.48	56
2663.78	93
2668.08	80
2672.37	120
2676.66	121
2680.95	129
2685.23	142
2689.5	107
2693.78	141
2698.05	170
2702.31	112
2706.57	173
2710.83	184
2715.08	216
2719.33	152
2723.58	169
2727.82	131
2732.06	201
2736.29	190
2740.53	109
2744.75	169
2748.97	148
2753.19	122
2757.41	143
2761.62	170
2765.83	129
2770.03	159
2774.23	146
2778.43	118
2782.62	95
2786.81	114
2791	146
2795.18	175
2799.35	195
2803.53	180
2807.7	92
2811.86	184
2816.03	241
2820.19	249
2824.34	254
2828.49	295
2832.64	424
2836.78	498
2840.92	598
2845.06	745
2849.19	823
2853.32	897
2857.45	869
2861.57	801
2865.69	813
2869.8	833
2873.91	848
2878.02	940
2882.12	1020
2886.22	1049
2890.32	933
2894.41	931
2898.5	808
2902.58	694
2906.67	620
2910.74	604
2914.82	527
2918.89	535
2922.96	438
2927.02	468
2931.08	428
2935.13	366
2939.19	390
2943.24	316
2947.28	216
2951.32	240
2955.36	169
2959.4	226
2963.43	156
2967.46	212
2971.48	138
2975.5	140
2979.52	105
2983.53	187
2987.54	135
2991.55	82
2995.55	87
2999.55	179
3003.54	69
3007.54	80
3011.53	115
3015.51	49
3019.49	139
3023.47	103
3027.45	155
3031.42	84
3035.39	88
3039.35	68
3043.31	50
3047.27	7
3051.22	70
3055.17	33
3059.12	87
3063.06	44
3067	90
3070.94	9
3074.87	63
3078.8	55
3082.73	31
3086.65	84
3090.57	52
3094.49	-10
3098.4	-47
3102.31	70
3106.22	25
3110.12	46
3114.02	74
3117.92	34
3121.81	-12
3125.7	44
3129.58	28
3133.47	33
3137.34	19
3141.22	42
3145.09	101
3148.96	5
3152.83	69
3156.69	65
3160.55	35
3164.4	51
3168.26	8
3172.1	47
3175.95	68
3179.79	52
3183.63	-15
3187.47	47
3191.3	48
3195.13	22
3198.95	72
3202.78	139
3206.6	100
3210.41	36
3214.23	58
3218.03	43
3221.84	38
3225.64	9
3229.44	56
3233.24	11
3237.03	15
3240.82	82
3244.61	-3
3248.39	32
3252.17	64
3255.95	55
3259.72	-8
3263.49	-3
3267.26	63
3271.03	119
3274.79	123
3278.54	17
3282.3	24
3286.05	10
3289.8	4
3293.54	51
3297.29	21
3301.02	21
3304.76	39
3308.49	25
3312.22	47
3315.95	-7
3319.67	25
3323.39	42
3327.1	17
3330.82	30
3334.53	114
3338.24	0
3341.94	-12
3345.64	39
3349.34	39
3353.03	82
3356.72	-5
3360.41	96
3364.1	94
3367.78	40
3371.46	26
3375.13	37
3378.81	-19
3382.48	86
3386.14	80
3389.81	52
3393.47	-24
3397.12	73
3400.78	3
3404.43	11
3408.08	89
3411.72	101
3415.36	47
3419	43
3422.64	21
3426.27	23
3429.9	74
3433.53	7
3437.15	31
3440.77	-10
3444.39	70
3448	9
3451.62	-49
3455.22	50
3458.83	81
3462.43	50
3466.03	79
3469.63	81
3473.22	48
3476.81	-33
3480.4	40
3483.99	41
3487.57	-34
3491.15	59
3494.72	71
3498.29	0
3501.86	5
3505.43	-7
3508.99	-32
3512.56	-11
3516.11	42
3519.67	41
3523.22	46
3526.77	-14
3530.32	49
3533.86	8
3537.4	54
3540.94	31
3544.47	57
3548	-10
3551.53	42
3555.06	47
3558.58	42
3562.1	10
3565.62	-1
3569.13	-23
3572.64	28
3576.15	10
3579.66	-4
3583.16	-27
3586.66	-21
3590.16	-48
3593.65	62
3597.14	-34
3600.63	-34
3604.11	-21
3607.6	23
3611.08	2
3614.55	45
3618.03	44
3621.5	0
3624.97	36
3628.43	29
3631.9	53
3635.36	7
3638.81	60
3642.27	-21
3645.72	-50
3649.17	28
3652.61	16
3656.06	9
3659.5	18
3662.93	49
3666.37	15
3669.8	34
3673.23	-6
3676.65	-44
3680.08	71
3683.5	28
3686.92	40
3690.33	34
3693.74	24
3697.15	34
3700.56	-30
3703.96	-15
3707.36	34
3710.76	-40
3714.16	0
3717.55	-3
3720.94	-31
3724.33	-36
3727.71	-3
3731.1	16
3734.48	-5
3737.85	29
3741.23	-2
3744.6	-2
3747.97	23
3751.33	23
3754.69	-42
3758.05	-8
3761.41	-22
3764.77	18
3768.12	1
3771.47	28
3774.82	20
3778.16	0
3781.5	-5
3784.84	-2
3788.18	3
