-37534.58	15
-37414.56	2
-37295.11	6
-37176.24	7
-37057.95	143
-36940.22	119
-36823.05	96
-36706.45	125
-36590.4	126
-36474.9	77
-36359.95	127
-36245.55	108
-36131.68	127
-36018.35	111
-35905.55	107
-35793.29	120
-35681.54	144
-35570.32	94
-35459.62	119
-35349.43	142
-35239.75	193
-35130.58	101
-35021.91	168
-34913.74	106
-34806.07	70
-34698.89	113
-34592.2	85
-34486	155
-34380.28	135
-34275.04	125
-34170.27	153
-34065.98	176
-33962.16	115
-33858.81	94
-33755.92	105
-33653.49	147
-33551.52	124
-33450.01	134
-33348.94	155
-33248.33	92
-33148.16	134
-33048.43	98
-32949.14	68
-32850.29	206
-32751.87	139
-32653.89	171
-32556.33	176
-32459.2	151
-32362.49	143
-32266.19	170
-32170.32	148
-32074.86	128
-31979.82	135
-31885.18	185
-31790.95	119
-31697.12	155
-31603.69	145
-31510.67	147
-31418.04	134
-31325.8	112
-31233.95	146
-31142.49	127
-31051.42	137
-30960.73	168
-30870.43	118
-30780.5	123
-30690.95	111
-30601.77	120
-30512.97	190
-30424.53	133
-30336.46	125
-30248.76	116
-30161.42	151
-30074.44	72
-29987.81	147
-29901.55	177
-29815.63	149
-29730.07	219
-29644.86	132
-29560	179
-29475.48	172
-29391.3	92
-29307.47	90
-29223.97	153
-29140.81	110
-29057.99	177
-28975.5	139
-28893.34	180
-28811.51	96
-28730	195
-28648.82	124
-28567.97	189
-28487.43	93
-28407.21	74
-28327.32	121
-28247.73	165
-28168.46	128
-28089.5	123
-28010.85	129
-27932.51	127
-27854.48	127
-27776.75	121
-27699.32	181
-27622.19	138
-27545.37	92
-27468.84	118
-27392.6	174
-27316.66	101
-27241.01	152
-27165.66	112
-27090.59	126
-27015.81	148
-26941.31	126
-26867.1	152
-26793.17	144
-26719.52	135
-26646.15	115
-26573.06	115
-26500.24	119
-26427.7	138
-26355.43	125
-26283.43	108
-26211.71	126
-26140.25	147
-26069.06	120
-25998.13	119
-25927.46	146
-25857.06	175
-25786.92	200
-25717.04	145
-25647.42	165
-25578.05	148
-25508.94	123
-25440.09	94
-25371.48	175
-25303.13	178
-25235.02	172
-25167.17	152
-25099.56	158
-25032.19	142
-24965.07	135
-24898.2	129
-24831.56	113
-24765.17	161
-24699.01	97
-24633.1	131
-24567.41	185
-24501.97	121
-24436.75	123
-24371.77	128
-24307.03	147
-24242.51	109
-24178.22	116
-24114.16	152
-24050.32	92
-23986.71	168
-23923.32	119
-23860.16	106
-23797.22	143
-23734.5	130
-23672	93
-23609.71	148
-23547.65	126
-23485.8	154
-23424.16	124
-23362.74	156
-23301.53	154
-23240.54	152
-23179.75	91
-23119.17	168
-23058.8	142
-22998.64	156
-22938.68	137
-22878.93	137
-22819.39	153
-22760.04	142
-22700.9	162
-22641.96	88
-22583.22	137
-22524.68	122
-22466.33	163
-22408.19	132
-22350.23	93
-22292.48	118
-22234.92	187
-22177.55	102
-22120.37	150
-22063.38	150
-22006.58	155
-21949.98	136
-21893.56	137
-21837.33	122
-21781.28	137
-21725.42	171
-21669.74	169
-21614.25	174
-21558.94	167
-21503.81	118
-21448.86	177
-21394.1	122
-21339.51	179
-21285.1	107
-21230.86	127
-21176.81	125
-21122.93	125
-21069.22	98
-21015.69	119
-20962.33	150
-20909.14	146
-20856.13	130
-20803.28	137
-20750.61	140
-20698.1	105
-20645.76	118
-20593.59	156
-20541.59	129
-20489.75	134
-20438.07	95
-20386.56	149
-20335.22	85
-20284.03	96
-20233.01	142
-20182.15	163
-20131.45	121
-20080.91	154
-20030.52	166
-19980.3	102
-19930.23	125
-19880.32	140
-19830.56	72
-19780.96	149
-19731.52	109
-19682.23	178
-19633.09	133
-19584.1	122
-19535.26	120
-19486.58	99
-19438.04	122
-19389.66	124
-19341.42	87
-19293.33	134
-19245.39	117
-19197.6	120
-19149.95	92
-19102.45	152
-19055.09	144
-19007.87	167
-18960.8	156
-18913.87	139
-18867.09	148
-18820.44	185
-18773.94	113
-18727.57	115
-18681.35	127
-18635.26	130
-18589.31	94
-18543.5	153
-18497.83	155
-18452.29	136
-18406.89	111
-18361.63	101
-18316.5	145
-18271.5	105
-18226.63	137
-18181.9	152
-18137.3	118
-18092.84	137
-18048.5	139
-18004.29	102
-17960.22	115
-17916.27	106
-17872.45	133
-17828.76	140
-17785.2	125
-17741.77	118
-17698.46	141
-17655.28	83
-17612.22	123
-17569.29	74
-17526.48	146
-17483.79	137
-17441.23	121
-17398.79	150
-17356.48	108
-17314.28	143
-17272.21	125
-17230.26	130
-17188.42	135
-17146.71	124
-17105.12	143
-17063.64	189
-17022.28	105
-16981.04	89
-16939.92	134
-16898.91	108
-16858.02	136
-16817.25	144
-16776.59	131
-16736.04	118
-16695.61	105
-16655.29	112
-16615.09	138
-16574.99	117
-16535.01	164
-16495.15	146
-16455.39	141
-16415.74	97
-16376.21	134
-16336.78	77
-16297.46	132
-16258.26	94
-16219.16	126
-16180.17	104
-16141.28	125
-16102.51	126
-16063.84	187
-16025.27	144
-15986.82	117
-15948.46	159
-15910.22	125
-15872.07	109
-15834.04	95
-15796.1	133
-15758.27	142
-15720.54	115
-15682.91	116
-15645.39	163
-15607.97	121
-15570.64	125
-15533.42	150
-15496.3	101
-15459.28	159
-15422.36	151
-15385.54	106
-15348.82	163
-15312.19	193
-15275.66	104
-15239.23	153
-15202.9	139
-15166.67	123
-15130.53	169
-15094.48	103
-15058.54	115
-15022.68	137
-14986.93	121
-14951.26	125
-14915.69	120
-14880.22	145
-14844.84	179
-14809.55	153
-14774.35	132
-14739.25	147
-14704.24	150
-14669.32	101
-14634.49	141
-14599.75	162
-14565.1	77
-14530.55	128
-14496.08	118
-14461.7	162
-14427.41	170
-14393.21	104
-14359.1	106
-14325.07	139
-14291.14	96
-14257.29	128
-14223.52	108
-14189.85	129
-14156.26	123
-14122.76	142
-14089.34	190
-14056.01	92
-14022.76	170
-13989.6	138
-13956.52	107
-13923.53	126
-13890.62	130
-13857.79	114
-13825.05	143
-13792.39	97
-13759.81	135
-13727.31	109
-13694.9	109
-13662.57	103
-13630.31	81
-13598.14	126
-13566.05	100
-13534.05	144
-13502.12	94
-13470.27	106
-13438.5	139
-13406.8	139
-13375.19	140
-13343.66	183
-13312.2	103
-13280.83	139
-13249.53	77
-13218.3	102
-13187.16	122
-13156.09	104
-13125.1	93
-13094.18	119
-13063.34	161
-13032.58	185
-13001.89	149
-12971.28	170
-12940.74	109
-12910.27	92
-12879.88	148
-12849.57	140
-12819.33	114
-12789.16	133
-12759.06	156
-12729.04	188
-12699.09	729
-12669.21	116
-12639.41	97
-12609.68	143
-12580.02	183
-12550.43	121
-12520.91	164
-12491.46	175
-12462.08	195
-12432.77	154
-12403.54	172
-12374.37	129
-12345.27	126
-12316.24	92
-12287.29	130
-12258.4	105
-12229.57	162
-12200.82	163
-12172.14	124
-12143.52	139
-12114.97	75
-12086.49	92
-12058.07	131
-12029.73	131
-12001.44	196
-11973.23	112
-11945.08	159
-11917	184
-11888.98	116
-11861.03	113
-11833.15	123
-11805.32	130
-11777.57	126
-11749.88	149
-11722.25	132
-11694.69	113
-11667.19	102
-11639.75	99
-11612.38	135
-11585.07	150
-11557.83	104
-11530.65	119
-11503.53	93
-11476.47	105
-11449.48	80
-11422.54	127
-11395.67	129
-11368.86	171
-11342.11	146
-11315.43	131
-11288.8	97
-11262.23	173
-11235.73	149
-11209.28	142
-11182.9	117
-11156.57	78
-11130.31	106
-11104.1	131
-11077.96	90
-11051.87	103
-11025.84	133
-10999.87	92
-10973.96	107
-10948.11	128
-10922.31	143
-10896.58	118
-10870.9	94
-10845.28	86
-10819.71	126
-10794.2	122
-10768.75	85
-10743.36	115
-10718.02	64
-10692.74	138
-10667.52	86
-10642.35	105
-10617.24	72
-10592.18	68
-10567.18	29
-10542.23	51
-10517.34	57
-10492.51	88
-10467.72	93
-10443	105
-10418.32	99
-10393.7	116
-10369.14	60
-10344.63	45
-10320.17	64
-10295.77	3
-10271.42	-14
-10247.12	-14
-10222.88	-29
-10198.68	-33
-10174.54	35
-10150.46	-41
-10126.42	-7
-10102.44	-50
-10078.51	-92
-10054.63	-108
-10030.8	-135
-10007.03	-75
-9983.3	-173
-9959.63	-141
-9936.01	-121
-9912.44	-200
-9888.92	-235
-9865.44	-200
-9842.02	-277
-9818.65	-256
-9795.33	-273
-9772.06	-316
-9748.84	-361
-9725.67	-394
-9702.55	-477
-9679.47	-534
-9656.45	-576
-9633.47	-664
-9610.55	-680
-9587.67	-767
-9564.84	-846
-9542.06	-931
-9519.32	-1061
-9496.64	-1217
-9474	-1230
-9451.41	-1334
-9428.87	-1310
-9406.37	-1365
-9383.92	-1270
-9361.52	-1346
-9339.17	-1472
-9316.86	-1654
-9294.6	-1772
-9272.38	-1870
-9250.21	-2029
-9228.09	-2128
-9206.01	-2038
-9183.98	-1956
-9162	-1826
-9140.06	-1863
-9118.16	-1883
-9096.31	-1852
-9074.51	-1917
-9052.75	-1856
-9031.04	-1723
-9009.37	-1560
-8987.74	-1369
-8966.16	-1286
-8944.63	-1189
-8923.14	-1131
-8901.69	-1200
-8880.29	-1336
-8858.93	-1323
-8837.61	-1522
-8816.34	-1435
-8795.11	-1412
-8773.92	-1407
-8752.78	-1249
-8731.68	-1226
-8710.62	-1181
-8689.61	-1311
-8668.63	-1312
-8647.7	-1418
-8626.82	-1364
-8605.97	-1276
-8585.17	-1234
-8564.41	-1141
-8543.69	-1102
-8523.01	-1087
-8502.37	-1042
-8481.78	-1180
-8461.23	-1260
-8440.71	-1279
-8420.24	-1281
-8399.81	-1276
-8379.42	-1284
-8359.08	-1220
-8338.77	-1098
-8318.5	-1064
-8298.27	-1059
-8278.09	-1105
-8257.94	-1089
-8237.83	-1184
-8217.76	-1267
-8197.74	-1229
-8177.75	-1186
-8157.8	-1087
-8137.89	-991
-8118.02	-979
-8098.19	-948
-8078.4	-947
-8058.65	-890
-8038.93	-956
-8019.26	-940
-7999.62	-903
-7980.02	-927
-7960.46	-871
-7940.94	-767
-7921.46	-759
-7902.01	-755
-7882.6	-723
-7863.23	-788
-7843.9	-766
-7824.61	-801
-7805.35	-892
-7786.13	-834
-7766.95	-850
-7747.8	-803
-7728.69	-858
-7709.62	-812
-7690.59	-855
-7671.59	-907
-7652.63	-945
-7633.7	-930
-7614.81	-841
-7595.96	-774
-7577.15	-701
-7558.37	-690
-7539.62	-782
-7520.91	-859
-7502.24	-828
-7483.6	-797
-7465	-799
-7446.44	-694
-7427.91	-512
-7409.41	-479
-7390.95	-488
-7372.53	-559
-7354.14	-473
-7335.78	-519
-7317.46	-556
-7299.18	-618
-7280.92	-654
-7262.71	-765
-7244.52	-818
-7226.38	-865
-7208.26	-739
-7190.18	-721
-7172.14	-712
-7154.12	-716
-7136.15	-727
-7118.2	-823
-7100.29	-827
-7082.41	-788
-7064.57	-741
-7046.76	-689
-7028.98	-636
-7011.24	-523
-6993.53	-456
-6975.85	-414
-6958.2	-355
-6940.59	-356
-6923.01	-465
-6905.46	-524
-6887.94	-564
-6870.46	-590
-6853.01	-678
-6835.59	-648
-6818.21	-623
-6800.85	-508
-6783.53	-384
-6766.24	-292
-6748.98	-335
-6731.76	-302
-6714.56	-219
-6697.4	-262
-6680.26	-270
-6663.16	-390
-6646.09	-466
-6629.05	-572
-6612.05	-557
-6595.07	-570
-6578.13	-546
-6561.21	-392
-6544.33	-279
-6527.47	-266
-6510.65	-174
-6493.86	-265
-6477.1	-244
-6460.36	-208
-6443.66	-222
-6426.99	-304
-6410.35	-217
-6393.74	-278
-6377.16	-288
-6360.61	-346
-6344.09	-348
-6327.59	-367
-6311.13	-441
-6294.7	-398
-6278.29	-364
-6261.92	-470
-6245.58	-478
-6229.26	-562
-6212.97	-463
-6196.72	-368
-6180.49	-192
-6164.29	-108
-6148.12	-64
-6131.98	-88
-6115.86	-87
-6099.78	-37
-6083.72	-128
-6067.69	-53
-6051.69	-50
-6035.72	-79
-6019.78	-122
-6003.87	-241
-5987.98	-334
-5972.12	-419
-5956.29	-340
-5940.49	-327
-5924.71	-226
-5908.96	-111
-5893.24	-111
-5877.55	-114
-5861.89	-128
-5846.25	-159
-5830.64	-114
-5815.05	-105
-5799.5	-119
-5783.97	-147
-5768.47	-165
-5752.99	-152
-5737.55	-333
-5722.12	-309
-5706.73	-365
-5691.36	-211
-5676.02	-122
-5660.71	-101
-5645.42	-89
-5630.16	-117
-5614.92	-151
-5599.71	-206
-5584.53	-251
-5569.37	-201
-5554.24	56
-5539.14	-183
-5524.06	-123
-5509.01	-152
-5493.98	-177
-5478.98	-191
-5464	-174
-5449.05	-147
-5434.13	-113
-5419.23	-56
-5404.36	-179
-5389.51	-175
-5374.69	-287
-5359.89	-368
-5345.12	-384
-5330.37	-315
-5315.65	-190
-5300.95	-168
-5286.28	-173
-5271.63	-184
-5257.01	-226
-5242.41	-195
-5227.84	-92
-5213.29	-43
-5198.76	-68
-5184.26	-63
-5169.79	-80
-5155.33	-116
-5140.91	-203
-5126.51	-281
-5112.13	-218
-5097.77	-167
-5083.44	-58
-5069.13	-20
-5054.85	-82
-5040.59	-115
-5026.36	-169
-5012.15	-177
-4997.96	-130
-4983.8	-101
-4969.66	-21
-4955.54	-21
-4941.44	-138
-4927.37	-215
-4913.33	-334
-4899.3	-368
-4885.3	-238
-4871.33	-173
-4857.37	-87
-4843.44	-6
-4829.53	-14
-4815.65	-10
-4801.79	-132
-4787.95	-92
-4774.13	-101
-4760.34	-34
-4746.56	19
-4732.82	-12
-4719.09	-33
-4705.38	-220
-4691.7	-256
-4678.04	-233
-4664.41	-152
-4650.79	4
-4637.2	12
-4623.63	-82
-4610.08	-84
-4596.56	-129
-4583.05	-156
-4569.57	-74
-4556.11	18
-4542.67	61
-4529.25	-9
-4515.86	-135
-4502.49	-211
-4489.13	-184
-4475.8	-120
-4462.49	-34
-4449.21	1
-4435.94	6
-4422.7	-78
-4409.47	-125
-4396.27	-63
-4383.09	-108
-4369.93	33
-4356.79	65
-4343.67	39
-4330.58	-24
-4317.5	-43
-4304.45	-47
-4291.41	16
-4278.4	48
-4265.41	25
-4252.44	-32
-4239.49	-60
-4226.55	-75
-4213.65	-12
-4200.76	73
-4187.89	82
-4175.04	64
-4162.21	24
-4149.4	81
-4136.61	50
-4123.85	95
-4111.1	106
-4098.37	87
-4085.66	86
-4072.98	51
-4060.31	124
-4047.66	122
-4035.04	127
-4022.43	64
-4009.84	130
-3997.27	81
-3984.72	93
-3972.19	129
-3959.69	111
-3947.2	111
-3934.73	103
-3922.27	191
-3909.84	135
-3897.43	141
-3885.04	160
-3872.67	117
-3860.31	139
-3847.98	95
-3835.66	161
-3823.36	128
-3811.09	110
-3798.83	100
-3786.59	131
-3774.37	159
-3762.17	100
-3749.98	125
-3737.82	100
-3725.67	136
-3713.55	143
-3701.44	155
-3689.35	154
-3677.28	105
-3665.22	151
-3653.19	136
-3641.17	135
-3629.18	111
-3617.2	150
-3605.24	141
-3593.3	161
-3581.37	145
-3569.47	131
-3557.58	162
-3545.71	120
-3533.86	172
-3522.02	72
-3510.21	132
-3498.41	148
-3486.63	145
-3474.87	112
-3463.12	98
-3451.4	163
-3439.69	104
-3428	150
-3416.33	160
-3404.67	82
-3393.03	159
-3381.41	141
-3369.81	125
-3358.22	129
-3346.66	108
-3335.1	151
-3323.57	189
-3312.06	103
-3300.56	165
-3289.08	83
-3277.61	148
-3266.16	188
-3254.73	118
-3243.32	179
-3231.92	141
-3220.55	96
-3209.18	103
-3197.84	74
-3186.51	93
-3175.2	124
-3163.9	85
-3152.63	90
-3141.36	142
-3130.12	189
-3118.89	174
-3107.68	85
-3096.49	147
-3085.31	173
-3074.15	144
-3063	184
-3051.87	67
-3040.76	148
-3029.67	122
-3018.59	187
-3007.52	160
-2996.48	159
-2985.44	95
-2974.43	188
-2963.43	127
-2952.45	133
-2941.48	150
-2930.53	107
-2919.6	149
-2908.68	137
-2897.78	91
-2886.89	173
-2876.02	100
-2865.17	199
-2854.33	124
-2843.5	133
-2832.7	103
-2821.9	128
-2811.13	62
-2800.37	107
-2789.62	175
-2778.89	151
-2768.18	115
-2757.48	144
-2746.8	110
-2736.13	135
-2725.48	137
-2714.84	57
-2704.22	149
-2693.61	159
-2683.02	91
-2672.45	80
-2661.89	144
-2651.34	86
-2640.81	167
-2630.3	118
-2619.8	80
-2609.31	115
-2598.84	77
-2588.39	140
-2577.95	125
-2567.52	132
-2557.11	127
-2546.71	155
-2536.33	85
-2525.97	124
-2515.62	121
-2505.28	175
-2494.96	89
-2484.65	93
-2474.36	144
-2464.08	153
-2453.82	150
-2443.57	118
-2433.33	100
-2423.11	159
-2412.91	150
-2402.72	102
-2392.54	147
-2382.38	177
-2372.23	102
-2362.09	370
-2351.97	148
-2341.87	146
-2331.78	196
-2321.7	141
-2311.64	161
-2301.59	186
-2291.55	76
-2281.53	130
-2271.53	134
-2261.53	104
-2251.55	173
-2241.59	148
-2231.64	172
-2221.7	122
-2211.78	169
-2201.87	152
-2191.97	106
-2182.09	98
-2172.22	207
-2162.37	112
-2152.53	130
-2142.7	157
-2132.89	116
-2123.09	153
-2113.3	141
-2103.53	124
-2093.77	146
-2084.02	150
-2074.29	114
-2064.57	169
-2054.86	127
-2045.17	114
-2035.49	186
-2025.82	79
-2016.17	153
-2006.53	206
-1996.91	115
-1987.29	132
-1977.69	110
-1968.11	110
-1958.53	151
-1948.97	129
-1939.42	142
-1929.89	99
-1920.37	81
-1910.86	116
-1901.36	139
-1891.88	151
-1882.41	141
-1872.95	182
-1863.51	86
-1854.08	203
-1844.66	122
-1835.26	152
-1825.86	94
-1816.48	95
-1807.11	129
-1797.76	160
-1788.42	210
-1779.09	148
-1769.77	146
-1760.47	161
-1751.17	108
-1741.89	158
-1732.63	168
-1723.37	181
-1714.13	160
-1704.9	106
-1695.68	149
-1686.48	114
-1677.29	143
-1668.11	118
-1658.94	157
-1649.78	117
-1640.64	143
-1631.51	151
-1622.39	163
-1613.28	135
-1604.19	183
-1595.1	138
-1586.03	75
-1576.97	168
-1567.93	104
-1558.89	145
-1549.87	109
-1540.86	146
-1531.86	154
-1522.87	134
-1513.9	166
-1504.93	131
-1495.98	117
-1487.04	114
-1478.12	181
-1469.2	131
-1460.3	171
-1451.4	133
-1442.52	115
-1433.65	131
-1424.8	168
-1415.95	112
-1407.12	163
-1398.3	97
-1389.48	159
-1380.69	157
-1371.9	88
-1363.12	144
-1354.36	164
-1345.6	123
-1336.86	114
-1328.13	128
-1319.41	107
-1310.7	108
-1302.01	129
-1293.32	126
-1284.65	127
-1275.99	143
-1267.33	189
-1258.69	101
-1250.06	154
-1241.45	112
-1232.84	146
-1224.25	143
-1215.66	175
-1207.09	132
-1198.53	148
-1189.97	175
-1181.43	104
-1172.91	155
-1164.39	205
-1155.88	147
-1147.38	139
-1138.9	130
-1130.43	189
-1121.96	168
-1113.51	118
-1105.07	140
-1096.64	121
-1088.22	108
-1079.81	129
-1071.41	167
-1063.02	142
-1054.65	167
-1046.28	114
-1037.92	123
-1029.58	123
-1021.24	126
-1012.92	435
-1004.61	143
-996.3	144
-988.01	125
-979.73	157
-971.46	173
-963.2	100
-954.95	93
-946.71	104
-938.48	138
-930.26	103
-922.06	127
-913.86	142
-905.67	134
-897.49	157
-889.33	139
-881.17	94
-873.02	129
-864.89	94
-856.76	120
-848.65	178
-840.54	156
-832.45	126
-824.36	153
-816.29	87
-808.22	205
-800.17	154
-792.12	123
-784.09	144
-776.06	130
-768.05	110
-760.04	138
-752.05	91
-744.07	162
-736.09	92
-728.13	156
-720.17	139
-712.23	145
-704.29	144
-696.37	100
-688.45	170
-680.55	116
-672.65	134
-664.77	106
-656.89	194
-649.03	131
-641.17	194
-633.32	133
-625.49	134
-617.66	128
-609.84	123
-602.03	142
-594.23	142
-586.45	177
-578.67	171
-570.9	78
-563.14	124
-555.39	92
-547.65	193
-539.91	76
-532.19	161
-524.48	165
-516.78	111
-509.08	147
-501.4	89
-493.72	144
-486.06	100
-478.4	197
-470.76	100
-463.12	136
-455.49	163
-447.87	77
-440.26	131
-432.66	178
-425.07	186
-417.49	139
-409.92	110
-402.35	181
-394.8	145
-387.25	147
-379.72	161
-372.19	175
-364.67	155
-357.17	100
-349.67	153
-342.18	179
-334.69	126
-327.22	164
-319.76	65
-312.3	151
-304.86	126
-297.42	171
-290	171
-282.58	140
-275.17	128
-267.77	168
-260.37	222
-252.99	154
-245.62	166
-238.25	154
-230.9	141
-223.55	168
-216.21	144
-208.88	193
-201.56	189
-194.25	146
-186.94	189
-179.65	170
-172.36	145
-165.08	167
-157.81	237
-150.55	185
-143.3	191
-136.06	254
-128.82	211
-121.6	202
-114.38	237
-107.17	205
-99.97	269
-92.78	296
-85.6	313
-78.42	285
-71.25	357
-64.1	326
-56.95	409
-49.81	453
-42.67	525
-35.55	661
-28.43	864
-21.33	1320
-14.23	4091
-7.14	24853
-0.05	58033
7.02	42000
14.09	11348
21.14	2836
28.19	1475
35.23	991
42.27	876
49.29	739
56.31	650
63.32	578
70.32	408
77.31	428
84.29	399
91.27	428
98.23	387
105.19	424
112.14	613
119.09	1247
126.02	2452
132.95	3045
139.87	3227
146.78	3368
153.68	3345
160.58	3267
167.46	3258
174.34	3226
181.21	3316
188.08	3241
194.93	3282
201.78	3288
208.62	3322
215.45	3291
222.27	3411
229.09	3326
235.9	3203
242.7	3292
249.49	3273
256.27	3229
263.05	3218
269.82	3199
276.58	3202
283.33	3179
290.08	3141
296.82	3069
303.55	3070
310.27	3039
316.98	3025
323.69	3064
330.39	3002
337.08	3063
343.76	3027
350.44	3051
357.11	2992
363.77	3053
370.42	2985
377.07	2939
383.71	3005
390.34	3069
396.96	3009
403.58	2946
410.19	2988
416.79	2966
423.38	2896
429.97	2944
436.55	2841
443.12	2870
449.68	2804
456.24	2859
462.79	2801
469.33	2783
475.86	2827
482.39	2771
488.91	2758
495.42	2683
501.93	2665
508.42	2612
514.91	2683
521.4	2569
527.87	2645
534.34	2618
540.8	2575
547.25	2606
553.7	2646
560.14	2612
566.57	2587
573	2569
579.41	2623
585.83	2545
592.23	2503
598.62	2483
605.01	2408
611.4	2397
617.77	2507
624.14	2386
630.5	2422
636.85	2467
643.2	2498
649.54	2389
655.87	2401
662.2	2404
668.52	2357
674.83	2309
681.13	2322
687.43	2287
693.72	2272
700	2257
706.28	2248
712.55	2273
718.81	2302
725.07	2178
731.32	2197
737.56	2271
743.79	2270
750.02	2266
756.24	2246
762.46	2287
768.67	2274
774.87	2206
781.06	2184
787.25	2180
793.43	2252
799.6	2245
805.77	2190
811.93	2193
818.08	2170
824.23	2228
830.37	2071
836.5	2161
842.63	2252
848.75	2220
854.87	2133
860.97	2113
867.07	2082
873.17	2121
879.25	2085
885.33	2058
891.41	2023
897.47	2022
903.53	2006
909.59	2098
915.63	2067
921.67	1992
927.71	2036
933.74	2104
939.76	2032
945.77	2023
951.78	2008
957.78	2050
963.78	2017
969.77	2060
975.75	2030
981.72	2019
987.69	2231
993.66	2039
999.61	2052
1005.56	2128
1011.51	2046
1017.44	2063
1023.37	2100
1029.3	2091
1035.22	2053
1041.13	2098
1047.03	2086
1052.93	2085
1058.83	2328
1064.71	2265
1070.59	2220
1076.47	2191
1082.33	2082
1088.2	2093
1094.05	2011
1099.9	2033
1105.74	2043
1111.58	2110
1117.41	2096
1123.23	2213
1129.05	2246
1134.86	2306
1140.67	2169
1146.47	2019
1152.26	2036
1158.05	2039
1163.83	2073
1169.6	2022
1175.37	2000
1181.13	2026
1186.89	2092
1192.64	2041
1198.38	2138
1204.12	2049
1209.85	2052
1215.58	2043
1221.3	2085
1227.02	2086
1232.72	2018
1238.43	2063
1244.12	1992
1249.81	2092
1255.5	2111
1261.17	2077
1266.85	2083
1272.51	2023
1278.17	2061
1283.83	2153
1289.47	2244
1295.12	2435
1300.75	2392
1306.38	2204
1312.01	2113
1317.63	2126
1323.24	2047
1328.85	2040
1334.45	2067
1340.04	2079
1345.63	2082
1351.22	2038
1356.8	2069
1362.37	2086
1367.93	2008
1373.49	2080
1379.05	2055
1384.6	2097
1390.14	2059
1395.68	2078
1401.21	2048
1406.74	2094
1412.26	2162
1417.77	2193
1423.28	2147
1428.78	2270
1434.28	2368
1439.77	2425
1445.26	2409
1450.74	2423
1456.22	2348
1461.68	2198
1467.15	2219
1472.61	2161
1478.06	2055
1483.51	2053
1488.95	1999
1494.38	1933
1499.81	1944
1505.24	1936
1510.65	1933
1516.07	1894
1521.48	1879
1526.88	1945
1532.27	1917
1537.67	1880
1543.05	1853
1548.43	1868
1553.81	1874
1559.18	1853
1564.54	1908
1569.9	1863
1575.25	1850
1580.6	1874
1585.94	1923
1591.28	1809
1596.61	1795
1601.93	1799
1607.25	1799
1612.57	1796
1617.88	1759
1623.18	1740
1628.48	1758
1633.77	1767
1639.06	1735
1644.34	1758
1649.62	1731
1654.89	1661
1660.16	1705
1665.42	1732
1670.67	1695
1675.92	1674
1681.17	1618
1686.41	1589
1691.64	1711
1696.87	1606
1702.1	1627
1707.32	1581
1712.53	1601
1717.74	1630
1722.94	1553
1728.14	1554
1733.33	1530
1738.52	1539
1743.7	1534
1748.88	1548
1754.05	1475
1759.22	1501
1764.38	1576
1769.53	1510
1774.69	1512
1779.83	1459
1784.97	1417
1790.11	1437
1795.24	1403
1800.36	1424
1805.48	1439
1810.6	1465
1815.71	1457
1820.82	1413
1825.92	1446
1831.01	1408
1836.1	1461
1841.19	1411
1846.26	1432
1851.34	1427
1856.41	1347
1861.47	1407
1866.53	1397
1871.59	1354
1876.64	1435
1881.68	1374
1886.72	1379
1891.76	1280
1896.79	1321
1901.81	1278
1906.83	1345
1911.85	1333
1916.86	1341
1921.86	1285
1926.86	1206
1931.86	1243
1936.85	1233
1941.83	1233
1946.81	1233
1951.79	1192
1956.76	1252
1961.72	1221
1966.68	1203
1971.64	1197
1976.59	1205
1981.54	1180
1986.48	1222
1991.42	1180
1996.35	1174
2001.27	1183
2006.2	1150
2011.11	1120
2016.03	1126
2020.93	1151
2025.84	1167
2030.73	1095
2035.63	1148
2040.52	1126
2045.4	1100
2050.28	1137
2055.15	1099
2060.02	1044
2064.89	1047
2069.75	1065
2074.6	1096
2079.46	1075
2084.3	1022
2089.14	1070
2093.98	1078
2098.81	1054
2103.64	1096
2108.46	1045
2113.28	1049
2118.09	1021
2122.9	1110
2127.7	1010
2132.5	1066
2137.3	1017
2142.09	989
2146.87	958
2151.66	1065
2156.43	1019
2161.2	920
2165.97	993
2170.73	974
2175.49	1001
2180.24	905
2184.99	983
2189.74	966
2194.48	941
2199.21	994
2203.94	920
2208.67	920
2213.39	903
2218.11	909
2222.82	972
2227.53	969
2232.23	910
2236.93	868
2241.63	921
2246.32	910
2251	885
2255.68	865
2260.36	856
2265.03	886
2269.7	864
2274.36	867
2279.02	849
2283.68	869
2288.33	861
2292.97	911
2297.61	833
2302.25	890
2306.88	868
2311.51	793
2316.14	815
2320.75	847
2325.37	823
2329.98	831
2334.59	836
2339.19	777
2343.79	819
2348.38	757
2352.97	797
2357.55	772
2362.13	810
2366.71	784
2371.28	828
2375.85	789
2380.41	791
2384.97	773
2389.52	788
2394.07	821
2398.62	799
2403.16	691
2407.7	737
2412.23	742
2416.76	753
2421.29	777
2425.81	769
2430.32	706
2434.84	749
2439.34	724
2443.85	744
2448.35	630
2452.84	674
2457.33	702
2461.82	728
2466.3	667
2470.78	736
2475.25	674
2479.72	682
2484.19	713
2488.65	704
2493.11	667
2497.56	658
2502.01	683
2506.46	687
2510.9	696
2515.34	643
2519.77	626
2524.2	645
2528.62	665
2533.04	637
2537.46	633
2541.87	656
2546.28	673
2550.68	645
2555.08	659
2559.48	607
2563.87	597
2568.26	570
2572.64	608
2577.02	665
2581.4	581
2585.77	582
2590.14	578
2594.5	569
2598.86	656
2603.22	584
2607.57	564
2611.92	634
2616.26	531
2620.6	644
2624.94	574
2629.27	596
2633.6	546
2637.92	592
2642.24	522
2646.56	559
2650.87	570
2655.18	598
2659.48	524
2663.78	582
2668.08	515
2672.37	536
2676.66	555
2680.95	523
2685.23	540
2689.5	618
2693.78	564
2698.05	556
2702.31	619
2706.57	543
2710.83	612
2715.08	569
2719.33	589
2723.58	639
2727.82	554
2732.06	556
2736.29	583
2740.53	570
2744.75	549
2748.97	599
2753.19	580
2757.41	532
2761.62	548
2765.83	620
2770.03	531
2774.23	570
2778.43	524
2782.62	556
2786.81	485
2791	552
2795.18	584
2799.35	572
2803.53	576
2807.7	576
2811.86	567
2816.03	537
2820.19	602
2824.34	580
2828.49	607
2832.64	630
2836.78	673
2840.92	749
2845.06	816
2849.19	956
2853.32	868
2857.45	910
2861.57	902
2865.69	818
2869.8	849
2873.91	829
2878.02	965
2882.12	923
2886.22	957
2890.32	902
2894.41	870
2898.5	811
2902.58	806
2906.67	759
2910.74	688
2914.82	692
2918.89	699
2922.96	664
2927.02	661
2931.08	560
2935.13	551
2939.19	573
2943.24	517
2947.28	524
2951.32	538
2955.36	480
2959.4	468
2963.43	453
2967.46	506
2971.48	468
2975.5	453
2979.52	426
2983.53	389
2987.54	398
2991.55	396
2995.55	430
2999.55	386
3003.54	369
3007.54	393
3011.53	350
3015.51	324
3019.49	391
3023.47	323
3027.45	365
3031.42	295
3035.39	259
3039.35	393
3043.31	341
3047.27	333
3051.22	306
3055.17	348
3059.12	319
3063.06	363
3067	290
3070.94	317
3074.87	371
3078.8	299
3082.73	328
3086.65	338
3090.57	302
3094.49	311
3098.4	292
3102.31	268
3106.22	290
3110.12	272
3114.02	296
3117.92	339
3121.81	301
3125.7	299
3129.58	302
3133.47	302
3137.34	342
3141.22	269
3145.09	292
3148.96	239
3152.83	276
3156.69	246
3160.55	288
3164.4	200
3168.26	297
3172.1	334
3175.95	286
3179.79	335
3183.63	234
3187.47	257
3191.3	202
3195.13	256
3198.95	231
3202.78	274
3206.6	213
3210.41	252
3214.23	229
3218.03	244
3221.84	247
3225.64	210
3229.44	216
3233.24	191
3237.03	218
3240.82	201
3244.61	264
3248.39	231
3252.17	241
3255.95	215
3259.72	262
3263.49	234
3267.26	194
3271.03	198
3274.79	203
3278.54	212
3282.3	186
3286.05	223
3289.8	270
3293.54	213
3297.29	204
3301.02	174
3304.76	181
3308.49	207
3312.22	210
3315.95	188
3319.67	197
3323.39	182
3327.1	210
3330.82	211
3334.53	239
3338.24	234
3341.94	196
3345.64	210
3349.34	149
3353.03	211
3356.72	188
3360.41	253
3364.1	185
3367.78	206
3371.46	162
3375.13	187
3378.81	199
3382.48	158
3386.14	214
3389.81	183
3393.47	144
3397.12	170
3400.78	167
3404.43	176
3408.08	182
3411.72	178
3415.36	109
3419	235
3422.64	146
3426.27	175
3429.9	164
3433.53	218
3437.15	183
3440.77	158
3444.39	132
3448	145
3451.62	174
3455.22	144
3458.83	167
3462.43	192
3466.03	123
3469.63	126
3473.22	178
3476.81	173
3480.4	196
3483.99	176
3487.57	136
3491.15	190
3494.72	126
3498.29	138
3501.86	161
3505.43	172
3508.99	196
3512.56	128
3516.11	182
3519.67	137
3523.22	150
3526.77	164
3530.32	178
3533.86	155
3537.4	113
3540.94	123
3544.47	175
3548	123
3551.53	140
3555.06	139
3558.58	136
3562.1	146
3565.62	152
3569.13	160
3572.64	157
3576.15	102
3579.66	118
3583.16	172
3586.66	134
3590.16	72
3593.65	115
3597.14	132
3600.63	111
3604.11	155
3607.6	135
3611.08	161
3614.55	102
3618.03	135
3621.5	120
3624.97	127
3628.43	159
3631.9	122
3635.36	117
3638.81	179
3642.27	117
3645.72	133
3649.17	107
3652.61	143
3656.06	139
3659.5	116
3662.93	142
3666.37	150
3669.8	153
3673.23	108
3676.65	129
3680.08	154
3683.5	137
3686.92	159
3690.33	130
3693.74	165
3697.15	113
3700.56	99
3703.96	141
3707.36	60
3710.76	83
3714.16	165
3717.55	140
3720.94	124
3724.33	120
3727.71	98
3731.1	114
3734.48	115
3737.85	131
3741.23	135
3744.6	68
3747.97	98
3751.33	154
3754.69	139
3758.05	100
3761.41	82
3764.77	94
3768.12	128
3771.47	78
3774.82	144
3778.16	0
3781.5	-1
3784.84	15
3788.18	14
