-37534,58	8,00
-37414,56	-2,00
-37295,11	-5,00
-37176,24	5,00
-37057,95	12,00
-36940,22	9,00
-36823,05	62,00
-36706,45	-22,00
-36590,40	61,00
-36474,90	-44,00
-36359,95	120,00
-36245,55	180,00
-36131,68	18,00
-36018,35	-115,00
-35905,55	109,00
-35793,29	-97,00
-35681,54	21,00
-35570,32	142,00
-35459,62	-9,00
-35349,43	-139,00
-35239,75	67,00
-35130,58	115,00
-35021,91	120,00
-34913,74	83,00
-34806,07	-81,00
-34698,89	0,00
-34592,20	87,00
-34486,00	-130,00
-34380,28	41,00
-34275,04	-21,00
-34170,27	-142,00
-34065,98	32,00
-33962,16	118,00
-33858,81	-4,00
-33755,92	-98,00
-33653,49	-15,00
-33551,52	28,00
-33450,01	5,00
-33348,94	76,00
-33248,33	19,00
-33148,16	96,00
-33048,43	70,00
-32949,14	-22,00
-32850,29	49,00
-32751,87	61,00
-32653,89	6,00
-32556,33	28,00
-32459,20	9,00
-32362,49	122,00
-32266,19	52,00
-32170,32	22,00
-32074,86	7,00
-31979,82	-95,00
-31885,18	98,00
-31790,95	117,00
-31697,12	-3,00
-31603,69	121,00
-31510,67	44,00
-31418,04	74,00
-31325,80	130,00
-31233,95	66,00
-31142,49	-111,00
-31051,42	143,00
-30960,73	125,00
-30870,43	39,00
-30780,50	69,00
-30690,95	19,00
-30601,77	136,00
-30512,97	41,00
-30424,53	-115,00
-30336,46	-59,00
-30248,76	209,00
-30161,42	-24,00
-30074,44	59,00
-29987,81	-57,00
-29901,55	-15,00
-29815,63	105,00
-29730,07	204,00
-29644,86	21,00
-29560,00	-2,00
-29475,48	175,00
-29391,30	107,00
-29307,47	48,00
-29223,97	2,00
-29140,81	95,00
-29057,99	30,00
-28975,50	85,00
-28893,34	-18,00
-28811,51	23,00
-28730,00	-52,00
-28648,82	49,00
-28567,97	72,00
-28487,43	-101,00
-28407,21	102,00
-28327,32	79,00
-28247,73	200,00
-28168,46	-112,00
-28089,50	97,00
-28010,85	103,00
-27932,51	56,00
-27854,48	178,00
-27776,75	-23,00
-27699,32	-86,00
-27622,19	102,00
-27545,37	132,00
-27468,84	-50,00
-27392,60	44,00
-27316,66	95,00
-27241,01	71,00
-27165,66	-100,00
-27090,59	-40,00
-27015,81	90,00
-26941,31	79,00
-26867,10	-10,00
-26793,17	5,00
-26719,52	-8,00
-26646,15	80,00
-26573,06	-85,00
-26500,24	27,00
-26427,70	96,00
-26355,43	104,00
-26283,43	3,00
-26211,71	92,00
-26140,25	100,00
-26069,06	31,00
-25998,13	47,00
-25927,46	64,00
-25857,06	-12,00
-25786,92	104,00
-25717,04	-146,00
-25647,42	-38,00
-25578,05	-85,00
-25508,94	147,00
-25440,09	108,00
-25371,48	17,00
-25303,13	146,00
-25235,02	88,00
-25167,17	78,00
-25099,56	34,00
-25032,19	65,00
-24965,07	-69,00
-24898,20	108,00
-24831,56	86,00
-24765,17	8,00
-24699,01	120,00
-24633,10	96,00
-24567,41	12,00
-24501,97	104,00
-24436,75	156,00
-24371,77	51,00
-24307,03	-71,00
-24242,51	33,00
-24178,22	55,00
-24114,16	99,00
-24050,32	114,00
-23986,71	55,00
-23923,32	68,00
-23860,16	-13,00
-23797,22	-6,00
-23734,50	147,00
-23672,00	149,00
-23609,71	23,00
-23547,65	-133,00
-23485,80	209,00
-23424,16	59,00
-23362,74	71,00
-23301,53	49,00
-23240,54	22,00
-23179,75	54,00
-23119,17	-8,00
-23058,80	15,00
-22998,64	70,00
-22938,68	40,00
-22878,93	108,00
-22819,39	76,00
-22760,04	-53,00
-22700,90	51,00
-22641,96	-76,00
-22583,22	110,00
-22524,68	7,00
-22466,33	7,00
-22408,19	-47,00
-22350,23	110,00
-22292,48	17,00
-22234,92	101,00
-22177,55	113,00
-22120,37	42,00
-22063,38	-5,00
-22006,58	-26,00
-21949,98	17,00
-21893,56	-93,00
-21837,33	-15,00
-21781,28	-37,00
-21725,42	-39,00
-21669,74	-54,00
-21614,25	161,00
-21558,94	-23,00
-21503,81	-118,00
-21448,86	147,00
-21394,10	17,00
-21339,51	45,00
-21285,10	-2,00
-21230,86	74,00
-21176,81	13,00
-21122,93	117,00
-21069,22	22,00
-21015,69	-54,00
-20962,33	-54,00
-20909,14	57,00
-20856,13	106,00
-20803,28	208,00
-20750,61	0,00
-20698,10	129,00
-20645,76	80,00
-20593,59	-29,00
-20541,59	-175,00
-20489,75	115,00
-20438,07	14,00
-20386,56	-26,00
-20335,22	118,00
-20284,03	135,00
-20233,01	34,00
-20182,15	-18,00
-20131,45	22,00
-20080,91	32,00
-20030,52	48,00
-19980,30	20,00
-19930,23	99,00
-19880,32	26,00
-19830,56	24,00
-19780,96	104,00
-19731,52	-36,00
-19682,23	92,00
-19633,09	119,00
-19584,10	22,00
-19535,26	34,00
-19486,58	-212,00
-19438,04	73,00
-19389,66	25,00
-19341,42	17,00
-19293,33	35,00
-19245,39	134,00
-19197,60	-22,00
-19149,95	23,00
-19102,45	66,00
-19055,09	-47,00
-19007,87	166,00
-18960,80	110,00
-18913,87	-27,00
-18867,09	-19,00
-18820,44	-90,00
-18773,94	132,00
-18727,57	122,00
-18681,35	-70,00
-18635,26	11,00
-18589,31	75,00
-18543,50	-76,00
-18497,83	-24,00
-18452,29	96,00
-18406,89	-37,00
-18361,63	-64,00
-18316,50	147,00
-18271,50	53,00
-18226,63	128,00
-18181,90	47,00
-18137,30	37,00
-18092,84	70,00
-18048,50	57,00
-18004,29	76,00
-17960,22	121,00
-17916,27	94,00
-17872,45	162,00
-17828,76	138,00
-17785,20	48,00
-17741,77	-189,00
-17698,46	53,00
-17655,28	58,00
-17612,22	47,00
-17569,29	-45,00
-17526,48	154,00
-17483,79	86,00
-17441,23	-18,00
-17398,79	-21,00
-17356,48	60,00
-17314,28	2,00
-17272,21	6,00
-17230,26	5,00
-17188,42	79,00
-17146,71	-14,00
-17105,12	116,00
-17063,64	25,00
-17022,28	99,00
-16981,04	4,00
-16939,92	-101,00
-16898,91	44,00
-16858,02	-88,00
-16817,25	65,00
-16776,59	74,00
-16736,04	-71,00
-16695,61	129,00
-16655,29	59,00
-16615,09	-37,00
-16574,99	119,00
-16535,01	-120,00
-16495,15	-52,00
-16455,39	4,00
-16415,74	81,00
-16376,21	75,00
-16336,78	19,00
-16297,46	53,00
-16258,26	28,00
-16219,16	-33,00
-16180,17	92,00
-16141,28	0,00
-16102,51	-160,00
-16063,84	124,00
-16025,27	-24,00
-15986,82	33,00
-15948,46	16,00
-15910,22	-102,00
-15872,07	94,00
-15834,04	-36,00
-15796,10	120,00
-15758,27	34,00
-15720,54	-99,00
-15682,91	68,00
-15645,39	-118,00
-15607,97	161,00
-15570,64	193,00
-15533,42	122,00
-15496,30	90,00
-15459,28	29,00
-15422,36	115,00
-15385,54	86,00
-15348,82	84,00
-15312,19	-128,00
-15275,66	164,00
-15239,23	-23,00
-15202,90	-7,00
-15166,67	-25,00
-15130,53	15,00
-15094,48	155,00
-15058,54	25,00
-15022,68	34,00
-14986,93	118,00
-14951,26	60,00
-14915,69	-43,00
-14880,22	118,00
-14844,84	0,00
-14809,55	83,00
-14774,35	138,00
-14739,25	30,00
-14704,24	-4,00
-14669,32	-89,00
-14634,49	72,00
-14599,75	105,00
-14565,10	29,00
-14530,55	-72,00
-14496,08	-90,00
-14461,70	46,00
-14427,41	-29,00
-14393,21	-67,00
-14359,10	55,00
-14325,07	4,00
-14291,14	-5,00
-14257,29	52,00
-14223,52	34,00
-14189,85	-15,00
-14156,26	157,00
-14122,76	103,00
-14089,34	-33,00
-14056,01	-53,00
-14022,76	107,00
-13989,60	35,00
-13956,52	26,00
-13923,53	69,00
-13890,62	156,00
-13857,79	98,00
-13825,05	-1,00
-13792,39	40,00
-13759,81	-77,00
-13727,31	19,00
-13694,90	91,00
-13662,57	-20,00
-13630,31	49,00
-13598,14	68,00
-13566,05	167,00
-13534,05	-90,00
-13502,12	90,00
-13470,27	59,00
-13438,50	10,00
-13406,80	29,00
-13375,19	-104,00
-13343,66	38,00
-13312,20	76,00
-13280,83	61,00
-13249,53	-51,00
-13218,30	105,00
-13187,16	-51,00
-13156,09	-11,00
-13125,10	-39,00
-13094,18	126,00
-13063,34	43,00
-13032,58	59,00
-13001,89	-93,00
-12971,28	-68,00
-12940,74	-7,00
-12910,27	110,00
-12879,88	87,00
-12849,57	192,00
-12819,33	-23,00
-12789,16	22,00
-12759,06	-66,00
-12729,04	93,00
-12699,09	205,00
-12669,21	124,00
-12639,41	113,00
-12609,68	56,00
-12580,02	56,00
-12550,43	-76,00
-12520,91	-9,00
-12491,46	14,00
-12462,08	22,00
-12432,77	27,00
-12403,54	135,00
-12374,37	79,00
-12345,27	-7,00
-12316,24	25,00
-12287,29	53,00
-12258,40	45,00
-12229,57	128,00
-12200,82	11,00
-12172,14	126,00
-12143,52	172,00
-12114,97	-47,00
-12086,49	59,00
-12058,07	78,00
-12029,73	-75,00
-12001,44	-23,00
-11973,23	-59,00
-11945,08	-7,00
-11917,00	47,00
-11888,98	83,00
-11861,03	96,00
-11833,15	152,00
-11805,32	91,00
-11777,57	97,00
-11749,88	59,00
-11722,25	8,00
-11694,69	197,00
-11667,19	164,00
-11639,75	27,00
-11612,38	-35,00
-11585,07	-39,00
-11557,83	-79,00
-11530,65	-64,00
-11503,53	140,00
-11476,47	71,00
-11449,48	-30,00
-11422,54	32,00
-11395,67	16,00
-11368,86	71,00
-11342,11	178,00
-11315,43	187,00
-11288,80	91,00
-11262,23	96,00
-11235,73	28,00
-11209,28	-12,00
-11182,90	49,00
-11156,57	-102,00
-11130,31	23,00
-11104,10	46,00
-11077,96	62,00
-11051,87	108,00
-11025,84	-34,00
-10999,87	151,00
-10973,96	77,00
-10948,11	-47,00
-10922,31	-75,00
-10896,58	-63,00
-10870,90	225,00
-10845,28	-61,00
-10819,71	23,00
-10794,20	106,00
-10768,75	0,00
-10743,36	8,00
-10718,02	42,00
-10692,74	-5,00
-10667,52	113,00
-10642,35	33,00
-10617,24	6,00
-10592,18	-79,00
-10567,18	37,00
-10542,23	121,00
-10517,34	-12,00
-10492,51	100,00
-10467,72	-112,00
-10443,00	11,00
-10418,32	52,00
-10393,70	77,00
-10369,14	-40,00
-10344,63	-48,00
-10320,17	-4,00
-10295,77	-97,00
-10271,42	-153,00
-10247,12	31,00
-10222,88	-18,00
-10198,68	17,00
-10174,54	-109,00
-10150,46	12,00
-10126,42	22,00
-10102,44	-52,00
-10078,51	-147,00
-10054,63	-188,00
-10030,80	17,00
-10007,03	-9,00
-9983,30	-226,00
-9959,63	-81,00
-9936,01	-171,00
-9912,44	-126,00
-9888,92	-207,00
-9865,44	-136,00
-9842,02	-195,00
-9818,65	-190,00
-9795,33	-30,00
-9772,06	-159,00
-9748,84	-173,00
-9725,67	-136,00
-9702,55	-382,00
-9679,47	-286,00
-9656,45	-499,00
-9633,47	-446,00
-9610,55	-511,00
-9587,67	-379,00
-9564,84	-518,00
-9542,06	-580,00
-9519,32	-628,00
-9496,64	-615,00
-9474,00	-726,00
-9451,41	-1035,00
-9428,87	-837,00
-9406,37	-667,00
-9383,92	-599,00
-9361,52	-482,00
-9339,17	-743,00
-9316,86	-652,00
-9294,60	-1105,00
-9272,38	-1249,00
-9250,21	-1570,00
-9228,09	-1412,00
-9206,01	-1295,00
-9183,98	-1292,00
-9162,00	-1007,00
-9140,06	-1168,00
-9118,16	-1135,00
-9096,31	-975,00
-9074,51	-1493,00
-9052,75	-1347,00
-9031,04	-1228,00
-9009,37	-1063,00
-8987,74	-773,00
-8966,16	-698,00
-8944,63	-725,00
-8923,14	-473,00
-8901,69	-749,00
-8880,29	-1018,00
-8858,93	-1193,00
-8837,61	-1273,00
-8816,34	-1385,00
-8795,11	-1188,00
-8773,92	-1348,00
-8752,78	-968,00
-8731,68	-935,00
-8710,62	-908,00
-8689,61	-883,00
-8668,63	-1193,00
-8647,70	-1157,00
-8626,82	-1267,00
-8605,97	-1140,00
-8585,17	-988,00
-8564,41	-791,00
-8543,69	-840,00
-8523,01	-776,00
-8502,37	-734,00
-8481,78	-964,00
-8461,23	-1005,00
-8440,71	-1160,00
-8420,24	-1277,00
-8399,81	-1357,00
-8379,42	-1426,00
-8359,08	-1203,00
-8338,77	-898,00
-8318,50	-855,00
-8298,27	-967,00
-8278,09	-1015,00
-8257,94	-1244,00
-8237,83	-1288,00
-8217,76	-1365,00
-8197,74	-1344,00
-8177,75	-1352,00
-8157,80	-1096,00
-8137,89	-985,00
-8118,02	-1000,00
-8098,19	-920,00
-8078,40	-836,00
-8058,65	-1104,00
-8038,93	-1083,00
-8019,26	-1141,00
-7999,62	-993,00
-7980,02	-967,00
-7960,46	-841,00
-7940,94	-720,00
-7921,46	-667,00
-7902,01	-638,00
-7882,60	-862,00
-7863,23	-707,00
-7843,90	-872,00
-7824,61	-1058,00
-7805,35	-1036,00
-7786,13	-1006,00
-7766,95	-952,00
-7747,80	-877,00
-7728,69	-780,00
-7709,62	-727,00
-7690,59	-918,00
-7671,59	-876,00
-7652,63	-1076,00
-7633,70	-835,00
-7614,81	-1008,00
-7595,96	-990,00
-7577,15	-676,00
-7558,37	-646,00
-7539,62	-792,00
-7520,91	-942,00
-7502,24	-700,00
-7483,60	-865,00
-7465,00	-812,00
-7446,44	-812,00
-7427,91	-555,00
-7409,41	-425,00
-7390,95	-376,00
-7372,53	-443,00
-7354,14	-299,00
-7335,78	-488,00
-7317,46	-670,00
-7299,18	-585,00
-7280,92	-762,00
-7262,71	-589,00
-7244,52	-833,00
-7226,38	-845,00
-7208,26	-762,00
-7190,18	-690,00
-7172,14	-652,00
-7154,12	-579,00
-7136,15	-558,00
-7118,20	-686,00
-7100,29	-636,00
-7082,41	-831,00
-7064,57	-717,00
-7046,76	-605,00
-7028,98	-391,00
-7011,24	-493,00
-6993,53	-98,00
-6975,85	-91,00
-6958,20	-143,00
-6940,59	-73,00
-6923,01	-73,00
-6905,46	-422,00
-6887,94	-442,00
-6870,46	-3651,00
-6853,01	-586,00
-6835,59	-586,00
-6818,21	-390,00
-6800,85	-381,00
-6783,53	-188,00
-6766,24	-97,00
-6748,98	49,00
-6731,76	99,00
-6714,56	19,00
-6697,40	119,00
-6680,26	-10,00
-6663,16	-187,00
-6646,09	-218,00
-6629,05	-272,00
-6612,05	-408,00
-6595,07	-146,00
-6578,13	-296,00
-6561,21	-122,00
-6544,33	-101,00
-6527,47	95,00
-6510,65	139,00
-6493,86	187,00
-6477,10	12,00
-6460,36	163,00
-6443,66	189,00
-6426,99	-5,00
-6410,35	-96,00
-6393,74	-185,00
-6377,16	-74,00
-6360,61	-171,00
-6344,09	-78,00
-6327,59	-63,00
-6311,13	-192,00
-6294,70	-209,00
-6278,29	-337,00
-6261,92	-444,00
-6245,58	-474,00
-6229,26	-189,00
-6212,97	-214,00
-6196,72	-1,00
-6180,49	50,00
-6164,29	146,00
-6148,12	59,00
-6131,98	45,00
-6115,86	288,00
-6099,78	291,00
-6083,72	352,00
-6067,69	165,00
-6051,69	122,00
-6035,72	158,00
-6019,78	-26,00
-6003,87	-109,00
-5987,98	-181,00
-5972,12	-79,00
-5956,29	-148,00
-5940,49	-11,00
-5924,71	28,00
-5908,96	-156,00
-5893,24	41,00
-5877,55	40,00
-5861,89	-17,00
-5846,25	206,00
-5830,64	132,00
-5815,05	188,00
-5799,50	39,00
-5783,97	-27,00
-5768,47	0,00
-5752,99	-184,00
-5737,55	-85,00
-5722,12	-74,00
-5706,73	95,00
-5691,36	-145,00
-5676,02	91,00
-5660,71	161,00
-5645,42	227,00
-5630,16	16,00
-5614,92	-33,00
-5599,71	90,00
-5584,53	-81,00
-5569,37	-11,00
-5554,24	-1384,00
-5539,14	160,00
-5524,06	27,00
-5509,01	101,00
-5493,98	-39,00
-5478,98	182,00
-5464,00	106,00
-5449,05	97,00
-5434,13	193,00
-5419,23	-23,00
-5404,36	19,00
-5389,51	-77,00
-5374,69	-91,00
-5359,89	17,00
-5345,12	-270,00
-5330,37	-126,00
-5315,65	-45,00
-5300,95	-35,00
-5286,28	-47,00
-5271,63	62,00
-5257,01	109,00
-5242,41	133,00
-5227,84	115,00
-5213,29	137,00
-5198,76	145,00
-5184,26	31,00
-5169,79	100,00
-5155,33	21,00
-5140,91	-31,00
-5126,51	-46,00
-5112,13	42,00
-5097,77	-129,00
-5083,44	-73,00
-5069,13	14,00
-5054,85	-93,00
-5040,59	-153,00
-5026,36	56,00
-5012,15	-52,00
-4997,96	52,00
-4983,80	11,00
-4969,66	-53,00
-4955,54	29,00
-4941,44	-143,00
-4927,37	-129,00
-4913,33	0,00
-4899,30	-150,00
-4885,30	-327,00
-4871,33	-43,00
-4857,37	-118,00
-4843,44	104,00
-4829,53	88,00
-4815,65	82,00
-4801,79	174,00
-4787,95	174,00
-4774,13	58,00
-4760,34	74,00
-4746,56	-81,00
-4732,82	24,00
-4719,09	-50,00
-4705,38	-164,00
-4691,70	-233,00
-4678,04	-244,00
-4664,41	-175,00
-4650,79	-59,00
-4637,20	-37,00
-4623,63	92,00
-4610,08	-129,00
-4596,56	41,00
-4583,05	42,00
-4569,57	2,00
-4556,11	-5,00
-4542,67	-148,00
-4529,25	-83,00
-4515,86	-134,00
-4502,49	24,00
-4489,13	-155,00
-4475,80	-304,00
-4462,49	-76,00
-4449,21	-86,00
-4435,94	-4,00
-4422,70	-64,00
-4409,47	-170,00
-4396,27	67,00
-4383,09	-95,00
-4369,93	16,00
-4356,79	201,00
-4343,67	7,00
-4330,58	-39,00
-4317,50	-33,00
-4304,45	-4,00
-4291,41	-33,00
-4278,40	96,00
-4265,41	29,00
-4252,44	83,00
-4239,49	73,00
-4226,55	-67,00
-4213,65	-58,00
-4200,76	-107,00
-4187,89	74,00
-4175,04	65,00
-4162,21	133,00
-4149,40	-36,00
-4136,61	48,00
-4123,85	-80,00
-4111,10	15,00
-4098,37	-67,00
-4085,66	16,00
-4072,98	14,00
-4060,31	36,00
-4047,66	85,00
-4035,04	-133,00
-4022,43	56,00
-4009,84	47,00
-3997,27	-59,00
-3984,72	-44,00
-3972,19	24,00
-3959,69	80,00
-3947,20	97,00
-3934,73	21,00
-3922,27	-7,00
-3909,84	58,00
-3897,43	92,00
-3885,04	29,00
-3872,67	19,00
-3860,31	23,00
-3847,98	-97,00
-3835,66	10,00
-3823,36	114,00
-3811,09	105,00
-3798,83	-58,00
-3786,59	114,00
-3774,37	-47,00
-3762,17	-39,00
-3749,98	38,00
-3737,82	73,00
-3725,67	116,00
-3713,55	-19,00
-3701,44	72,00
-3689,35	37,00
-3677,28	24,00
-3665,22	28,00
-3653,19	42,00
-3641,17	57,00
-3629,18	22,00
-3617,20	140,00
-3605,24	7,00
-3593,30	131,00
-3581,37	-23,00
-3569,47	104,00
-3557,58	67,00
-3545,71	79,00
-3533,86	-64,00
-3522,02	127,00
-3510,21	153,00
-3498,41	102,00
-3486,63	55,00
-3474,87	94,00
-3463,12	82,00
-3451,40	99,00
-3439,69	77,00
-3428,00	26,00
-3416,33	78,00
-3404,67	153,00
-3393,03	-56,00
-3381,41	-130,00
-3369,81	64,00
-3358,22	136,00
-3346,66	151,00
-3335,10	89,00
-3323,57	-173,00
-3312,06	42,00
-3300,56	80,00
-3289,08	38,00
-3277,61	2,00
-3266,16	-23,00
-3254,73	130,00
-3243,32	87,00
-3231,92	116,00
-3220,55	-48,00
-3209,18	93,00
-3197,84	58,00
-3186,51	71,00
-3175,20	179,00
-3163,90	-58,00
-3152,63	193,00
-3141,36	-46,00
-3130,12	97,00
-3118,89	-80,00
-3107,68	40,00
-3096,49	93,00
-3085,31	65,00
-3074,15	41,00
-3063,00	46,00
-3051,87	53,00
-3040,76	0,00
-3029,67	-114,00
-3018,59	20,00
-3007,52	14,00
-2996,48	-28,00
-2985,44	54,00
-2974,43	53,00
-2963,43	-161,00
-2952,45	78,00
-2941,48	50,00
-2930,53	-29,00
-2919,60	151,00
-2908,68	149,00
-2897,78	-8,00
-2886,89	179,00
-2876,02	61,00
-2865,17	-56,00
-2854,33	76,00
-2843,50	84,00
-2832,70	-7,00
-2821,90	82,00
-2811,13	-43,00
-2800,37	-69,00
-2789,62	101,00
-2778,89	-8,00
-2768,18	72,00
-2757,48	25,00
-2746,80	-22,00
-2736,13	149,00
-2725,48	-59,00
-2714,84	-48,00
-2704,22	93,00
-2693,61	74,00
-2683,02	34,00
-2672,45	-84,00
-2661,89	149,00
-2651,34	50,00
-2640,81	69,00
-2630,30	66,00
-2619,80	-2,00
-2609,31	69,00
-2598,84	42,00
-2588,39	123,00
-2577,95	44,00
-2567,52	-63,00
-2557,11	18,00
-2546,71	51,00
-2536,33	76,00
-2525,97	139,00
-2515,62	36,00
-2505,28	36,00
-2494,96	4,00
-2484,65	-143,00
-2474,36	11,00
-2464,08	26,00
-2453,82	108,00
-2443,57	80,00
-2433,33	122,00
-2423,11	128,00
-2412,91	153,00
-2402,72	22,00
-2392,54	119,00
-2382,38	76,00
-2372,23	183,00
-2362,09	-3572,00
-2351,97	-51,00
-2341,87	41,00
-2331,78	35,00
-2321,70	22,00
-2311,64	127,00
-2301,59	92,00
-2291,55	57,00
-2281,53	-56,00
-2271,53	47,00
-2261,53	44,00
-2251,55	-91,00
-2241,59	-17,00
-2231,64	184,00
-2221,70	-37,00
-2211,78	97,00
-2201,87	14,00
-2191,97	111,00
-2182,09	130,00
-2172,22	84,00
-2162,37	107,00
-2152,53	5,00
-2142,70	59,00
-2132,89	-51,00
-2123,09	-48,00
-2113,30	-12,00
-2103,53	9,00
-2093,77	-73,00
-2084,02	43,00
-2074,29	67,00
-2064,57	-76,00
-2054,86	196,00
-2045,17	-30,00
-2035,49	180,00
-2025,82	147,00
-2016,17	170,00
-2006,53	-118,00
-1996,91	-48,00
-1987,29	-116,00
-1977,69	13,00
-1968,11	40,00
-1958,53	88,00
-1948,97	20,00
-1939,42	-107,00
-1929,89	39,00
-1920,37	203,00
-1910,86	172,00
-1901,36	198,00
-1891,88	190,00
-1882,41	-67,00
-1872,95	77,00
-1863,51	74,00
-1854,08	78,00
-1844,66	153,00
-1835,26	-14,00
-1825,86	136,00
-1816,48	-73,00
-1807,11	33,00
-1797,76	-72,00
-1788,42	125,00
-1779,09	91,00
-1769,77	-34,00
-1760,47	-2,00
-1751,17	66,00
-1741,89	198,00
-1732,63	7,00
-1723,37	0,00
-1714,13	106,00
-1704,90	-63,00
-1695,68	-16,00
-1686,48	209,00
-1677,29	3,00
-1668,11	83,00
-1658,94	104,00
-1649,78	45,00
-1640,64	59,00
-1631,51	-97,00
-1622,39	48,00
-1613,28	83,00
-1604,19	-109,00
-1595,10	-77,00
-1586,03	62,00
-1576,97	-29,00
-1567,93	-34,00
-1558,89	56,00
-1549,87	42,00
-1540,86	149,00
-1531,86	115,00
-1522,87	-10,00
-1513,90	108,00
-1504,93	-60,00
-1495,98	78,00
-1487,04	-98,00
-1478,12	136,00
-1469,20	40,00
-1460,30	75,00
-1451,40	-130,00
-1442,52	11,00
-1433,65	127,00
-1424,80	-48,00
-1415,95	-11,00
-1407,12	81,00
-1398,30	94,00
-1389,48	15,00
-1380,69	-12,00
-1371,90	-40,00
-1363,12	115,00
-1354,36	131,00
-1345,60	-59,00
-1336,86	-132,00
-1328,13	5,00
-1319,41	80,00
-1310,70	188,00
-1302,01	27,00
-1293,32	-74,00
-1284,65	-12,00
-1275,99	127,00
-1267,33	36,00
-1258,69	-17,00
-1250,06	-55,00
-1241,45	87,00
-1232,84	-136,00
-1224,25	-7,00
-1215,66	129,00
-1207,09	70,00
-1198,53	59,00
-1189,97	69,00
-1181,43	24,00
-1172,91	117,00
-1164,39	151,00
-1155,88	108,00
-1147,38	162,00
-1138,90	88,00
-1130,43	-16,00
-1121,96	-44,00
-1113,51	161,00
-1105,07	45,00
-1096,64	24,00
-1088,22	131,00
-1079,81	126,00
-1071,41	37,00
-1063,02	-23,00
-1054,65	24,00
-1046,28	147,00
-1037,92	147,00
-1029,58	94,00
-1021,24	-7,00
-1012,92	25,00
-1004,61	126,00
-996,30	9,00
-988,01	118,00
-979,73	17,00
-971,46	41,00
-963,20	-85,00
-954,95	151,00
-946,71	82,00
-938,48	41,00
-930,26	70,00
-922,06	61,00
-913,86	35,00
-905,67	117,00
-897,49	104,00
-889,33	-4,00
-881,17	0,00
-873,02	-47,00
-864,89	114,00
-856,76	57,00
-848,65	38,00
-840,54	-93,00
-832,45	30,00
-824,36	89,00
-816,29	119,00
-808,22	101,00
-800,17	173,00
-792,12	124,00
-784,09	74,00
-776,06	-28,00
-768,05	173,00
-760,04	111,00
-752,05	134,00
-744,07	200,00
-736,09	1,00
-728,13	-19,00
-720,17	91,00
-712,23	-106,00
-704,29	121,00
-696,37	-8,00
-688,45	3,00
-680,55	77,00
-672,65	76,00
-664,77	189,00
-656,89	-15,00
-649,03	-45,00
-641,17	157,00
-633,32	24,00
-625,49	29,00
-617,66	139,00
-609,84	173,00
-602,03	32,00
-594,23	41,00
-586,45	38,00
-578,67	-7,00
-570,90	100,00
-563,14	32,00
-555,39	81,00
-547,65	190,00
-539,91	59,00
-532,19	38,00
-524,48	165,00
-516,78	116,00
-509,08	76,00
-501,40	28,00
-493,72	144,00
-486,06	-42,00
-478,40	175,00
-470,76	103,00
-463,12	-51,00
-455,49	-72,00
-447,87	-9,00
-440,26	78,00
-432,66	98,00
-425,07	-97,00
-417,49	105,00
-409,92	58,00
-402,35	20,00
-394,80	24,00
-387,25	-152,00
-379,72	6,00
-372,19	164,00
-364,67	3,00
-357,17	80,00
-349,67	33,00
-342,18	29,00
-334,69	99,00
-327,22	44,00
-319,76	126,00
-312,30	231,00
-304,86	214,00
-297,42	19,00
-290,00	290,00
-282,58	162,00
-275,17	202,00
-267,77	83,00
-260,37	251,00
-252,99	57,00
-245,62	155,00
-238,25	315,00
-230,90	205,00
-223,55	180,00
-216,21	119,00
-208,88	245,00
-201,56	286,00
-194,25	392,00
-186,94	324,00
-179,65	496,00
-172,36	387,00
-165,08	353,00
-157,81	359,00
-150,55	547,00
-143,30	550,00
-136,06	545,00
-128,82	671,00
-121,60	858,00
-114,38	976,00
-107,17	963,00
-99,97	1044,00
-92,78	1344,00
-85,60	1506,00
-78,42	1798,00
-71,25	1986,00
-64,10	2242,00
-56,95	2674,00
-49,81	3229,00
-42,67	3913,00
-35,55	4934,00
-28,43	6788,00
-21,33	11341,00
-14,23	38255,00
-7,14	52288,00
-0,05	51937,00
7,02	51328,00
14,09	51858,00
21,14	29172,00
28,19	12908,00
35,23	8170,00
42,27	6252,00
49,29	5120,00
56,31	4090,00
63,32	3580,00
70,32	2792,00
77,31	2466,00
84,29	2098,00
91,27	1866,00
98,23	1845,00
105,19	1647,00
112,14	1617,00
119,09	2311,00
126,02	3388,00
132,95	3844,00
139,87	3987,00
146,78	3721,00
153,68	3823,00
160,58	3578,00
167,46	3496,00
174,34	3256,00
181,21	3255,00
188,08	3385,00
194,93	3305,00
201,78	3127,00
208,62	3153,00
215,45	3353,00
222,27	3261,00
229,09	3366,00
235,90	3030,00
242,70	3051,00
249,49	2940,00
256,27	3046,00
263,05	2848,00
269,82	2916,00
276,58	2656,00
283,33	2690,00
290,08	2724,00
296,82	2886,00
303,55	2949,00
310,27	2781,00
316,98	2623,00
323,69	2802,00
330,39	2731,00
337,08	2867,00
343,76	2783,00
350,44	2624,00
357,11	2805,00
363,77	2566,00
370,42	2544,00
377,07	2729,00
383,71	2499,00
390,34	2688,00
396,96	2363,00
403,58	2546,00
410,19	2572,00
416,79	2656,00
423,38	2718,00
429,97	2512,00
436,55	2521,00
443,12	2366,00
449,68	2324,00
456,24	2260,00
462,79	2300,00
469,33	2253,00
475,86	2105,00
482,39	2292,00
488,91	2145,00
495,42	2331,00
501,93	2085,00
508,42	2073,00
514,91	2022,00
521,40	2113,00
527,87	2074,00
534,34	2056,00
540,80	1993,00
547,25	2162,00
553,70	1982,00
560,14	1979,00
566,57	1993,00
573,00	1976,00
579,41	1729,00
585,83	1960,00
592,23	1973,00
598,62	1924,00
605,01	1867,00
611,40	1913,00
617,77	1887,00
624,14	1886,00
630,50	1916,00
636,85	1769,00
643,20	2067,00
649,54	1900,00
655,87	1781,00
662,20	1810,00
668,52	1843,00
674,83	1901,00
681,13	1918,00
687,43	1748,00
693,72	1877,00
700,00	1861,00
706,28	1884,00
712,55	1926,00
718,81	1725,00
725,07	1797,00
731,32	1800,00
737,56	1722,00
743,79	1755,00
750,02	1700,00
756,24	1810,00
762,46	1702,00
768,67	1804,00
774,87	1627,00
781,06	1765,00
787,25	1746,00
793,43	1936,00
799,60	1701,00
805,77	1739,00
811,93	1723,00
818,08	1841,00
824,23	1714,00
830,37	1724,00
836,50	1805,00
842,63	1729,00
848,75	1710,00
854,87	1882,00
860,97	1724,00
867,07	1758,00
873,17	1768,00
879,25	1966,00
885,33	1867,00
891,41	1826,00
897,47	1650,00
903,53	1681,00
909,59	1690,00
915,63	1705,00
921,67	1585,00
927,71	1556,00
933,74	1757,00
939,76	1681,00
945,77	1602,00
951,78	1604,00
957,78	1678,00
963,78	1582,00
969,77	1551,00
975,75	1637,00
981,72	1551,00
987,69	1446,00
993,66	1739,00
999,61	1716,00
1005,56	1637,00
1011,51	1681,00
1017,44	1633,00
1023,37	1807,00
1029,30	1815,00
1035,22	1759,00
1041,13	1847,00
1047,03	2061,00
1052,93	2519,00
1058,83	3524,00
1064,71	3905,00
1070,59	3221,00
1076,47	2437,00
1082,33	2322,00
1088,20	2224,00
1094,05	2225,00
1099,90	2150,00
1105,74	1975,00
1111,58	1831,00
1117,41	2467,00
1123,23	3223,00
1129,05	4175,00
1134,86	3501,00
1140,67	2430,00
1146,47	1919,00
1152,26	1682,00
1158,05	1868,00
1163,83	1824,00
1169,60	1892,00
1175,37	1698,00
1181,13	1627,00
1186,89	1449,00
1192,64	1603,00
1198,38	1511,00
1204,12	1340,00
1209,85	1425,00
1215,58	1509,00
1221,30	1449,00
1227,02	1471,00
1232,72	1423,00
1238,43	1538,00
1244,12	1546,00
1249,81	1605,00
1255,50	1674,00
1261,17	1743,00
1266,85	1626,00
1272,51	1928,00
1278,17	1927,00
1283,83	2266,00
1289,47	3663,00
1295,12	4832,00
1300,75	4386,00
1306,38	3109,00
1312,01	2356,00
1317,63	2139,00
1323,24	2128,00
1328,85	1947,00
1334,45	1856,00
1340,04	1867,00
1345,63	1866,00
1351,22	1860,00
1356,80	1651,00
1362,37	2050,00
1367,93	2154,00
1373,49	2081,00
1379,05	2120,00
1384,60	1976,00
1390,14	1845,00
1395,68	1829,00
1401,21	1871,00
1406,74	2117,00
1412,26	2678,00
1417,77	3075,00
1423,28	3056,00
1428,78	3163,00
1434,28	4033,00
1439,77	4843,00
1445,26	4768,00
1450,74	4332,00
1456,22	3977,00
1461,68	3757,00
1467,15	3566,00
1472,61	3030,00
1478,06	2577,00
1483,51	2096,00
1488,95	1910,00
1494,38	1844,00
1499,81	1774,00
1505,24	1652,00
1510,65	1451,00
1516,07	1516,00
1521,48	1501,00
1526,88	1472,00
1532,27	1456,00
1537,67	1298,00
1543,05	1330,00
1548,43	1296,00
1553,81	1317,00
1559,18	1282,00
1564,54	1338,00
1569,90	1274,00
1575,25	1253,00
1580,60	1214,00
1585,94	1293,00
1591,28	1184,00
1596,61	1138,00
1601,93	1296,00
1607,25	1200,00
1612,57	1354,00
1617,88	1131,00
1623,18	1081,00
1628,48	1163,00
1633,77	1146,00
1639,06	1246,00
1644,34	1194,00
1649,62	1067,00
1654,89	1084,00
1660,16	1177,00
1665,42	1105,00
1670,67	1052,00
1675,92	1120,00
1681,17	1025,00
1686,41	1062,00
1691,64	830,00
1696,87	898,00
1702,10	972,00
1707,32	999,00
1712,53	985,00
1717,74	1047,00
1722,94	802,00
1728,14	1177,00
1733,33	971,00
1738,52	1019,00
1743,70	1048,00
1748,88	827,00
1754,05	1009,00
1759,22	856,00
1764,38	-938,00
1769,53	947,00
1774,69	818,00
1779,83	796,00
1784,97	999,00
1790,11	935,00
1795,24	742,00
1800,36	872,00
1805,48	885,00
1810,60	852,00
1815,71	899,00
1820,82	900,00
1825,92	754,00
1831,01	807,00
1836,10	780,00
1841,19	906,00
1846,26	778,00
1851,34	714,00
1856,41	916,00
1861,47	793,00
1866,53	788,00
1871,59	811,00
1876,64	738,00
1881,68	678,00
1886,72	792,00
1891,76	853,00
1896,79	847,00
1901,81	797,00
1906,83	709,00
1911,85	690,00
1916,86	812,00
1921,86	762,00
1926,86	713,00
1931,86	543,00
1936,85	709,00
1941,83	742,00
1946,81	701,00
1951,79	725,00
1956,76	732,00
1961,72	621,00
1966,68	686,00
1971,64	599,00
1976,59	616,00
1981,54	563,00
1986,48	692,00
1991,42	715,00
1996,35	647,00
2001,27	576,00
2006,20	559,00
2011,11	548,00
2016,03	585,00
2020,93	665,00
2025,84	598,00
2030,73	477,00
2035,63	503,00
2040,52	399,00
2045,40	511,00
2050,28	559,00
2055,15	560,00
2060,02	599,00
2064,89	498,00
2069,75	565,00
2074,60	761,00
2079,46	555,00
2084,30	622,00
2089,14	561,00
2093,98	647,00
2098,81	480,00
2103,64	536,00
2108,46	436,00
2113,28	392,00
2118,09	483,00
2122,90	603,00
2127,70	557,00
2132,50	569,00
2137,30	526,00
2142,09	533,00
2146,87	584,00
2151,66	520,00
2156,43	599,00
2161,20	557,00
2165,97	435,00
2170,73	512,00
2175,49	611,00
2180,24	474,00
2184,99	604,00
2189,74	561,00
2194,48	450,00
2199,21	490,00
2203,94	574,00
2208,67	551,00
2213,39	453,00
2218,11	585,00
2222,82	637,00
2227,53	417,00
2232,23	524,00
2236,93	433,00
2241,63	599,00
2246,32	468,00
2251,00	521,00
2255,68	451,00
2260,36	440,00
2265,03	497,00
2269,70	504,00
2274,36	406,00
2279,02	520,00
2283,68	428,00
2288,33	471,00
2292,97	503,00
2297,61	423,00
2302,25	485,00
2306,88	417,00
2311,51	328,00
2316,14	483,00
2320,75	406,00
2325,37	480,00
2329,98	434,00
2334,59	367,00
2339,19	449,00
2343,79	406,00
2348,38	395,00
2352,97	476,00
2357,55	540,00
2362,13	451,00
2366,71	429,00
2371,28	347,00
2375,85	197,00
2380,41	305,00
2384,97	494,00
2389,52	176,00
2394,07	435,00
2398,62	429,00
2403,16	553,00
2407,70	319,00
2412,23	352,00
2416,76	457,00
2421,29	295,00
2425,81	444,00
2430,32	228,00
2434,84	191,00
2439,34	441,00
2443,85	392,00
2448,35	382,00
2452,84	395,00
2457,33	372,00
2461,82	427,00
2466,30	399,00
2470,78	362,00
2475,25	205,00
2479,72	430,00
2484,19	400,00
2488,65	365,00
2493,11	351,00
2497,56	259,00
2502,01	415,00
2506,46	153,00
2510,90	383,00
2515,34	345,00
2519,77	228,00
2524,20	440,00
2528,62	385,00
2533,04	355,00
2537,46	467,00
2541,87	418,00
2546,28	248,00
2550,68	274,00
2555,08	411,00
2559,48	292,00
2563,87	317,00
2568,26	224,00
2572,64	422,00
2577,02	450,00
2581,40	282,00
2585,77	143,00
2590,14	217,00
2594,50	453,00
2598,86	462,00
2603,22	309,00
2607,57	475,00
2611,92	393,00
2616,26	452,00
2620,60	375,00
2624,94	356,00
2629,27	345,00
2633,60	251,00
2637,92	355,00
2642,24	415,00
2646,56	500,00
2650,87	536,00
2655,18	498,00
2659,48	530,00
2663,78	405,00
2668,08	434,00
2672,37	494,00
2676,66	483,00
2680,95	547,00
2685,23	420,00
2689,50	370,00
2693,78	558,00
2698,05	501,00
2702,31	498,00
2706,57	521,00
2710,83	505,00
2715,08	651,00
2719,33	859,00
2723,58	697,00
2727,82	678,00
2732,06	696,00
2736,29	822,00
2740,53	602,00
2744,75	607,00
2748,97	558,00
2753,19	446,00
2757,41	438,00
2761,62	595,00
2765,83	595,00
2770,03	676,00
2774,23	569,00
2778,43	616,00
2782,62	555,00
2786,81	630,00
2791,00	615,00
2795,18	661,00
2799,35	692,00
2803,53	671,00
2807,70	812,00
2811,86	898,00
2816,03	1036,00
2820,19	919,00
2824,34	1216,00
2828,49	1345,00
2832,64	1646,00
2836,78	1932,00
2840,92	2511,00
2845,06	3030,00
2849,19	3403,00
2853,32	3683,00
2857,45	3478,00
2861,57	3450,00
2865,69	3351,00
2869,80	3285,00
2873,91	3337,00
2878,02	3865,00
2882,12	4226,00
2886,22	4189,00
2890,32	3927,00
2894,41	3521,00
2898,50	3118,00
2902,58	2933,00
2906,67	2634,00
2910,74	2445,00
2914,82	2333,00
2918,89	2117,00
2922,96	1872,00
2927,02	1773,00
2931,08	1727,00
2935,13	1635,00
2939,19	1395,00
2943,24	1329,00
2947,28	1140,00
2951,32	1014,00
2955,36	867,00
2959,40	841,00
2963,43	731,00
2967,46	785,00
2971,48	761,00
2975,50	505,00
2979,52	471,00
2983,53	588,00
2987,54	564,00
2991,55	371,00
2995,55	425,00
2999,55	222,00
3003,54	414,00
3007,54	206,00
3011,53	290,00
3015,51	370,00
3019,49	276,00
3023,47	513,00
3027,45	241,00
3031,42	219,00
3035,39	275,00
3039,35	185,00
3043,31	272,00
3047,27	404,00
3051,22	365,00
3055,17	58,00
3059,12	353,00
3063,06	148,00
3067,00	96,00
3070,94	222,00
3074,87	209,00
3078,80	209,00
3082,73	187,00
3086,65	126,00
3090,57	196,00
3094,49	272,00
3098,40	141,00
3102,31	246,00
3106,22	191,00
3110,12	227,00
3114,02	147,00
3117,92	386,00
3121,81	171,00
3125,70	327,00
3129,58	255,00
3133,47	152,00
3137,34	304,00
3141,22	167,00
3145,09	316,00
3148,96	148,00
3152,83	184,00
3156,69	183,00
3160,55	41,00
3164,40	86,00
3168,26	9,00
3172,10	144,00
3175,95	211,00
3179,79	92,00
3183,63	173,00
3187,47	-18,00
3191,30	249,00
3195,13	146,00
3198,95	259,00
3202,78	86,00
3206,60	196,00
3210,41	66,00
3214,23	135,00
3218,03	102,00
3221,84	110,00
3225,64	151,00
3229,44	99,00
3233,24	217,00
3237,03	313,00
3240,82	85,00
3244,61	141,00
3248,39	131,00
3252,17	-28,00
3255,95	90,00
3259,72	115,00
3263,49	202,00
3267,26	164,00
3271,03	206,00
3274,79	41,00
3278,54	85,00
3282,30	203,00
3286,05	284,00
3289,80	251,00
3293,54	42,00
3297,29	73,00
3301,02	229,00
3304,76	138,00
3308,49	75,00
3312,22	175,00
3315,95	196,00
3319,67	84,00
3323,39	142,00
3327,10	109,00
3330,82	192,00
3334,53	237,00
3338,24	-5,00
3341,94	192,00
3345,64	229,00
3349,34	159,00
3353,03	89,00
3356,72	141,00
3360,41	166,00
3364,10	91,00
3367,78	137,00
3371,46	194,00
3375,13	60,00
3378,81	191,00
3382,48	329,00
3386,14	-46,00
3389,81	136,00
3393,47	84,00
3397,12	126,00
3400,78	57,00
3404,43	165,00
3408,08	190,00
3411,72	134,00
3415,36	78,00
3419,00	56,00
3422,64	79,00
3426,27	-42,00
3429,90	-2,00
3433,53	41,00
3437,15	87,00
3440,77	128,00
3444,39	53,00
3448,00	71,00
3451,62	79,00
3455,22	73,00
3458,83	118,00
3462,43	27,00
3466,03	46,00
3469,63	149,00
3473,22	0,00
3476,81	66,00
3480,40	42,00
3483,99	82,00
3487,57	52,00
3491,15	53,00
3494,72	119,00
3498,29	76,00
3501,86	61,00
3505,43	73,00
3508,99	265,00
3512,56	102,00
3516,11	57,00
3519,67	90,00
3523,22	128,00
3526,77	28,00
3530,32	52,00
3533,86	42,00
3537,40	52,00
3540,94	35,00
3544,47	-20,00
3548,00	-44,00
3551,53	79,00
3555,06	48,00
3558,58	57,00
3562,10	72,00
3565,62	49,00
3569,13	-107,00
3572,64	-69,00
3576,15	36,00
3579,66	63,00
3583,16	62,00
3586,66	109,00
3590,16	-3,00
3593,65	-84,00
3597,14	198,00
3600,63	-10,00
3604,11	-32,00
3607,60	115,00
3611,08	116,00
3614,55	76,00
3618,03	79,00
3621,50	-114,00
3624,97	163,00
3628,43	134,00
3631,90	122,00
3635,36	25,00
3638,81	-84,00
3642,27	-58,00
3645,72	59,00
3649,17	-17,00
3652,61	115,00
3656,06	105,00
3659,50	107,00
3662,93	114,00
3666,37	-77,00
3669,80	20,00
3673,23	79,00
3676,65	184,00
3680,08	148,00
3683,50	56,00
3686,92	-82,00
3690,33	66,00
3693,74	-9,00
3697,15	5,00
3700,56	-18,00
3703,96	-34,00
3707,36	13,00
3710,76	107,00
3714,16	40,00
3717,55	68,00
3720,94	-11,00
3724,33	124,00
3727,71	12,00
3731,10	42,00
3734,48	-29,00
3737,85	61,00
3741,23	21,00
3744,60	65,00
3747,97	230,00
3751,33	34,00
3754,69	39,00
3758,05	8,00
3761,41	165,00
3764,77	-84,00
3768,12	115,00
3771,47	-4,00
3774,82	-150,00
3778,16	9,00
3781,50	-3,00
3784,84	0,00
3788,18	-1,00
