-37534.58	8
-37414.56	-4
-37295.11	8
-37176.24	1
-37057.95	77
-36940.22	19
-36823.05	63
-36706.45	25
-36590.4	36
-36474.9	8
-36359.95	58
-36245.55	66
-36131.68	62
-36018.35	73
-35905.55	53
-35793.29	65
-35681.54	71
-35570.32	86
-35459.62	51
-35349.43	82
-35239.75	41
-35130.58	-6
-35021.91	-1
-34913.74	40
-34806.07	13
-34698.89	50
-34592.2	56
-34486	53
-34380.28	50
-34275.04	0
-34170.27	62
-34065.98	60
-33962.16	26
-33858.81	59
-33755.92	66
-33653.49	30
-33551.52	41
-33450.01	-18
-33348.94	59
-33248.33	63
-33148.16	42
-33048.43	72
-32949.14	38
-32850.29	60
-32751.87	39
-32653.89	78
-32556.33	58
-32459.2	42
-32362.49	64
-32266.19	40
-32170.32	56
-32074.86	66
-31979.82	54
-31885.18	14
-31790.95	7
-31697.12	124
-31603.69	84
-31510.67	54
-31418.04	63
-31325.8	-19
-31233.95	69
-31142.49	61
-31051.42	41
-30960.73	75
-30870.43	36
-30780.5	49
-30690.95	35
-30601.77	43
-30512.97	18
-30424.53	91
-30336.46	56
-30248.76	22
-30161.42	94
-30074.44	28
-29987.81	79
-29901.55	27
-29815.63	34
-29730.07	76
-29644.86	71
-29560	95
-29475.48	39
-29391.3	70
-29307.47	-10
-29223.97	52
-29140.81	74
-29057.99	68
-28975.5	57
-28893.34	122
-28811.51	41
-28730	32
-28648.82	54
-28567.97	58
-28487.43	58
-28407.21	53
-28327.32	61
-28247.73	8
-28168.46	57
-28089.5	61
-28010.85	66
-27932.51	74
-27854.48	67
-27776.75	74
-27699.32	44
-27622.19	0
-27545.37	34
-27468.84	18
-27392.6	21
-27316.66	61
-27241.01	67
-27165.66	71
-27090.59	12
-27015.81	73
-26941.31	104
-26867.1	24
-26793.17	76
-26719.52	-17
-26646.15	68
-26573.06	45
-26500.24	74
-26427.7	62
-26355.43	52
-26283.43	59
-26211.71	100
-26140.25	21
-26069.06	80
-25998.13	60
-25927.46	55
-25857.06	78
-25786.92	96
-25717.04	92
-25647.42	73
-25578.05	100
-25508.94	23
-25440.09	21
-25371.48	86
-25303.13	37
-25235.02	66
-25167.17	60
-25099.56	36
-25032.19	44
-24965.07	46
-24898.2	43
-24831.56	71
-24765.17	72
-24699.01	3
-24633.1	58
-24567.41	50
-24501.97	51
-24436.75	51
-24371.77	-5
-24307.03	70
-24242.51	78
-24178.22	75
-24114.16	28
-24050.32	115
-23986.71	103
-23923.32	14
-23860.16	26
-23797.22	49
-23734.5	70
-23672	40
-23609.71	89
-23547.65	24
-23485.8	80
-23424.16	48
-23362.74	58
-23301.53	22
-23240.54	28
-23179.75	27
-23119.17	24
-23058.8	32
-22998.64	28
-22938.68	42
-22878.93	62
-22819.39	70
-22760.04	76
-22700.9	7
-22641.96	30
-22583.22	75
-22524.68	62
-22466.33	10
-22408.19	105
-22350.23	70
-22292.48	25
-22234.92	36
-22177.55	68
-22120.37	125
-22063.38	51
-22006.58	29
-21949.98	87
-21893.56	62
-21837.33	21
-21781.28	46
-21725.42	68
-21669.74	50
-21614.25	35
-21558.94	44
-21503.81	49
-21448.86	25
-21394.1	74
-21339.51	33
-21285.1	65
-21230.86	4
-21176.81	48
-21122.93	-19
-21069.22	59
-21015.69	53
-20962.33	25
-20909.14	20
-20856.13	33
-20803.28	55
-20750.61	20
-20698.1	59
-20645.76	53
-20593.59	68
-20541.59	24
-20489.75	99
-20438.07	39
-20386.56	73
-20335.22	68
-20284.03	59
-20233.01	91
-20182.15	58
-20131.45	64
-20080.91	96
-20030.52	15
-19980.3	47
-19930.23	82
-19880.32	58
-19830.56	92
-19780.96	70
-19731.52	26
-19682.23	79
-19633.09	35
-19584.1	56
-19535.26	45
-19486.58	51
-19438.04	68
-19389.66	104
-19341.42	14
-19293.33	27
-19245.39	50
-19197.6	33
-19149.95	37
-19102.45	15
-19055.09	85
-19007.87	81
-18960.8	7
-18913.87	38
-18867.09	61
-18820.44	67
-18773.94	26
-18727.57	7
-18681.35	133
-18635.26	78
-18589.31	86
-18543.5	88
-18497.83	129
-18452.29	93
-18406.89	56
-18361.63	89
-18316.5	66
-18271.5	45
-18226.63	98
-18181.9	37
-18137.3	26
-18092.84	91
-18048.5	40
-18004.29	49
-17960.22	40
-17916.27	48
-17872.45	44
-17828.76	49
-17785.2	32
-17741.77	79
-17698.46	62
-17655.28	36
-17612.22	71
-17569.29	52
-17526.48	45
-17483.79	9
-17441.23	107
-17398.79	73
-17356.48	81
-17314.28	70
-17272.21	39
-17230.26	42
-17188.42	17
-17146.71	-12
-17105.12	38
-17063.64	33
-17022.28	39
-16981.04	77
-16939.92	66
-16898.91	87
-16858.02	48
-16817.25	66
-16776.59	-21
-16736.04	17
-16695.61	100
-16655.29	48
-16615.09	54
-16574.99	39
-16535.01	20
-16495.15	78
-16455.39	6
-16415.74	54
-16376.21	38
-16336.78	48
-16297.46	41
-16258.26	43
-16219.16	91
-16180.17	82
-16141.28	41
-16102.51	42
-16063.84	44
-16025.27	105
-15986.82	80
-15948.46	45
-15910.22	34
-15872.07	63
-15834.04	63
-15796.1	58
-15758.27	56
-15720.54	75
-15682.91	69
-15645.39	37
-15607.97	38
-15570.64	94
-15533.42	55
-15496.3	42
-15459.28	53
-15422.36	87
-15385.54	78
-15348.82	96
-15312.19	72
-15275.66	67
-15239.23	54
-15202.9	62
-15166.67	56
-15130.53	76
-15094.48	31
-15058.54	29
-15022.68	105
-14986.93	96
-14951.26	-11
-14915.69	18
-14880.22	30
-14844.84	42
-14809.55	50
-14774.35	69
-14739.25	63
-14704.24	7
-14669.32	15
-14634.49	42
-14599.75	40
-14565.1	77
-14530.55	61
-14496.08	45
-14461.7	37
-14427.41	39
-14393.21	34
-14359.1	49
-14325.07	1
-14291.14	67
-14257.29	57
-14223.52	118
-14189.85	46
-14156.26	64
-14122.76	6
-14089.34	34
-14056.01	70
-14022.76	88
-13989.6	23
-13956.52	84
-13923.53	66
-13890.62	55
-13857.79	26
-13825.05	18
-13792.39	87
-13759.81	8
-13727.31	29
-13694.9	86
-13662.57	66
-13630.31	6
-13598.14	43
-13566.05	39
-13534.05	45
-13502.12	98
-13470.27	62
-13438.5	20
-13406.8	-11
-13375.19	54
-13343.66	42
-13312.2	89
-13280.83	88
-13249.53	73
-13218.3	15
-13187.16	59
-13156.09	49
-13125.1	49
-13094.18	37
-13063.34	73
-13032.58	98
-13001.89	38
-12971.28	64
-12940.74	55
-12910.27	135
-12879.88	21
-12849.57	108
-12819.33	82
-12789.16	60
-12759.06	73
-12729.04	32
-12699.09	89
-12669.21	48
-12639.41	65
-12609.68	62
-12580.02	47
-12550.43	90
-12520.91	45
-12491.46	51
-12462.08	84
-12432.77	55
-12403.54	18
-12374.37	73
-12345.27	68
-12316.24	79
-12287.29	49
-12258.4	113
-12229.57	73
-12200.82	59
-12172.14	52
-12143.52	55
-12114.97	80
-12086.49	83
-12058.07	56
-12029.73	22
-12001.44	76
-11973.23	43
-11945.08	85
-11917	124
-11888.98	45
-11861.03	12
-11833.15	77
-11805.32	56
-11777.57	64
-11749.88	58
-11722.25	72
-11694.69	24
-11667.19	55
-11639.75	85
-11612.38	88
-11585.07	68
-11557.83	54
-11530.65	-19
-11503.53	39
-11476.47	19
-11449.48	18
-11422.54	36
-11395.67	56
-11368.86	109
-11342.11	106
-11315.43	45
-11288.8	49
-11262.23	22
-11235.73	70
-11209.28	13
-11182.9	75
-11156.57	75
-11130.31	90
-11104.1	54
-11077.96	56
-11051.87	71
-11025.84	79
-10999.87	29
-10973.96	-38
-10948.11	66
-10922.31	8
-10896.58	46
-10870.9	63
-10845.28	29
-10819.71	57
-10794.2	69
-10768.75	24
-10743.36	20
-10718.02	13
-10692.74	106
-10667.52	31
-10642.35	35
-10617.24	54
-10592.18	62
-10567.18	23
-10542.23	57
-10517.34	70
-10492.51	41
-10467.72	89
-10443	21
-10418.32	29
-10393.7	66
-10369.14	49
-10344.63	-6
-10320.17	30
-10295.77	9
-10271.42	-40
-10247.12	63
-10222.88	18
-10198.68	-40
-10174.54	8
-10150.46	13
-10126.42	-9
-10102.44	-6
-10078.51	-4
-10054.63	1
-10030.8	0
-10007.03	-60
-9983.3	-34
-9959.63	-34
-9936.01	-24
-9912.44	-44
-9888.92	-45
-9865.44	-5
-9842.02	-18
-9818.65	-43
-9795.33	8
-9772.06	-91
-9748.84	-54
-9725.67	-97
-9702.55	-82
-9679.47	-20
-9656.45	-184
-9633.47	-167
-9610.55	-198
-9587.67	-163
-9564.84	-157
-9542.06	-258
-9519.32	-259
-9496.64	-267
-9474	-371
-9451.41	-331
-9428.87	-363
-9406.37	-329
-9383.92	-330
-9361.52	-299
-9339.17	-286
-9316.86	-306
-9294.6	-443
-9272.38	-509
-9250.21	-460
-9228.09	-541
-9206.01	-577
-9183.98	-541
-9162	-461
-9140.06	-529
-9118.16	-401
-9096.31	-396
-9074.51	-460
-9052.75	-526
-9031.04	-426
-9009.37	-509
-8987.74	-423
-8966.16	-360
-8944.63	-358
-8923.14	-302
-8901.69	-249
-8880.29	-267
-8858.93	-335
-8837.61	-461
-8816.34	-382
-8795.11	-452
-8773.92	-400
-8752.78	-391
-8731.68	-364
-8710.62	-327
-8689.61	-281
-8668.63	-293
-8647.7	-421
-8626.82	-417
-8605.97	-320
-8585.17	-415
-8564.41	-254
-8543.69	-318
-8523.01	-236
-8502.37	-230
-8481.78	-279
-8461.23	-285
-8440.71	-356
-8420.24	-382
-8399.81	-395
-8379.42	-436
-8359.08	-284
-8338.77	-328
-8318.5	-379
-8298.27	-319
-8278.09	-359
-8257.94	-329
-8237.83	-345
-8217.76	-392
-8197.74	-460
-8177.75	-394
-8157.8	-375
-8137.89	-302
-8118.02	-336
-8098.19	-254
-8078.4	-244
-8058.65	-274
-8038.93	-313
-8019.26	-302
-7999.62	-353
-7980.02	-265
-7960.46	-288
-7940.94	-292
-7921.46	-262
-7902.01	-238
-7882.6	-242
-7863.23	-230
-7843.9	-254
-7824.61	-216
-7805.35	-299
-7786.13	-236
-7766.95	-305
-7747.8	-319
-7728.69	-301
-7709.62	-188
-7690.59	-308
-7671.59	-283
-7652.63	-296
-7633.7	-336
-7614.81	-320
-7595.96	-266
-7577.15	-265
-7558.37	-250
-7539.62	-167
-7520.91	-293
-7502.24	-304
-7483.6	-286
-7465	-211
-7446.44	-223
-7427.91	-169
-7409.41	-222
-7390.95	-138
-7372.53	-172
-7354.14	-163
-7335.78	-178
-7317.46	-116
-7299.18	-205
-7280.92	-212
-7262.71	-209
-7244.52	-283
-7226.38	-262
-7208.26	-217
-7190.18	-145
-7172.14	-175
-7154.12	-186
-7136.15	-196
-7118.2	-224
-7100.29	-300
-7082.41	-272
-7064.57	-243
-7046.76	-270
-7028.98	-221
-7011.24	-189
-6993.53	-123
-6975.85	-109
-6958.2	-33
-6940.59	-57
-6923.01	-79
-6905.46	-121
-6887.94	-133
-6870.46	578
-6853.01	-168
-6835.59	-226
-6818.21	-184
-6800.85	-78
-6783.53	-90
-6766.24	-73
-6748.98	-80
-6731.76	-128
-6714.56	-85
-6697.4	-20
-6680.26	-78
-6663.16	-45
-6646.09	-62
-6629.05	-77
-6612.05	-160
-6595.07	-203
-6578.13	-169
-6561.21	-93
-6544.33	-47
-6527.47	-68
-6510.65	-54
-6493.86	5
-6477.1	9
-6460.36	-81
-6443.66	13
-6426.99	-14
-6410.35	-48
-6393.74	-9
-6377.16	-69
-6360.61	-102
-6344.09	-32
-6327.59	-69
-6311.13	-110
-6294.7	-55
-6278.29	-109
-6261.92	-98
-6245.58	-114
-6229.26	-154
-6212.97	-122
-6196.72	-86
-6180.49	-45
-6164.29	17
-6148.12	-32
-6131.98	13
-6115.86	-13
-6099.78	32
-6083.72	47
-6067.69	28
-6051.69	-31
-6035.72	50
-6019.78	-14
-6003.87	26
-5987.98	-65
-5972.12	-48
-5956.29	-75
-5940.49	-94
-5924.71	-37
-5908.96	-11
-5893.24	13
-5877.55	-29
-5861.89	25
-5846.25	18
-5830.64	7
-5815.05	24
-5799.5	44
-5783.97	-30
-5768.47	-9
-5752.99	-45
-5737.55	-40
-5722.12	-75
-5706.73	-58
-5691.36	-52
-5676.02	-46
-5660.71	12
-5645.42	1
-5630.16	24
-5614.92	4
-5599.71	-47
-5584.53	-2
-5569.37	-46
-5554.24	-243
-5539.14	12
-5524.06	1
-5509.01	-36
-5493.98	2
-5478.98	-53
-5464	-41
-5449.05	-32
-5434.13	22
-5419.23	10
-5404.36	20
-5389.51	-12
-5374.69	-87
-5359.89	-43
-5345.12	-80
-5330.37	-83
-5315.65	38
-5300.95	-33
-5286.28	-23
-5271.63	6
-5257.01	-38
-5242.41	-35
-5227.84	-11
-5213.29	-22
-5198.76	18
-5184.26	36
-5169.79	24
-5155.33	2
-5140.91	-9
-5126.51	0
-5112.13	-5
-5097.77	-23
-5083.44	49
-5069.13	51
-5054.85	28
-5040.59	15
-5026.36	-23
-5012.15	-9
-4997.96	4
-4983.8	96
-4969.66	16
-4955.54	19
-4941.44	19
-4927.37	-48
-4913.33	-61
-4899.3	-22
-4885.3	-100
-4871.33	-68
-4857.37	9
-4843.44	80
-4829.53	54
-4815.65	63
-4801.79	-43
-4787.95	2
-4774.13	7
-4760.34	-9
-4746.56	-6
-4732.82	31
-4719.09	-5
-4705.38	-45
-4691.7	-76
-4678.04	-4
-4664.41	-31
-4650.79	-28
-4637.2	39
-4623.63	-31
-4610.08	47
-4596.56	-10
-4583.05	-56
-4569.57	27
-4556.11	29
-4542.67	11
-4529.25	11
-4515.86	98
-4502.49	-60
-4489.13	-76
-4475.8	-59
-4462.49	-13
-4449.21	0
-4435.94	11
-4422.7	-20
-4409.47	23
-4396.27	15
-4383.09	-16
-4369.93	6
-4356.79	24
-4343.67	27
-4330.58	-20
-4317.5	24
-4304.45	52
-4291.41	-13
-4278.4	36
-4265.41	41
-4252.44	0
-4239.49	-14
-4226.55	-51
-4213.65	36
-4200.76	64
-4187.89	-10
-4175.04	49
-4162.21	27
-4149.4	47
-4136.61	26
-4123.85	32
-4111.1	71
-4098.37	92
-4085.66	58
-4072.98	65
-4060.31	35
-4047.66	57
-4035.04	13
-4022.43	79
-4009.84	58
-3997.27	38
-3984.72	35
-3972.19	44
-3959.69	56
-3947.2	55
-3934.73	60
-3922.27	65
-3909.84	18
-3897.43	76
-3885.04	50
-3872.67	55
-3860.31	24
-3847.98	41
-3835.66	38
-3823.36	3
-3811.09	23
-3798.83	62
-3786.59	6
-3774.37	39
-3762.17	69
-3749.98	58
-3737.82	34
-3725.67	76
-3713.55	73
-3701.44	65
-3689.35	18
-3677.28	98
-3665.22	18
-3653.19	43
-3641.17	54
-3629.18	73
-3617.2	-3
-3605.24	43
-3593.3	56
-3581.37	42
-3569.47	45
-3557.58	49
-3545.71	112
-3533.86	60
-3522.02	17
-3510.21	42
-3498.41	55
-3486.63	64
-3474.87	52
-3463.12	27
-3451.4	103
-3439.69	92
-3428	57
-3416.33	65
-3404.67	12
-3393.03	58
-3381.41	115
-3369.81	44
-3358.22	23
-3346.66	-9
-3335.1	15
-3323.57	110
-3312.06	51
-3300.56	65
-3289.08	38
-3277.61	28
-3266.16	81
-3254.73	46
-3243.32	35
-3231.92	48
-3220.55	36
-3209.18	42
-3197.84	86
-3186.51	93
-3175.2	64
-3163.9	38
-3152.63	33
-3141.36	-8
-3130.12	41
-3118.89	70
-3107.68	83
-3096.49	76
-3085.31	65
-3074.15	51
-3063	70
-3051.87	31
-3040.76	23
-3029.67	59
-3018.59	98
-3007.52	77
-2996.48	94
-2985.44	105
-2974.43	50
-2963.43	71
-2952.45	52
-2941.48	74
-2930.53	-43
-2919.6	32
-2908.68	74
-2897.78	78
-2886.89	42
-2876.02	94
-2865.17	66
-2854.33	25
-2843.5	44
-2832.7	59
-2821.9	36
-2811.13	14
-2800.37	62
-2789.62	52
-2778.89	67
-2768.18	29
-2757.48	66
-2746.8	12
-2736.13	96
-2725.48	40
-2714.84	87
-2704.22	-7
-2693.61	72
-2683.02	81
-2672.45	26
-2661.89	44
-2651.34	56
-2640.81	80
-2630.3	76
-2619.8	70
-2609.31	79
-2598.84	38
-2588.39	29
-2577.95	53
-2567.52	57
-2557.11	47
-2546.71	72
-2536.33	28
-2525.97	44
-2515.62	48
-2505.28	14
-2494.96	100
-2484.65	13
-2474.36	88
-2464.08	42
-2453.82	54
-2443.57	43
-2433.33	51
-2423.11	30
-2412.91	29
-2402.72	120
-2392.54	47
-2382.38	24
-2372.23	44
-2362.09	-982
-2351.97	65
-2341.87	58
-2331.78	12
-2321.7	7
-2311.64	111
-2301.59	33
-2291.55	36
-2281.53	53
-2271.53	69
-2261.53	88
-2251.55	12
-2241.59	29
-2231.64	36
-2221.7	24
-2211.78	23
-2201.87	28
-2191.97	52
-2182.09	16
-2172.22	67
-2162.37	39
-2152.53	47
-2142.7	29
-2132.89	42
-2123.09	70
-2113.3	22
-2103.53	52
-2093.77	14
-2084.02	46
-2074.29	87
-2064.57	48
-2054.86	85
-2045.17	51
-2035.49	52
-2025.82	7
-2016.17	40
-2006.53	38
-1996.91	23
-1987.29	65
-1977.69	26
-1968.11	26
-1958.53	89
-1948.97	63
-1939.42	25
-1929.89	19
-1920.37	37
-1910.86	41
-1901.36	34
-1891.88	91
-1882.41	109
-1872.95	72
-1863.51	71
-1854.08	88
-1844.66	0
-1835.26	69
-1825.86	-9
-1816.48	47
-1807.11	97
-1797.76	66
-1788.42	88
-1779.09	49
-1769.77	35
-1760.47	48
-1751.17	42
-1741.89	58
-1732.63	43
-1723.37	106
-1714.13	4
-1704.9	76
-1695.68	55
-1686.48	93
-1677.29	7
-1668.11	28
-1658.94	34
-1649.78	23
-1640.64	44
-1631.51	18
-1622.39	58
-1613.28	13
-1604.19	119
-1595.1	67
-1586.03	27
-1576.97	73
-1567.93	28
-1558.89	53
-1549.87	77
-1540.86	53
-1531.86	49
-1522.87	40
-1513.9	-4
-1504.93	20
-1495.98	72
-1487.04	53
-1478.12	13
-1469.2	14
-1460.3	4
-1451.4	108
-1442.52	66
-1433.65	18
-1424.8	37
-1415.95	22
-1407.12	82
-1398.3	48
-1389.48	42
-1380.69	47
-1371.9	51
-1363.12	59
-1354.36	21
-1345.6	48
-1336.86	27
-1328.13	91
-1319.41	53
-1310.7	29
-1302.01	71
-1293.32	62
-1284.65	24
-1275.99	76
-1267.33	82
-1258.69	73
-1250.06	48
-1241.45	-4
-1232.84	62
-1224.25	83
-1215.66	112
-1207.09	42
-1198.53	72
-1189.97	50
-1181.43	84
-1172.91	23
-1164.39	84
-1155.88	46
-1147.38	45
-1138.9	48
-1130.43	89
-1121.96	75
-1113.51	36
-1105.07	85
-1096.64	125
-1088.22	93
-1079.81	47
-1071.41	63
-1063.02	65
-1054.65	30
-1046.28	64
-1037.92	89
-1029.58	12
-1021.24	62
-1012.92	96
-1004.61	34
-996.3	94
-988.01	42
-979.73	63
-971.46	52
-963.2	60
-954.95	47
-946.71	6
-938.48	51
-930.26	7
-922.06	31
-913.86	42
-905.67	91
-897.49	-7
-889.33	66
-881.17	99
-873.02	16
-864.89	53
-856.76	74
-848.65	66
-840.54	9
-832.45	106
-824.36	73
-816.29	72
-808.22	35
-800.17	16
-792.12	64
-784.09	68
-776.06	39
-768.05	50
-760.04	29
-752.05	71
-744.07	140
-736.09	5
-728.13	49
-720.17	112
-712.23	82
-704.29	46
-696.37	15
-688.45	52
-680.55	93
-672.65	15
-664.77	81
-656.89	35
-649.03	61
-641.17	46
-633.32	-1
-625.49	88
-617.66	45
-609.84	72
-602.03	35
-594.23	99
-586.45	47
-578.67	104
-570.9	46
-563.14	34
-555.39	72
-547.65	46
-539.91	42
-532.19	94
-524.48	73
-516.78	36
-509.08	63
-501.4	65
-493.72	27
-486.06	1
-478.4	62
-470.76	43
-463.12	67
-455.49	88
-447.87	76
-440.26	79
-432.66	69
-425.07	65
-417.49	100
-409.92	79
-402.35	58
-394.8	64
-387.25	86
-379.72	81
-372.19	111
-364.67	25
-357.17	60
-349.67	59
-342.18	79
-334.69	59
-327.22	68
-319.76	83
-312.3	103
-304.86	79
-297.42	67
-290	43
-282.58	50
-275.17	77
-267.77	56
-260.37	97
-252.99	70
-245.62	70
-238.25	89
-230.9	118
-223.55	91
-216.21	83
-208.88	103
-201.56	102
-194.25	101
-186.94	127
-179.65	110
-172.36	132
-165.08	133
-157.81	174
-150.55	170
-143.3	137
-136.06	211
-128.82	177
-121.6	182
-114.38	168
-107.17	242
-99.97	317
-92.78	336
-85.6	343
-78.42	416
-71.25	455
-64.1	523
-56.95	676
-49.81	735
-42.67	911
-35.55	1087
-28.43	1414
-21.33	2317
-14.23	8015
-7.14	49786
-0.05	60178
7.02	60110
14.09	26854
21.14	6227
28.19	2730
35.23	1840
42.27	1450
49.29	1129
56.31	988
63.32	795
70.32	689
77.31	584
84.29	520
91.27	426
98.23	436
105.19	438
112.14	382
119.09	502
126.02	755
132.95	906
139.87	883
146.78	818
153.68	790
160.58	808
167.46	777
174.34	790
181.21	748
188.08	759
194.93	715
201.78	725
208.62	756
215.45	720
222.27	656
229.09	649
235.9	660
242.7	666
249.49	699
256.27	641
263.05	673
269.82	661
276.58	659
283.33	681
290.08	646
296.82	672
303.55	630
310.27	596
316.98	584
323.69	610
330.39	575
337.08	613
343.76	587
350.44	569
357.11	588
363.77	573
370.42	600
377.07	550
383.71	560
390.34	551
396.96	539
403.58	556
410.19	599
416.79	553
423.38	630
429.97	545
436.55	513
443.12	521
449.68	516
456.24	484
462.79	550
469.33	494
475.86	463
482.39	490
488.91	553
495.42	457
501.93	446
508.42	467
514.91	500
521.4	502
527.87	485
534.34	467
540.8	467
547.25	426
553.7	440
560.14	403
566.57	478
573	441
579.41	459
585.83	450
592.23	440
598.62	421
605.01	440
611.4	400
617.77	475
624.14	440
630.5	482
636.85	472
643.2	379
649.54	420
655.87	398
662.2	410
668.52	420
674.83	428
681.13	417
687.43	412
693.72	409
700	414
706.28	404
712.55	394
718.81	427
725.07	404
731.32	371
737.56	394
743.79	384
750.02	365
756.24	375
762.46	403
768.67	395
774.87	441
781.06	397
787.25	473
793.43	399
799.6	373
805.77	397
811.93	386
818.08	383
824.23	416
830.37	399
836.5	400
842.63	411
848.75	415
854.87	433
860.97	348
867.07	389
873.17	444
879.25	450
885.33	363
891.41	405
897.47	489
903.53	417
909.59	497
915.63	412
921.67	383
927.71	405
933.74	400
939.76	382
945.77	417
951.78	407
957.78	337
963.78	372
969.77	356
975.75	404
981.72	400
987.69	524
993.66	380
999.61	420
1005.56	379
1011.51	381
1017.44	410
1023.37	410
1029.3	430
1035.22	430
1041.13	404
1047.03	446
1052.93	601
1058.83	851
1064.71	878
1070.59	744
1076.47	578
1082.33	574
1088.2	532
1094.05	518
1099.9	449
1105.74	505
1111.58	477
1117.41	536
1123.23	743
1129.05	989
1134.86	758
1140.67	572
1146.47	487
1152.26	405
1158.05	372
1163.83	368
1169.6	493
1175.37	450
1181.13	459
1186.89	417
1192.64	387
1198.38	383
1204.12	353
1209.85	358
1215.58	360
1221.3	327
1227.02	451
1232.72	433
1238.43	357
1244.12	401
1249.81	355
1255.5	336
1261.17	318
1266.85	409
1272.51	438
1278.17	469
1283.83	499
1289.47	843
1295.12	1080
1300.75	1044
1306.38	745
1312.01	595
1317.63	546
1323.24	409
1328.85	402
1334.45	434
1340.04	387
1345.63	423
1351.22	445
1356.8	440
1362.37	452
1367.93	519
1373.49	470
1379.05	425
1384.6	462
1390.14	460
1395.68	486
1401.21	455
1406.74	485
1412.26	632
1417.77	779
1423.28	733
1428.78	779
1434.28	977
1439.77	1105
1445.26	1104
1450.74	985
1456.22	903
1461.68	892
1467.15	878
1472.61	708
1478.06	583
1483.51	526
1488.95	476
1494.38	387
1499.81	382
1505.24	432
1510.65	407
1516.07	330
1521.48	361
1526.88	377
1532.27	369
1537.67	324
1543.05	287
1548.43	321
1553.81	342
1559.18	326
1564.54	327
1569.9	383
1575.25	308
1580.6	328
1585.94	345
1591.28	273
1596.61	276
1601.93	265
1607.25	275
1612.57	324
1617.88	328
1623.18	289
1628.48	328
1633.77	307
1639.06	249
1644.34	290
1649.62	280
1654.89	230
1660.16	264
1665.42	286
1670.67	227
1675.92	292
1681.17	352
1686.41	288
1691.64	282
1696.87	278
1702.1	232
1707.32	246
1712.53	268
1717.74	214
1722.94	278
1728.14	260
1733.33	252
1738.52	290
1743.7	271
1748.88	279
1754.05	207
1759.22	257
1764.38	239
1769.53	221
1774.69	224
1779.83	260
1784.97	226
1790.11	182
1795.24	263
1800.36	236
1805.48	282
1810.6	188
1815.71	239
1820.82	176
1825.92	231
1831.01	233
1836.1	161
1841.19	258
1846.26	256
1851.34	198
1856.41	242
1861.47	192
1866.53	173
1871.59	240
1876.64	216
1881.68	283
1886.72	226
1891.76	204
1896.79	219
1901.81	234
1906.83	283
1911.85	218
1916.86	201
1921.86	220
1926.86	160
1931.86	194
1936.85	211
1941.83	195
1946.81	192
1951.79	190
1956.76	186
1961.72	188
1966.68	168
1971.64	174
1976.59	166
1981.54	141
1986.48	237
1991.42	187
1996.35	178
2001.27	198
2006.2	168
2011.11	210
2016.03	148
2020.93	181
2025.84	187
2030.73	184
2035.63	169
2040.52	237
2045.4	144
2050.28	201
2055.15	133
2060.02	158
2064.89	168
2069.75	145
2074.6	141
2079.46	154
2084.3	130
2089.14	154
2093.98	132
2098.81	151
2103.64	202
2108.46	212
2113.28	146
2118.09	180
2122.9	158
2127.7	138
2132.5	152
2137.3	145
2142.09	172
2146.87	187
2151.66	156
2156.43	179
2161.2	158
2165.97	88
2170.73	187
2175.49	153
2180.24	103
2184.99	120
2189.74	161
2194.48	177
2199.21	149
2203.94	177
2208.67	129
2213.39	141
2218.11	145
2222.82	121
2227.53	152
2232.23	183
2236.93	126
2241.63	107
2246.32	117
2251	205
2255.68	148
2260.36	153
2265.03	148
2269.7	107
2274.36	172
2279.02	143
2283.68	106
2288.33	148
2292.97	178
2297.61	134
2302.25	154
2306.88	127
2311.51	159
2316.14	138
2320.75	131
2325.37	105
2329.98	188
2334.59	146
2339.19	159
2343.79	132
2348.38	191
2352.97	122
2357.55	112
2362.13	166
2366.71	134
2371.28	152
2375.85	144
2380.41	189
2384.97	160
2389.52	126
2394.07	99
2398.62	127
2403.16	97
2407.7	193
2412.23	101
2416.76	148
2421.29	148
2425.81	125
2430.32	157
2434.84	145
2439.34	115
2443.85	98
2448.35	156
2452.84	118
2457.33	143
2461.82	119
2466.3	87
2470.78	167
2475.25	142
2479.72	148
2484.19	136
2488.65	123
2493.11	120
2497.56	79
2502.01	167
2506.46	140
2510.9	159
2515.34	116
2519.77	106
2524.2	97
2528.62	104
2533.04	162
2537.46	110
2541.87	101
2546.28	100
2550.68	145
2555.08	156
2559.48	138
2563.87	123
2568.26	123
2572.64	159
2577.02	189
2581.4	91
2585.77	156
2590.14	128
2594.5	129
2598.86	137
2603.22	145
2607.57	112
2611.92	126
2616.26	58
2620.6	136
2624.94	103
2629.27	184
2633.6	178
2637.92	106
2642.24	142
2646.56	194
2650.87	178
2655.18	144
2659.48	158
2663.78	169
2668.08	139
2672.37	175
2676.66	163
2680.95	144
2685.23	107
2689.5	206
2693.78	115
2698.05	150
2702.31	164
2706.57	175
2710.83	211
2715.08	217
2719.33	272
2723.58	245
2727.82	262
2732.06	175
2736.29	130
2740.53	144
2744.75	185
2748.97	223
2753.19	148
2757.41	194
2761.62	215
2765.83	202
2770.03	204
2774.23	128
2778.43	207
2782.62	170
2786.81	176
2791	226
2795.18	198
2799.35	192
2803.53	191
2807.7	249
2811.86	257
2816.03	283
2820.19	353
2824.34	306
2828.49	326
2832.64	397
2836.78	519
2840.92	622
2845.06	760
2849.19	871
2853.32	933
2857.45	857
2861.57	879
2865.69	812
2869.8	819
2873.91	891
2878.02	1006
2882.12	1033
2886.22	1046
2890.32	1056
2894.41	881
2898.5	785
2902.58	783
2906.67	742
2910.74	634
2914.82	559
2918.89	501
2922.96	451
2927.02	501
2931.08	412
2935.13	409
2939.19	418
2943.24	338
2947.28	317
2951.32	289
2955.36	267
2959.4	238
2963.43	226
2967.46	139
2971.48	176
2975.5	180
2979.52	193
2983.53	149
2987.54	170
2991.55	147
2995.55	133
2999.55	124
3003.54	150
3007.54	144
3011.53	130
3015.51	131
3019.49	72
3023.47	88
3027.45	135
3031.42	89
3035.39	114
3039.35	89
3043.31	118
3047.27	122
3051.22	88
3055.17	110
3059.12	81
3063.06	110
3067	49
3070.94	117
3074.87	110
3078.8	90
3082.73	79
3086.65	103
3090.57	113
3094.49	84
3098.4	60
3102.31	109
3106.22	82
3110.12	70
3114.02	86
3117.92	92
3121.81	84
3125.7	73
3129.58	65
3133.47	92
3137.34	54
3141.22	83
3145.09	76
3148.96	82
3152.83	73
3156.69	75
3160.55	97
3164.4	58
3168.26	84
3172.1	45
3175.95	59
3179.79	88
3183.63	39
3187.47	83
3191.3	64
3195.13	52
3198.95	75
3202.78	91
3206.6	67
3210.41	46
3214.23	43
3218.03	18
3221.84	102
3225.64	50
3229.44	106
3233.24	75
3237.03	74
3240.82	52
3244.61	79
3248.39	66
3252.17	71
3255.95	106
3259.72	18
3263.49	83
3267.26	91
3271.03	55
3274.79	63
3278.54	73
3282.3	80
3286.05	70
3289.8	55
3293.54	121
3297.29	69
3301.02	110
3304.76	39
3308.49	77
3312.22	103
3315.95	46
3319.67	105
3323.39	34
3327.1	147
3330.82	47
3334.53	65
3338.24	40
3341.94	52
3345.64	86
3349.34	127
3353.03	66
3356.72	130
3360.41	30
3364.1	56
3367.78	92
3371.46	11
3375.13	81
3378.81	94
3382.48	99
3386.14	134
3389.81	67
3393.47	69
3397.12	70
3400.78	122
3404.43	68
3408.08	65
3411.72	57
3415.36	24
3419	54
3422.64	65
3426.27	57
3429.9	83
3433.53	92
3437.15	39
3440.77	40
3444.39	82
3448	70
3451.62	60
3455.22	22
3458.83	75
3462.43	69
3466.03	85
3469.63	29
3473.22	121
3476.81	54
3480.4	80
3483.99	34
3487.57	65
3491.15	62
3494.72	117
3498.29	28
3501.86	68
3505.43	73
3508.99	51
3512.56	70
3516.11	51
3519.67	46
3523.22	41
3526.77	96
3530.32	55
3533.86	95
3537.4	13
3540.94	34
3544.47	76
3548	59
3551.53	56
3555.06	19
3558.58	68
3562.1	48
3565.62	24
3569.13	54
3572.64	93
3576.15	33
3579.66	92
3583.16	70
3586.66	41
3590.16	92
3593.65	77
3597.14	55
3600.63	98
3604.11	94
3607.6	37
3611.08	73
3614.55	50
3618.03	44
3621.5	86
3624.97	77
3628.43	55
3631.9	74
3635.36	66
3638.81	89
3642.27	41
3645.72	64
3649.17	57
3652.61	8
3656.06	62
3659.5	21
3662.93	69
3666.37	38
3669.8	14
3673.23	47
3676.65	64
3680.08	39
3683.5	34
3686.92	19
3690.33	77
3693.74	50
3697.15	77
3700.56	48
3703.96	35
3707.36	64
3710.76	49
3714.16	80
3717.55	30
3720.94	68
3724.33	69
3727.71	28
3731.1	12
3734.48	68
3737.85	34
3741.23	37
3744.6	67
3747.97	48
3751.33	66
3754.69	34
3758.05	31
3761.41	59
3764.77	36
3768.12	49
3771.47	0
3774.82	29
3778.16	2
3781.5	4
3784.84	5
3788.18	-3
