-37534.58	8
-37414.56	3
-37295.11	5
-37176.24	0
-37057.95	37
-36940.22	-22
-36823.05	63
-36706.45	58
-36590.4	42
-36474.9	21
-36359.95	36
-36245.55	81
-36131.68	88
-36018.35	57
-35905.55	58
-35793.29	45
-35681.54	92
-35570.32	69
-35459.62	52
-35349.43	85
-35239.75	54
-35130.58	68
-35021.91	45
-34913.74	53
-34806.07	-3
-34698.89	35
-34592.2	59
-34486	61
-34380.28	41
-34275.04	16
-34170.27	90
-34065.98	72
-33962.16	62
-33858.81	48
-33755.92	42
-33653.49	67
-33551.52	76
-33450.01	28
-33348.94	70
-33248.33	57
-33148.16	38
-33048.43	46
-32949.14	36
-32850.29	58
-32751.87	47
-32653.89	55
-32556.33	89
-32459.2	55
-32362.49	67
-32266.19	83
-32170.32	71
-32074.86	59
-31979.82	54
-31885.18	53
-31790.95	52
-31697.12	83
-31603.69	68
-31510.67	48
-31418.04	40
-31325.8	45
-31233.95	91
-31142.49	18
-31051.42	70
-30960.73	57
-30870.43	75
-30780.5	32
-30690.95	61
-30601.77	111
-30512.97	38
-30424.53	36
-30336.46	76
-30248.76	69
-30161.42	75
-30074.44	46
-29987.81	63
-29901.55	44
-29815.63	58
-29730.07	17
-29644.86	84
-29560	30
-29475.48	102
-29391.3	59
-29307.47	33
-29223.97	126
-29140.81	78
-29057.99	106
-28975.5	46
-28893.34	109
-28811.51	14
-28730	54
-28648.82	48
-28567.97	83
-28487.43	62
-28407.21	46
-28327.32	43
-28247.73	50
-28168.46	54
-28089.5	47
-28010.85	35
-27932.51	40
-27854.48	68
-27776.75	89
-27699.32	73
-27622.19	-19
-27545.37	40
-27468.84	64
-27392.6	19
-27316.66	64
-27241.01	54
-27165.66	53
-27090.59	28
-27015.81	75
-26941.31	124
-26867.1	77
-26793.17	73
-26719.52	21
-26646.15	96
-26573.06	21
-26500.24	75
-26427.7	72
-26355.43	72
-26283.43	57
-26211.71	73
-26140.25	45
-26069.06	100
-25998.13	-2
-25927.46	72
-25857.06	105
-25786.92	98
-25717.04	71
-25647.42	73
-25578.05	119
-25508.94	-6
-25440.09	4
-25371.48	62
-25303.13	87
-25235.02	-10
-25167.17	116
-25099.56	80
-25032.19	71
-24965.07	40
-24898.2	79
-24831.56	56
-24765.17	53
-24699.01	26
-24633.1	44
-24567.41	43
-24501.97	60
-24436.75	96
-24371.77	42
-24307.03	69
-24242.51	51
-24178.22	79
-24114.16	58
-24050.32	97
-23986.71	50
-23923.32	45
-23860.16	-5
-23797.22	27
-23734.5	52
-23672	36
-23609.71	79
-23547.65	34
-23485.8	87
-23424.16	37
-23362.74	69
-23301.53	16
-23240.54	19
-23179.75	36
-23119.17	31
-23058.8	42
-22998.64	43
-22938.68	58
-22878.93	45
-22819.39	107
-22760.04	113
-22700.9	51
-22641.96	73
-22583.22	48
-22524.68	40
-22466.33	54
-22408.19	91
-22350.23	29
-22292.48	42
-22234.92	59
-22177.55	28
-22120.37	96
-22063.38	64
-22006.58	29
-21949.98	85
-21893.56	72
-21837.33	49
-21781.28	82
-21725.42	58
-21669.74	95
-21614.25	5
-21558.94	9
-21503.81	75
-21448.86	69
-21394.1	78
-21339.51	36
-21285.1	34
-21230.86	34
-21176.81	68
-21122.93	36
-21069.22	57
-21015.69	36
-20962.33	39
-20909.14	77
-20856.13	24
-20803.28	68
-20750.61	95
-20698.1	65
-20645.76	70
-20593.59	29
-20541.59	102
-20489.75	63
-20438.07	74
-20386.56	35
-20335.22	35
-20284.03	28
-20233.01	116
-20182.15	20
-20131.45	73
-20080.91	86
-20030.52	28
-19980.3	64
-19930.23	79
-19880.32	42
-19830.56	49
-19780.96	23
-19731.52	47
-19682.23	52
-19633.09	50
-19584.1	105
-19535.26	36
-19486.58	69
-19438.04	60
-19389.66	64
-19341.42	55
-19293.33	66
-19245.39	48
-19197.6	65
-19149.95	22
-19102.45	25
-19055.09	-6
-19007.87	63
-18960.8	-26
-18913.87	71
-18867.09	30
-18820.44	36
-18773.94	35
-18727.57	2
-18681.35	148
-18635.26	40
-18589.31	82
-18543.5	112
-18497.83	94
-18452.29	100
-18406.89	84
-18361.63	93
-18316.5	34
-18271.5	103
-18226.63	68
-18181.9	54
-18137.3	40
-18092.84	80
-18048.5	53
-18004.29	72
-17960.22	45
-17916.27	85
-17872.45	68
-17828.76	56
-17785.2	57
-17741.77	46
-17698.46	91
-17655.28	60
-17612.22	111
-17569.29	62
-17526.48	65
-17483.79	22
-17441.23	103
-17398.79	74
-17356.48	50
-17314.28	78
-17272.21	49
-17230.26	23
-17188.42	45
-17146.71	52
-17105.12	73
-17063.64	39
-17022.28	30
-16981.04	74
-16939.92	86
-16898.91	44
-16858.02	18
-16817.25	47
-16776.59	35
-16736.04	37
-16695.61	65
-16655.29	18
-16615.09	61
-16574.99	57
-16535.01	44
-16495.15	78
-16455.39	72
-16415.74	86
-16376.21	70
-16336.78	113
-16297.46	14
-16258.26	74
-16219.16	86
-16180.17	89
-16141.28	38
-16102.51	84
-16063.84	78
-16025.27	100
-15986.82	22
-15948.46	21
-15910.22	62
-15872.07	66
-15834.04	62
-15796.1	45
-15758.27	59
-15720.54	81
-15682.91	69
-15645.39	28
-15607.97	28
-15570.64	83
-15533.42	16
-15496.3	40
-15459.28	45
-15422.36	44
-15385.54	57
-15348.82	69
-15312.19	68
-15275.66	29
-15239.23	68
-15202.9	35
-15166.67	20
-15130.53	88
-15094.48	66
-15058.54	93
-15022.68	95
-14986.93	66
-14951.26	57
-14915.69	74
-14880.22	21
-14844.84	18
-14809.55	69
-14774.35	20
-14739.25	44
-14704.24	40
-14669.32	72
-14634.49	116
-14599.75	100
-14565.1	50
-14530.55	73
-14496.08	52
-14461.7	68
-14427.41	50
-14393.21	68
-14359.1	14
-14325.07	19
-14291.14	91
-14257.29	59
-14223.52	42
-14189.85	42
-14156.26	34
-14122.76	16
-14089.34	18
-14056.01	115
-14022.76	64
-13989.6	37
-13956.52	103
-13923.53	66
-13890.62	79
-13857.79	73
-13825.05	32
-13792.39	53
-13759.81	62
-13727.31	31
-13694.9	104
-13662.57	88
-13630.31	70
-13598.14	71
-13566.05	40
-13534.05	73
-13502.12	66
-13470.27	8
-13438.5	76
-13406.8	28
-13375.19	86
-13343.66	22
-13312.2	91
-13280.83	100
-13249.53	48
-13218.3	30
-13187.16	72
-13156.09	94
-13125.1	45
-13094.18	68
-13063.34	59
-13032.58	86
-13001.89	18
-12971.28	40
-12940.74	21
-12910.27	114
-12879.88	61
-12849.57	128
-12819.33	21
-12789.16	85
-12759.06	119
-12729.04	75
-12699.09	94
-12669.21	62
-12639.41	73
-12609.68	96
-12580.02	89
-12550.43	108
-12520.91	52
-12491.46	86
-12462.08	109
-12432.77	43
-12403.54	42
-12374.37	88
-12345.27	61
-12316.24	112
-12287.29	51
-12258.4	73
-12229.57	110
-12200.82	68
-12172.14	9
-12143.52	68
-12114.97	88
-12086.49	96
-12058.07	24
-12029.73	63
-12001.44	83
-11973.23	31
-11945.08	87
-11917	79
-11888.98	40
-11861.03	31
-11833.15	89
-11805.32	83
-11777.57	27
-11749.88	79
-11722.25	67
-11694.69	14
-11667.19	77
-11639.75	85
-11612.38	104
-11585.07	26
-11557.83	49
-11530.65	20
-11503.53	94
-11476.47	1
-11449.48	56
-11422.54	23
-11395.67	50
-11368.86	53
-11342.11	82
-11315.43	77
-11288.8	51
-11262.23	72
-11235.73	60
-11209.28	57
-11182.9	59
-11156.57	43
-11130.31	47
-11104.1	9
-11077.96	53
-11051.87	37
-11025.84	86
-10999.87	28
-10973.96	-27
-10948.11	54
-10922.31	14
-10896.58	86
-10870.9	46
-10845.28	72
-10819.71	39
-10794.2	76
-10768.75	101
-10743.36	-11
-10718.02	40
-10692.74	70
-10667.52	43
-10642.35	23
-10617.24	99
-10592.18	30
-10567.18	57
-10542.23	69
-10517.34	34
-10492.51	23
-10467.72	55
-10443	5
-10418.32	47
-10393.7	45
-10369.14	77
-10344.63	-11
-10320.17	25
-10295.77	11
-10271.42	12
-10247.12	21
-10222.88	12
-10198.68	-37
-10174.54	13
-10150.46	-21
-10126.42	1
-10102.44	33
-10078.51	-22
-10054.63	10
-10030.8	-77
-10007.03	-23
-9983.3	-44
-9959.63	-26
-9936.01	-81
-9912.44	-35
-9888.92	-38
-9865.44	-47
-9842.02	-47
-9818.65	-44
-9795.33	-51
-9772.06	-75
-9748.84	-115
-9725.67	-121
-9702.55	-143
-9679.47	-83
-9656.45	-194
-9633.47	-202
-9610.55	-254
-9587.67	-248
-9564.84	-230
-9542.06	-375
-9519.32	-402
-9496.64	-406
-9474	-493
-9451.41	-418
-9428.87	-416
-9406.37	-426
-9383.92	-404
-9361.52	-398
-9339.17	-411
-9316.86	-451
-9294.6	-594
-9272.38	-764
-9250.21	-668
-9228.09	-734
-9206.01	-789
-9183.98	-821
-9162	-683
-9140.06	-610
-9118.16	-606
-9096.31	-496
-9074.51	-714
-9052.75	-705
-9031.04	-720
-9009.37	-592
-8987.74	-565
-8966.16	-438
-8944.63	-459
-8923.14	-398
-8901.69	-313
-8880.29	-408
-8858.93	-468
-8837.61	-601
-8816.34	-538
-8795.11	-555
-8773.92	-589
-8752.78	-502
-8731.68	-481
-8710.62	-465
-8689.61	-460
-8668.63	-503
-8647.7	-517
-8626.82	-619
-8605.97	-510
-8585.17	-510
-8564.41	-439
-8543.69	-413
-8523.01	-312
-8502.37	-387
-8481.78	-404
-8461.23	-451
-8440.71	-454
-8420.24	-502
-8399.81	-578
-8379.42	-563
-8359.08	-472
-8338.77	-421
-8318.5	-479
-8298.27	-500
-8278.09	-454
-8257.94	-417
-8237.83	-432
-8217.76	-550
-8197.74	-589
-8177.75	-550
-8157.8	-510
-8137.89	-433
-8118.02	-390
-8098.19	-391
-8078.4	-358
-8058.65	-437
-8038.93	-438
-8019.26	-466
-7999.62	-432
-7980.02	-382
-7960.46	-418
-7940.94	-390
-7921.46	-341
-7902.01	-353
-7882.6	-273
-7863.23	-301
-7843.9	-364
-7824.61	-360
-7805.35	-331
-7786.13	-369
-7766.95	-370
-7747.8	-409
-7728.69	-374
-7709.62	-329
-7690.59	-425
-7671.59	-334
-7652.63	-383
-7633.7	-422
-7614.81	-417
-7595.96	-388
-7577.15	-359
-7558.37	-329
-7539.62	-287
-7520.91	-362
-7502.24	-448
-7483.6	-364
-7465	-318
-7446.44	-294
-7427.91	-210
-7409.41	-286
-7390.95	-195
-7372.53	-242
-7354.14	-239
-7335.78	-155
-7317.46	-184
-7299.18	-252
-7280.92	-284
-7262.71	-325
-7244.52	-313
-7226.38	-357
-7208.26	-284
-7190.18	-243
-7172.14	-228
-7154.12	-234
-7136.15	-264
-7118.2	-300
-7100.29	-289
-7082.41	-339
-7064.57	-339
-7046.76	-345
-7028.98	-307
-7011.24	-243
-6993.53	-144
-6975.85	-92
-6958.2	-93
-6940.59	-119
-6923.01	-139
-6905.46	-181
-6887.94	-133
-6870.46	502
-6853.01	-246
-6835.59	-241
-6818.21	-246
-6800.85	-182
-6783.53	-177
-6766.24	-125
-6748.98	-117
-6731.76	-97
-6714.56	-75
-6697.4	-27
-6680.26	-65
-6663.16	-48
-6646.09	-113
-6629.05	-155
-6612.05	-214
-6595.07	-253
-6578.13	-214
-6561.21	-136
-6544.33	-129
-6527.47	-48
-6510.65	-70
-6493.86	-24
-6477.1	-19
-6460.36	-44
-6443.66	-26
-6426.99	-28
-6410.35	-29
-6393.74	-28
-6377.16	-85
-6360.61	-143
-6344.09	-52
-6327.59	-155
-6311.13	-121
-6294.7	-85
-6278.29	-145
-6261.92	-158
-6245.58	-165
-6229.26	-159
-6212.97	-198
-6196.72	-139
-6180.49	-57
-6164.29	-7
-6148.12	70
-6131.98	0
-6115.86	-5
-6099.78	-8
-6083.72	3
-6067.69	88
-6051.69	-30
-6035.72	35
-6019.78	-81
-6003.87	-28
-5987.98	-41
-5972.12	-93
-5956.29	-69
-5940.49	-151
-5924.71	-59
-5908.96	-54
-5893.24	-43
-5877.55	-7
-5861.89	-14
-5846.25	-73
-5830.64	-20
-5815.05	-8
-5799.5	10
-5783.97	-46
-5768.47	-48
-5752.99	-32
-5737.55	-62
-5722.12	-136
-5706.73	-70
-5691.36	-54
-5676.02	-39
-5660.71	-18
-5645.42	-69
-5630.16	19
-5614.92	-7
-5599.71	-87
-5584.53	-57
-5569.37	-24
-5554.24	-228
-5539.14	-15
-5524.06	-35
-5509.01	-10
-5493.98	-23
-5478.98	-59
-5464	-66
-5449.05	-66
-5434.13	-60
-5419.23	4
-5404.36	-5
-5389.51	-75
-5374.69	-96
-5359.89	-120
-5345.12	-107
-5330.37	-136
-5315.65	-50
-5300.95	-26
-5286.28	-76
-5271.63	-35
-5257.01	-69
-5242.41	-7
-5227.84	41
-5213.29	-74
-5198.76	10
-5184.26	-23
-5169.79	-14
-5155.33	37
-5140.91	0
-5126.51	-29
-5112.13	-29
-5097.77	-18
-5083.44	-4
-5069.13	18
-5054.85	-33
-5040.59	18
-5026.36	-42
-5012.15	-43
-4997.96	-67
-4983.8	58
-4969.66	42
-4955.54	22
-4941.44	22
-4927.37	-78
-4913.33	-77
-4899.3	-112
-4885.3	-103
-4871.33	-46
-4857.37	9
-4843.44	36
-4829.53	-15
-4815.65	8
-4801.79	-46
-4787.95	10
-4774.13	-1
-4760.34	-40
-4746.56	18
-4732.82	-12
-4719.09	-15
-4705.38	-31
-4691.7	-98
-4678.04	-109
-4664.41	-90
-4650.79	-12
-4637.2	16
-4623.63	-44
-4610.08	57
-4596.56	-82
-4583.05	13
-4569.57	-6
-4556.11	25
-4542.67	12
-4529.25	-25
-4515.86	9
-4502.49	-96
-4489.13	-96
-4475.8	-58
-4462.49	-9
-4449.21	-14
-4435.94	18
-4422.7	-65
-4409.47	15
-4396.27	-1
-4383.09	-23
-4369.93	-6
-4356.79	25
-4343.67	53
-4330.58	-44
-4317.5	2
-4304.45	59
-4291.41	24
-4278.4	54
-4265.41	5
-4252.44	9
-4239.49	-48
-4226.55	-47
-4213.65	29
-4200.76	20
-4187.89	-8
-4175.04	65
-4162.21	26
-4149.4	12
-4136.61	31
-4123.85	22
-4111.1	83
-4098.37	42
-4085.66	68
-4072.98	52
-4060.31	-1
-4047.66	33
-4035.04	60
-4022.43	68
-4009.84	44
-3997.27	22
-3984.72	49
-3972.19	38
-3959.69	7
-3947.2	22
-3934.73	84
-3922.27	15
-3909.84	69
-3897.43	110
-3885.04	50
-3872.67	80
-3860.31	52
-3847.98	53
-3835.66	31
-3823.36	-2
-3811.09	57
-3798.83	28
-3786.59	30
-3774.37	42
-3762.17	77
-3749.98	41
-3737.82	19
-3725.67	55
-3713.55	48
-3701.44	73
-3689.35	15
-3677.28	127
-3665.22	20
-3653.19	46
-3641.17	61
-3629.18	48
-3617.2	2
-3605.24	48
-3593.3	34
-3581.37	44
-3569.47	32
-3557.58	61
-3545.71	156
-3533.86	29
-3522.02	52
-3510.21	32
-3498.41	80
-3486.63	16
-3474.87	77
-3463.12	66
-3451.4	94
-3439.69	64
-3428	65
-3416.33	46
-3404.67	43
-3393.03	100
-3381.41	72
-3369.81	35
-3358.22	30
-3346.66	58
-3335.1	53
-3323.57	107
-3312.06	77
-3300.56	91
-3289.08	74
-3277.61	53
-3266.16	58
-3254.73	27
-3243.32	101
-3231.92	88
-3220.55	17
-3209.18	102
-3197.84	138
-3186.51	69
-3175.2	37
-3163.9	44
-3152.63	30
-3141.36	71
-3130.12	49
-3118.89	46
-3107.68	65
-3096.49	87
-3085.31	49
-3074.15	94
-3063	40
-3051.87	31
-3040.76	33
-3029.67	39
-3018.59	90
-3007.52	54
-2996.48	109
-2985.44	73
-2974.43	60
-2963.43	83
-2952.45	62
-2941.48	58
-2930.53	35
-2919.6	43
-2908.68	67
-2897.78	63
-2886.89	79
-2876.02	68
-2865.17	31
-2854.33	49
-2843.5	55
-2832.7	59
-2821.9	16
-2811.13	64
-2800.37	69
-2789.62	-3
-2778.89	92
-2768.18	65
-2757.48	65
-2746.8	12
-2736.13	60
-2725.48	63
-2714.84	54
-2704.22	25
-2693.61	94
-2683.02	82
-2672.45	61
-2661.89	55
-2651.34	74
-2640.81	109
-2630.3	56
-2619.8	28
-2609.31	48
-2598.84	15
-2588.39	32
-2577.95	64
-2567.52	74
-2557.11	32
-2546.71	91
-2536.33	75
-2525.97	63
-2515.62	73
-2505.28	42
-2494.96	110
-2484.65	55
-2474.36	111
-2464.08	62
-2453.82	58
-2443.57	89
-2433.33	90
-2423.11	35
-2412.91	39
-2402.72	35
-2392.54	97
-2382.38	45
-2372.23	43
-2362.09	-971
-2351.97	86
-2341.87	83
-2331.78	47
-2321.7	28
-2311.64	128
-2301.59	5
-2291.55	54
-2281.53	57
-2271.53	45
-2261.53	78
-2251.55	53
-2241.59	54
-2231.64	51
-2221.7	5
-2211.78	31
-2201.87	28
-2191.97	68
-2182.09	13
-2172.22	50
-2162.37	37
-2152.53	43
-2142.7	-36
-2132.89	73
-2123.09	52
-2113.3	25
-2103.53	-9
-2093.77	88
-2084.02	89
-2074.29	85
-2064.57	72
-2054.86	58
-2045.17	41
-2035.49	82
-2025.82	40
-2016.17	53
-2006.53	78
-1996.91	48
-1987.29	106
-1977.69	48
-1968.11	42
-1958.53	83
-1948.97	53
-1939.42	42
-1929.89	46
-1920.37	82
-1910.86	55
-1901.36	31
-1891.88	44
-1882.41	119
-1872.95	42
-1863.51	103
-1854.08	48
-1844.66	80
-1835.26	61
-1825.86	37
-1816.48	25
-1807.11	62
-1797.76	90
-1788.42	136
-1779.09	42
-1769.77	27
-1760.47	100
-1751.17	54
-1741.89	57
-1732.63	57
-1723.37	110
-1714.13	84
-1704.9	57
-1695.68	118
-1686.48	92
-1677.29	46
-1668.11	32
-1658.94	51
-1649.78	35
-1640.64	42
-1631.51	51
-1622.39	56
-1613.28	51
-1604.19	132
-1595.1	102
-1586.03	71
-1576.97	4
-1567.93	83
-1558.89	29
-1549.87	112
-1540.86	72
-1531.86	67
-1522.87	48
-1513.9	47
-1504.93	4
-1495.98	35
-1487.04	79
-1478.12	45
-1469.2	28
-1460.3	8
-1451.4	79
-1442.52	106
-1433.65	86
-1424.8	-15
-1415.95	63
-1407.12	64
-1398.3	58
-1389.48	67
-1380.69	104
-1371.9	71
-1363.12	93
-1354.36	0
-1345.6	94
-1336.86	35
-1328.13	84
-1319.41	112
-1310.7	54
-1302.01	60
-1293.32	28
-1284.65	89
-1275.99	91
-1267.33	101
-1258.69	27
-1250.06	64
-1241.45	53
-1232.84	51
-1224.25	63
-1215.66	101
-1207.09	39
-1198.53	66
-1189.97	90
-1181.43	94
-1172.91	54
-1164.39	63
-1155.88	24
-1147.38	50
-1138.9	52
-1130.43	71
-1121.96	66
-1113.51	75
-1105.07	82
-1096.64	161
-1088.22	72
-1079.81	73
-1071.41	90
-1063.02	36
-1054.65	44
-1046.28	110
-1037.92	45
-1029.58	47
-1021.24	65
-1012.92	131
-1004.61	30
-996.3	63
-988.01	37
-979.73	47
-971.46	50
-963.2	66
-954.95	80
-946.71	27
-938.48	57
-930.26	80
-922.06	46
-913.86	28
-905.67	79
-897.49	61
-889.33	11
-881.17	72
-873.02	27
-864.89	106
-856.76	79
-848.65	125
-840.54	93
-832.45	61
-824.36	44
-816.29	90
-808.22	28
-800.17	43
-792.12	86
-784.09	76
-776.06	28
-768.05	61
-760.04	38
-752.05	87
-744.07	96
-736.09	48
-728.13	92
-720.17	56
-712.23	82
-704.29	24
-696.37	20
-688.45	31
-680.55	94
-672.65	6
-664.77	83
-656.89	39
-649.03	83
-641.17	67
-633.32	-14
-625.49	49
-617.66	29
-609.84	106
-602.03	29
-594.23	61
-586.45	42
-578.67	77
-570.9	38
-563.14	66
-555.39	97
-547.65	55
-539.91	31
-532.19	78
-524.48	84
-516.78	17
-509.08	64
-501.4	53
-493.72	20
-486.06	9
-478.4	70
-470.76	68
-463.12	47
-455.49	123
-447.87	59
-440.26	54
-432.66	71
-425.07	55
-417.49	73
-409.92	80
-402.35	92
-394.8	46
-387.25	40
-379.72	85
-372.19	86
-364.67	100
-357.17	99
-349.67	81
-342.18	84
-334.69	107
-327.22	66
-319.76	61
-312.3	115
-304.86	56
-297.42	76
-290	55
-282.58	83
-275.17	139
-267.77	48
-260.37	83
-252.99	48
-245.62	85
-238.25	87
-230.9	125
-223.55	91
-216.21	101
-208.88	88
-201.56	140
-194.25	122
-186.94	137
-179.65	101
-172.36	192
-165.08	131
-157.81	146
-150.55	197
-143.3	133
-136.06	237
-128.82	189
-121.6	243
-114.38	166
-107.17	257
-99.97	330
-92.78	340
-85.6	400
-78.42	427
-71.25	457
-64.1	541
-56.95	648
-49.81	721
-42.67	850
-35.55	1081
-28.43	1410
-21.33	2287
-14.23	7897
-7.14	48553
-0.05	60178
7.02	60110
14.09	26843
21.14	6255
28.19	2686
35.23	1822
42.27	1397
49.29	1129
56.31	949
63.32	810
70.32	686
77.31	584
84.29	514
91.27	455
98.23	476
105.19	420
112.14	413
119.09	536
126.02	932
132.95	1047
139.87	1111
146.78	1047
153.68	1089
160.58	1050
167.46	1038
174.34	952
181.21	968
188.08	938
194.93	925
201.78	892
208.62	941
215.45	927
222.27	891
229.09	914
235.9	871
242.7	875
249.49	899
256.27	810
263.05	839
269.82	802
276.58	952
283.33	840
290.08	813
296.82	858
303.55	848
310.27	786
316.98	775
323.69	762
330.39	749
337.08	789
343.76	781
350.44	709
357.11	737
363.77	746
370.42	781
377.07	739
383.71	771
390.34	691
396.96	730
403.58	740
410.19	741
416.79	681
423.38	810
429.97	708
436.55	704
443.12	752
449.68	691
456.24	675
462.79	650
469.33	634
475.86	628
482.39	707
488.91	687
495.42	643
501.93	665
508.42	592
514.91	607
521.4	676
527.87	678
534.34	594
540.8	623
547.25	614
553.7	624
560.14	604
566.57	656
573	579
579.41	631
585.83	636
592.23	574
598.62	580
605.01	567
611.4	631
617.77	565
624.14	571
630.5	565
636.85	604
643.2	554
649.54	550
655.87	538
662.2	577
668.52	533
674.83	577
681.13	525
687.43	574
693.72	549
700	548
706.28	561
712.55	533
718.81	573
725.07	515
731.32	483
737.56	557
743.79	511
750.02	533
756.24	556
762.46	481
768.67	425
774.87	601
781.06	477
787.25	507
793.43	582
799.6	517
805.77	520
811.93	511
818.08	527
824.23	497
830.37	528
836.5	490
842.63	537
848.75	566
854.87	536
860.97	523
867.07	524
873.17	608
879.25	566
885.33	519
891.41	545
897.47	572
903.53	520
909.59	540
915.63	491
921.67	526
927.71	541
933.74	523
939.76	482
945.77	526
951.78	521
957.78	449
963.78	528
969.77	453
975.75	544
981.72	543
987.69	649
993.66	528
999.61	508
1005.56	534
1011.51	544
1017.44	502
1023.37	518
1029.3	512
1035.22	590
1041.13	544
1047.03	578
1052.93	709
1058.83	1084
1064.71	1135
1070.59	1017
1076.47	774
1082.33	712
1088.2	710
1094.05	682
1099.9	639
1105.74	586
1111.58	619
1117.41	701
1123.23	926
1129.05	1207
1134.86	955
1140.67	732
1146.47	621
1152.26	528
1158.05	525
1163.83	509
1169.6	597
1175.37	579
1181.13	564
1186.89	509
1192.64	525
1198.38	480
1204.12	408
1209.85	471
1215.58	454
1221.3	437
1227.02	540
1232.72	535
1238.43	465
1244.12	547
1249.81	479
1255.5	501
1261.17	430
1266.85	475
1272.51	592
1278.17	536
1283.83	639
1289.47	993
1295.12	1381
1300.75	1286
1306.38	896
1312.01	720
1317.63	696
1323.24	598
1328.85	508
1334.45	517
1340.04	545
1345.63	485
1351.22	589
1356.8	507
1362.37	511
1367.93	615
1373.49	587
1379.05	493
1384.6	632
1390.14	564
1395.68	584
1401.21	577
1406.74	672
1412.26	793
1417.77	919
1423.28	925
1428.78	929
1434.28	1173
1439.77	1393
1445.26	1356
1450.74	1205
1456.22	1168
1461.68	1122
1467.15	1090
1472.61	853
1478.06	754
1483.51	680
1488.95	593
1494.38	524
1499.81	454
1505.24	517
1510.65	474
1516.07	417
1521.48	497
1526.88	447
1532.27	469
1537.67	427
1543.05	412
1548.43	389
1553.81	445
1559.18	405
1564.54	391
1569.9	446
1575.25	363
1580.6	425
1585.94	400
1591.28	392
1596.61	361
1601.93	358
1607.25	373
1612.57	373
1617.88	388
1623.18	346
1628.48	403
1633.77	416
1639.06	358
1644.34	421
1649.62	371
1654.89	376
1660.16	343
1665.42	349
1670.67	377
1675.92	385
1681.17	408
1686.41	350
1691.64	303
1696.87	379
1702.1	298
1707.32	347
1712.53	325
1717.74	407
1722.94	332
1728.14	337
1733.33	290
1738.52	288
1743.7	368
1748.88	317
1754.05	303
1759.22	287
1764.38	209
1769.53	280
1774.69	298
1779.83	290
1784.97	258
1790.11	242
1795.24	311
1800.36	314
1805.48	256
1810.6	298
1815.71	310
1820.82	271
1825.92	283
1831.01	309
1836.1	274
1841.19	334
1846.26	319
1851.34	244
1856.41	322
1861.47	266
1866.53	226
1871.59	297
1876.64	309
1881.68	314
1886.72	242
1891.76	274
1896.79	227
1901.81	287
1906.83	304
1911.85	252
1916.86	260
1921.86	218
1926.86	250
1931.86	187
1936.85	274
1941.83	245
1946.81	212
1951.79	216
1956.76	173
1961.72	218
1966.68	229
1971.64	226
1976.59	240
1981.54	182
1986.48	307
1991.42	240
1996.35	273
2001.27	191
2006.2	219
2011.11	240
2016.03	232
2020.93	241
2025.84	209
2030.73	218
2035.63	188
2040.52	213
2045.4	177
2050.28	247
2055.15	214
2060.02	202
2064.89	228
2069.75	200
2074.6	220
2079.46	208
2084.3	181
2089.14	202
2093.98	254
2098.81	210
2103.64	239
2108.46	205
2113.28	212
2118.09	246
2122.9	199
2127.7	171
2132.5	200
2137.3	137
2142.09	248
2146.87	223
2151.66	177
2156.43	211
2161.2	158
2165.97	123
2170.73	168
2175.49	198
2180.24	200
2184.99	172
2189.74	222
2194.48	216
2199.21	189
2203.94	207
2208.67	191
2213.39	176
2218.11	245
2222.82	174
2227.53	195
2232.23	174
2236.93	217
2241.63	195
2246.32	118
2251	169
2255.68	162
2260.36	173
2265.03	172
2269.7	97
2274.36	195
2279.02	178
2283.68	148
2288.33	190
2292.97	220
2297.61	204
2302.25	218
2306.88	177
2311.51	147
2316.14	136
2320.75	179
2325.37	129
2329.98	186
2334.59	179
2339.19	184
2343.79	151
2348.38	197
2352.97	162
2357.55	172
2362.13	190
2366.71	172
2371.28	131
2375.85	159
2380.41	159
2384.97	178
2389.52	144
2394.07	116
2398.62	133
2403.16	173
2407.7	193
2412.23	135
2416.76	157
2421.29	166
2425.81	143
2430.32	184
2434.84	162
2439.34	135
2443.85	170
2448.35	145
2452.84	158
2457.33	132
2461.82	118
2466.3	135
2470.78	147
2475.25	114
2479.72	186
2484.19	192
2488.65	154
2493.11	118
2497.56	103
2502.01	157
2506.46	185
2510.9	157
2515.34	178
2519.77	123
2524.2	95
2528.62	128
2533.04	203
2537.46	176
2541.87	151
2546.28	123
2550.68	163
2555.08	137
2559.48	172
2563.87	173
2568.26	149
2572.64	143
2577.02	158
2581.4	124
2585.77	200
2590.14	148
2594.5	120
2598.86	172
2603.22	178
2607.57	141
2611.92	160
2616.26	97
2620.6	175
2624.94	139
2629.27	185
2633.6	182
2637.92	169
2642.24	166
2646.56	197
2650.87	178
2655.18	158
2659.48	183
2663.78	170
2668.08	155
2672.37	186
2676.66	193
2680.95	189
2685.23	168
2689.5	144
2693.78	146
2698.05	191
2702.31	185
2706.57	227
2710.83	190
2715.08	203
2719.33	308
2723.58	299
2727.82	264
2732.06	232
2736.29	183
2740.53	218
2744.75	250
2748.97	251
2753.19	180
2757.41	225
2761.62	231
2765.83	235
2770.03	212
2774.23	201
2778.43	274
2782.62	233
2786.81	198
2791	266
2795.18	222
2799.35	238
2803.53	278
2807.7	324
2811.86	309
2816.03	269
2820.19	348
2824.34	410
2828.49	398
2832.64	478
2836.78	607
2840.92	799
2845.06	937
2849.19	1061
2853.32	1176
2857.45	1093
2861.57	1064
2865.69	985
2869.8	1008
2873.91	1077
2878.02	1198
2882.12	1259
2886.22	1284
2890.32	1216
2894.41	1076
2898.5	956
2902.58	866
2906.67	879
2910.74	768
2914.82	669
2918.89	613
2922.96	529
2927.02	562
2931.08	493
2935.13	472
2939.19	499
2943.24	429
2947.28	371
2951.32	333
2955.36	338
2959.4	280
2963.43	259
2967.46	215
2971.48	246
2975.5	280
2979.52	238
2983.53	206
2987.54	232
2991.55	167
2995.55	187
2999.55	145
3003.54	188
3007.54	126
3011.53	165
3015.51	162
3019.49	105
3023.47	114
3027.45	153
3031.42	106
3035.39	105
3039.35	109
3043.31	131
3047.27	141
3051.22	41
3055.17	130
3059.12	118
3063.06	95
3067	98
3070.94	103
3074.87	73
3078.8	135
3082.73	79
3086.65	134
3090.57	73
3094.49	96
3098.4	90
3102.31	105
3106.22	82
3110.12	85
3114.02	86
3117.92	95
3121.81	106
3125.7	88
3129.58	95
3133.47	139
3137.34	44
3141.22	55
3145.09	22
3148.96	107
3152.83	119
3156.69	58
3160.55	98
3164.4	95
3168.26	115
3172.1	34
3175.95	38
3179.79	83
3183.63	109
3187.47	98
3191.3	50
3195.13	121
3198.95	76
3202.78	61
3206.6	69
3210.41	55
3214.23	45
3218.03	63
3221.84	107
3225.64	30
3229.44	62
3233.24	92
3237.03	90
3240.82	-16
3244.61	92
3248.39	65
3252.17	58
3255.95	111
3259.72	64
3263.49	110
3267.26	88
3271.03	51
3274.79	34
3278.54	48
3282.3	73
3286.05	64
3289.8	85
3293.54	100
3297.29	83
3301.02	89
3304.76	50
3308.49	97
3312.22	84
3315.95	98
3319.67	70
3323.39	119
3327.1	137
3330.82	45
3334.53	53
3338.24	31
3341.94	68
3345.64	150
3349.34	102
3353.03	35
3356.72	101
3360.41	64
3364.1	52
3367.78	88
3371.46	41
3375.13	99
3378.81	99
3382.48	117
3386.14	74
3389.81	90
3393.47	20
3397.12	80
3400.78	97
3404.43	69
3408.08	93
3411.72	82
3415.36	77
3419	102
3422.64	94
3426.27	28
3429.9	75
3433.53	100
3437.15	54
3440.77	46
3444.39	57
3448	109
3451.62	43
3455.22	56
3458.83	95
3462.43	93
3466.03	71
3469.63	90
3473.22	67
3476.81	95
3480.4	86
3483.99	46
3487.57	15
3491.15	77
3494.72	110
3498.29	54
3501.86	51
3505.43	36
3508.99	63
3512.56	97
3516.11	81
3519.67	69
3523.22	72
3526.77	91
3530.32	61
3533.86	90
3537.4	45
3540.94	50
3544.47	88
3548	85
3551.53	42
3555.06	45
3558.58	73
3562.1	35
3565.62	5
3569.13	80
3572.64	108
3576.15	25
3579.66	82
3583.16	54
3586.66	54
3590.16	69
3593.65	48
3597.14	73
3600.63	105
3604.11	109
3607.6	16
3611.08	70
3614.55	38
3618.03	49
3621.5	74
3624.97	102
3628.43	66
3631.9	66
3635.36	75
3638.81	102
3642.27	68
3645.72	65
3649.17	42
3652.61	33
3656.06	70
3659.5	46
3662.93	38
3666.37	36
3669.8	68
3673.23	79
3676.65	59
3680.08	108
3683.5	49
3686.92	8
3690.33	61
3693.74	37
3697.15	61
3700.56	95
3703.96	15
3707.36	66
3710.76	44
3714.16	69
3717.55	74
3720.94	82
3724.33	78
3727.71	7
3731.1	8
3734.48	89
3737.85	50
3741.23	55
3744.6	30
3747.97	86
3751.33	53
3754.69	35
3758.05	85
3761.41	42
3764.77	45
3768.12	30
3771.47	48
3774.82	29
3778.16	-2
3781.5	2
3784.84	1
3788.18	3
