-37534.58	0
-37414.56	11
-37295.11	9
-37176.24	0
-37057.95	-45
-36940.22	-34
-36823.05	12
-36706.45	-19
-36590.4	8
-36474.9	47
-36359.95	17
-36245.55	-52
-36131.68	66
-36018.35	14
-35905.55	-9
-35793.29	41
-35681.54	-14
-35570.32	7
-35459.62	87
-35349.43	82
-35239.75	-8
-35130.58	24
-35021.91	-9
-34913.74	-11
-34806.07	18
-34698.89	66
-34592.2	-29
-34486	8
-34380.28	-4
-34275.04	40
-34170.27	22
-34065.98	-6
-33962.16	10
-33858.81	2
-33755.92	37
-33653.49	54
-33551.52	56
-33450.01	-48
-33348.94	21
-33248.33	-10
-33148.16	49
-33048.43	7
-32949.14	11
-32850.29	52
-32751.87	94
-32653.89	23
-32556.33	-15
-32459.2	-4
-32362.49	12
-32266.19	22
-32170.32	9
-32074.86	48
-31979.82	21
-31885.18	6
-31790.95	68
-31697.12	-19
-31603.69	29
-31510.67	38
-31418.04	27
-31325.8	10
-31233.95	-3
-31142.49	4
-31051.42	-22
-30960.73	-25
-30870.43	93
-30780.5	-7
-30690.95	27
-30601.77	36
-30512.97	-35
-30424.53	-80
-30336.46	-49
-30248.76	23
-30161.42	46
-30074.44	20
-29987.81	-8
-29901.55	-36
-29815.63	34
-29730.07	-17
-29644.86	43
-29560	3
-29475.48	-36
-29391.3	-5
-29307.47	32
-29223.97	33
-29140.81	-17
-29057.99	-11
-28975.5	-18
-28893.34	-38
-28811.51	29
-28730	2
-28648.82	59
-28567.97	36
-28487.43	47
-28407.21	20
-28327.32	49
-28247.73	-83
-28168.46	-51
-28089.5	1
-28010.85	-57
-27932.51	-3
-27854.48	43
-27776.75	-22
-27699.32	16
-27622.19	11
-27545.37	25
-27468.84	-53
-27392.6	23
-27316.66	-29
-27241.01	19
-27165.66	3
-27090.59	65
-27015.81	8
-26941.31	31
-26867.1	-9
-26793.17	-7
-26719.52	0
-26646.15	-8
-26573.06	2
-26500.24	2
-26427.7	17
-26355.43	59
-26283.43	-6
-26211.71	26
-26140.25	38
-26069.06	44
-25998.13	-32
-25927.46	42
-25857.06	27
-25786.92	42
-25717.04	37
-25647.42	36
-25578.05	16
-25508.94	15
-25440.09	27
-25371.48	65
-25303.13	32
-25235.02	-49
-25167.17	22
-25099.56	-70
-25032.19	-24
-24965.07	4
-24898.2	-22
-24831.56	-6
-24765.17	-28
-24699.01	-3
-24633.1	-12
-24567.41	11
-24501.97	46
-24436.75	-24
-24371.77	41
-24307.03	-18
-24242.51	-44
-24178.22	-32
-24114.16	-12
-24050.32	12
-23986.71	-26
-23923.32	23
-23860.16	8
-23797.22	-3
-23734.5	37
-23672	33
-23609.71	-55
-23547.65	1
-23485.8	26
-23424.16	0
-23362.74	13
-23301.53	1
-23240.54	-9
-23179.75	35
-23119.17	-12
-23058.8	-22
-22998.64	-16
-22938.68	12
-22878.93	-13
-22819.39	5
-22760.04	21
-22700.9	-47
-22641.96	-39
-22583.22	-13
-22524.68	33
-22466.33	16
-22408.19	-38
-22350.23	1
-22292.48	39
-22234.92	59
-22177.55	-15
-22120.37	-51
-22063.38	-3
-22006.58	-10
-21949.98	-32
-21893.56	-9
-21837.33	61
-21781.28	13
-21725.42	44
-21669.74	45
-21614.25	48
-21558.94	37
-21503.81	35
-21448.86	-36
-21394.1	-28
-21339.51	3
-21285.1	-7
-21230.86	11
-21176.81	1
-21122.93	-57
-21069.22	21
-21015.69	10
-20962.33	-3
-20909.14	-14
-20856.13	70
-20803.28	-10
-20750.61	24
-20698.1	-23
-20645.76	44
-20593.59	-43
-20541.59	-59
-20489.75	-53
-20438.07	-60
-20386.56	-16
-20335.22	-4
-20284.03	41
-20233.01	-36
-20182.15	25
-20131.45	2
-20080.91	58
-20030.52	-14
-19980.3	16
-19930.23	-14
-19880.32	0
-19830.56	6
-19780.96	25
-19731.52	-18
-19682.23	-13
-19633.09	32
-19584.1	19
-19535.26	-44
-19486.58	26
-19438.04	-8
-19389.66	32
-19341.42	16
-19293.33	0
-19245.39	11
-19197.6	16
-19149.95	24
-19102.45	22
-19055.09	46
-19007.87	46
-18960.8	-26
-18913.87	31
-18867.09	-23
-18820.44	30
-18773.94	18
-18727.57	-68
-18681.35	-53
-18635.26	-20
-18589.31	-46
-18543.5	-3
-18497.83	-43
-18452.29	50
-18406.89	27
-18361.63	-45
-18316.5	2
-18271.5	-19
-18226.63	6
-18181.9	44
-18137.3	41
-18092.84	16
-18048.5	44
-18004.29	-26
-17960.22	20
-17916.27	-11
-17872.45	4
-17828.76	-14
-17785.2	25
-17741.77	-5
-17698.46	3
-17655.28	-40
-17612.22	-19
-17569.29	38
-17526.48	-26
-17483.79	56
-17441.23	-33
-17398.79	-42
-17356.48	5
-17314.28	-29
-17272.21	8
-17230.26	-5
-17188.42	-83
-17146.71	34
-17105.12	-15
-17063.64	45
-17022.28	43
-16981.04	38
-16939.92	-43
-16898.91	24
-16858.02	5
-16817.25	23
-16776.59	-6
-16736.04	19
-16695.61	6
-16655.29	10
-16615.09	-15
-16574.99	-34
-16535.01	-12
-16495.15	-30
-16455.39	-1
-16415.74	5
-16376.21	-17
-16336.78	54
-16297.46	28
-16258.26	-11
-16219.16	38
-16180.17	-20
-16141.28	18
-16102.51	18
-16063.84	31
-16025.27	-20
-15986.82	8
-15948.46	-12
-15910.22	16
-15872.07	-9
-15834.04	4
-15796.1	60
-15758.27	9
-15720.54	20
-15682.91	23
-15645.39	-17
-15607.97	15
-15570.64	2
-15533.42	-29
-15496.3	60
-15459.28	-8
-15422.36	55
-15385.54	26
-15348.82	0
-15312.19	11
-15275.66	9
-15239.23	-30
-15202.9	-8
-15166.67	38
-15130.53	28
-15094.48	39
-15058.54	13
-15022.68	1
-14986.93	-25
-14951.26	-22
-14915.69	11
-14880.22	-24
-14844.84	47
-14809.55	-19
-14774.35	29
-14739.25	-17
-14704.24	10
-14669.32	5
-14634.49	33
-14599.75	34
-14565.1	2
-14530.55	27
-14496.08	-40
-14461.7	4
-14427.41	50
-14393.21	44
-14359.1	4
-14325.07	-7
-14291.14	15
-14257.29	-30
-14223.52	15
-14189.85	-29
-14156.26	-5
-14122.76	37
-14089.34	8
-14056.01	-15
-14022.76	54
-13989.6	-51
-13956.52	1
-13923.53	-5
-13890.62	16
-13857.79	-10
-13825.05	31
-13792.39	-12
-13759.81	-7
-13727.31	-25
-13694.9	54
-13662.57	4
-13630.31	-51
-13598.14	-31
-13566.05	32
-13534.05	3
-13502.12	0
-13470.27	33
-13438.5	-30
-13406.8	14
-13375.19	13
-13343.66	22
-13312.2	39
-13280.83	23
-13249.53	19
-13218.3	16
-13187.16	46
-13156.09	-4
-13125.1	-19
-13094.18	-3
-13063.34	-12
-13032.58	42
-13001.89	14
-12971.28	16
-12940.74	-3
-12910.27	16
-12879.88	27
-12849.57	-25
-12819.33	22
-12789.16	60
-12759.06	-37
-12729.04	41
-12699.09	-21
-12669.21	4
-12639.41	24
-12609.68	83
-12580.02	22
-12550.43	5
-12520.91	49
-12491.46	-1
-12462.08	-1
-12432.77	4
-12403.54	19
-12374.37	57
-12345.27	-58
-12316.24	4
-12287.29	-24
-12258.4	-6
-12229.57	-13
-12200.82	5
-12172.14	37
-12143.52	5
-12114.97	-23
-12086.49	45
-12058.07	12
-12029.73	26
-12001.44	54
-11973.23	-23
-11945.08	23
-11917	-7
-11888.98	-22
-11861.03	46
-11833.15	28
-11805.32	-1
-11777.57	-10
-11749.88	-4
-11722.25	23
-11694.69	-31
-11667.19	7
-11639.75	27
-11612.38	38
-11585.07	20
-11557.83	-52
-11530.65	-12
-11503.53	-12
-11476.47	13
-11449.48	25
-11422.54	8
-11395.67	68
-11368.86	-39
-11342.11	33
-11315.43	-13
-11288.8	5
-11262.23	18
-11235.73	66
-11209.28	-30
-11182.9	16
-11156.57	4
-11130.31	44
-11104.1	-16
-11077.96	-1
-11051.87	36
-11025.84	49
-10999.87	9
-10973.96	11
-10948.11	2
-10922.31	-43
-10896.58	44
-10870.9	57
-10845.28	-25
-10819.71	21
-10794.2	31
-10768.75	10
-10743.36	30
-10718.02	-25
-10692.74	40
-10667.52	-11
-10642.35	3
-10617.24	-5
-10592.18	60
-10567.18	26
-10542.23	24
-10517.34	44
-10492.51	15
-10467.72	19
-10443	-53
-10418.32	4
-10393.7	17
-10369.14	-16
-10344.63	-21
-10320.17	31
-10295.77	-8
-10271.42	-17
-10247.12	63
-10222.88	-35
-10198.68	105
-10174.54	-4
-10150.46	2
-10126.42	-10
-10102.44	-30
-10078.51	12
-10054.63	-28
-10030.8	-7
-10007.03	35
-9983.3	-23
-9959.63	28
-9936.01	0
-9912.44	9
-9888.92	50
-9865.44	5
-9842.02	17
-9818.65	-27
-9795.33	0
-9772.06	-31
-9748.84	50
-9725.67	12
-9702.55	-27
-9679.47	-42
-9656.45	30
-9633.47	-40
-9610.55	-51
-9587.67	65
-9564.84	46
-9542.06	17
-9519.32	14
-9496.64	-91
-9474	-8
-9451.41	75
-9428.87	3
-9406.37	-15
-9383.92	-13
-9361.52	25
-9339.17	-33
-9316.86	21
-9294.6	39
-9272.38	50
-9250.21	-111
-9228.09	-39
-9206.01	7
-9183.98	-24
-9162	20
-9140.06	-25
-9118.16	27
-9096.31	11
-9074.51	83
-9052.75	-40
-9031.04	-82
-9009.37	51
-8987.74	80
-8966.16	-30
-8944.63	9
-8923.14	71
-8901.69	49
-8880.29	74
-8858.93	16
-8837.61	54
-8816.34	-59
-8795.11	-2
-8773.92	8
-8752.78	62
-8731.68	11
-8710.62	-35
-8689.61	54
-8668.63	11
-8647.7	60
-8626.82	-6
-8605.97	-54
-8585.17	-26
-8564.41	5
-8543.69	-15
-8523.01	43
-8502.37	7
-8481.78	2
-8461.23	-25
-8440.71	-4
-8420.24	-21
-8399.81	-25
-8379.42	-18
-8359.08	-6
-8338.77	8
-8318.5	-47
-8298.27	29
-8278.09	33
-8257.94	-37
-8237.83	21
-8217.76	-70
-8197.74	-70
-8177.75	4
-8157.8	-35
-8137.89	33
-8118.02	-28
-8098.19	20
-8078.4	72
-8058.65	26
-8038.93	-24
-8019.26	-51
-7999.62	-29
-7980.02	4
-7960.46	-50
-7940.94	23
-7921.46	43
-7902.01	-13
-7882.6	-42
-7863.23	-74
-7843.9	-2
-7824.61	61
-7805.35	39
-7786.13	-33
-7766.95	-32
-7747.8	31
-7728.69	66
-7709.62	-39
-7690.59	-29
-7671.59	-21
-7652.63	5
-7633.7	-10
-7614.81	-35
-7595.96	10
-7577.15	-17
-7558.37	-11
-7539.62	1
-7520.91	18
-7502.24	-22
-7483.6	-95
-7465	80
-7446.44	10
-7427.91	-22
-7409.41	8
-7390.95	-20
-7372.53	55
-7354.14	10
-7335.78	43
-7317.46	-38
-7299.18	2
-7280.92	-29
-7262.71	35
-7244.52	45
-7226.38	-14
-7208.26	-1
-7190.18	-21
-7172.14	-31
-7154.12	-29
-7136.15	5
-7118.2	-63
-7100.29	-5
-7082.41	37
-7064.57	-61
-7046.76	64
-7028.98	-36
-7011.24	39
-6993.53	2
-6975.85	51
-6958.2	-7
-6940.59	35
-6923.01	11
-6905.46	-12
-6887.94	-39
-6870.46	-40
-6853.01	53
-6835.59	-18
-6818.21	28
-6800.85	41
-6783.53	-38
-6766.24	-38
-6748.98	21
-6731.76	54
-6714.56	38
-6697.4	-29
-6680.26	48
-6663.16	-33
-6646.09	53
-6629.05	29
-6612.05	-18
-6595.07	36
-6578.13	-57
-6561.21	-36
-6544.33	-16
-6527.47	-26
-6510.65	-60
-6493.86	52
-6477.1	18
-6460.36	-4
-6443.66	-25
-6426.99	3
-6410.35	23
-6393.74	57
-6377.16	6
-6360.61	-15
-6344.09	-51
-6327.59	-17
-6311.13	41
-6294.7	13
-6278.29	78
-6261.92	41
-6245.58	1
-6229.26	48
-6212.97	37
-6196.72	-25
-6180.49	63
-6164.29	-41
-6148.12	13
-6131.98	19
-6115.86	14
-6099.78	73
-6083.72	82
-6067.69	14
-6051.69	24
-6035.72	-8
-6019.78	36
-6003.87	23
-5987.98	50
-5972.12	29
-5956.29	27
-5940.49	51
-5924.71	-41
-5908.96	-9
-5893.24	45
-5877.55	60
-5861.89	19
-5846.25	10
-5830.64	2
-5815.05	-38
-5799.5	50
-5783.97	54
-5768.47	-26
-5752.99	-27
-5737.55	-97
-5722.12	28
-5706.73	-24
-5691.36	11
-5676.02	34
-5660.71	-9
-5645.42	8
-5630.16	46
-5614.92	-37
-5599.71	-73
-5584.53	-18
-5569.37	23
-5554.24	-222
-5539.14	27
-5524.06	-34
-5509.01	55
-5493.98	49
-5478.98	2
-5464	-21
-5449.05	11
-5434.13	27
-5419.23	-21
-5404.36	17
-5389.51	11
-5374.69	45
-5359.89	23
-5345.12	13
-5330.37	41
-5315.65	54
-5300.95	-24
-5286.28	71
-5271.63	59
-5257.01	0
-5242.41	-6
-5227.84	16
-5213.29	12
-5198.76	34
-5184.26	71
-5169.79	53
-5155.33	0
-5140.91	72
-5126.51	10
-5112.13	18
-5097.77	23
-5083.44	51
-5069.13	1
-5054.85	19
-5040.59	37
-5026.36	36
-5012.15	10
-4997.96	52
-4983.8	71
-4969.66	19
-4955.54	-16
-4941.44	1
-4927.37	-30
-4913.33	-16
-4899.3	3
-4885.3	2
-4871.33	17
-4857.37	-62
-4843.44	-8
-4829.53	48
-4815.65	52
-4801.79	11
-4787.95	-22
-4774.13	39
-4760.34	-28
-4746.56	53
-4732.82	-21
-4719.09	-29
-4705.38	63
-4691.7	4
-4678.04	-12
-4664.41	31
-4650.79	-1
-4637.2	0
-4623.63	-25
-4610.08	2
-4596.56	24
-4583.05	-12
-4569.57	-34
-4556.11	-15
-4542.67	10
-4529.25	5
-4515.86	32
-4502.49	-30
-4489.13	9
-4475.8	42
-4462.49	24
-4449.21	-10
-4435.94	44
-4422.7	56
-4409.47	24
-4396.27	43
-4383.09	-5
-4369.93	27
-4356.79	4
-4343.67	21
-4330.58	0
-4317.5	-2
-4304.45	7
-4291.41	11
-4278.4	-18
-4265.41	-15
-4252.44	-35
-4239.49	1
-4226.55	19
-4213.65	-6
-4200.76	-25
-4187.89	44
-4175.04	5
-4162.21	6
-4149.4	27
-4136.61	-33
-4123.85	-33
-4111.1	-20
-4098.37	63
-4085.66	4
-4072.98	-54
-4060.31	16
-4047.66	-9
-4035.04	-15
-4022.43	-4
-4009.84	-46
-3997.27	17
-3984.72	11
-3972.19	-31
-3959.69	-24
-3947.2	6
-3934.73	-17
-3922.27	39
-3909.84	36
-3897.43	47
-3885.04	-23
-3872.67	-1
-3860.31	13
-3847.98	-17
-3835.66	46
-3823.36	8
-3811.09	-2
-3798.83	24
-3786.59	6
-3774.37	-17
-3762.17	-21
-3749.98	51
-3737.82	-25
-3725.67	-5
-3713.55	8
-3701.44	47
-3689.35	33
-3677.28	6
-3665.22	-14
-3653.19	-56
-3641.17	15
-3629.18	60
-3617.2	45
-3605.24	18
-3593.3	75
-3581.37	-7
-3569.47	-4
-3557.58	2
-3545.71	26
-3533.86	54
-3522.02	44
-3510.21	5
-3498.41	3
-3486.63	35
-3474.87	34
-3463.12	38
-3451.4	-2
-3439.69	6
-3428	-32
-3416.33	-39
-3404.67	5
-3393.03	27
-3381.41	-3
-3369.81	-5
-3358.22	-21
-3346.66	32
-3335.1	-16
-3323.57	71
-3312.06	29
-3300.56	89
-3289.08	-63
-3277.61	8
-3266.16	-19
-3254.73	-29
-3243.32	26
-3231.92	31
-3220.55	43
-3209.18	59
-3197.84	10
-3186.51	17
-3175.2	13
-3163.9	-21
-3152.63	25
-3141.36	-63
-3130.12	39
-3118.89	28
-3107.68	32
-3096.49	-9
-3085.31	-21
-3074.15	36
-3063	-4
-3051.87	50
-3040.76	-16
-3029.67	0
-3018.59	-28
-3007.52	21
-2996.48	74
-2985.44	-42
-2974.43	-53
-2963.43	4
-2952.45	2
-2941.48	-23
-2930.53	17
-2919.6	-26
-2908.68	34
-2897.78	-19
-2886.89	3
-2876.02	-36
-2865.17	25
-2854.33	31
-2843.5	-24
-2832.7	47
-2821.9	30
-2811.13	6
-2800.37	-8
-2789.62	13
-2778.89	-19
-2768.18	19
-2757.48	-32
-2746.8	28
-2736.13	-9
-2725.48	-50
-2714.84	-7
-2704.22	35
-2693.61	39
-2683.02	33
-2672.45	37
-2661.89	-48
-2651.34	-16
-2640.81	52
-2630.3	-42
-2619.8	-20
-2609.31	4
-2598.84	58
-2588.39	6
-2577.95	24
-2567.52	-55
-2557.11	62
-2546.71	8
-2536.33	49
-2525.97	28
-2515.62	19
-2505.28	-38
-2494.96	33
-2484.65	8
-2474.36	-60
-2464.08	-5
-2453.82	72
-2443.57	13
-2433.33	4
-2423.11	-19
-2412.91	-19
-2402.72	-21
-2392.54	18
-2382.38	8
-2372.23	-14
-2362.09	-7
-2351.97	11
-2341.87	27
-2331.78	10
-2321.7	1
-2311.64	8
-2301.59	-15
-2291.55	-27
-2281.53	5
-2271.53	31
-2261.53	-12
-2251.55	22
-2241.59	-31
-2231.64	76
-2221.7	-11
-2211.78	-2
-2201.87	14
-2191.97	-7
-2182.09	-5
-2172.22	25
-2162.37	9
-2152.53	83
-2142.7	-7
-2132.89	15
-2123.09	-22
-2113.3	20
-2103.53	-18
-2093.77	5
-2084.02	-2
-2074.29	21
-2064.57	-53
-2054.86	44
-2045.17	68
-2035.49	-18
-2025.82	-40
-2016.17	38
-2006.53	27
-1996.91	30
-1987.29	12
-1977.69	-10
-1968.11	-23
-1958.53	-37
-1948.97	-8
-1939.42	50
-1929.89	-68
-1920.37	22
-1910.86	-1
-1901.36	35
-1891.88	27
-1882.41	14
-1872.95	-30
-1863.51	-24
-1854.08	31
-1844.66	-41
-1835.26	6
-1825.86	49
-1816.48	8
-1807.11	-27
-1797.76	-15
-1788.42	-1
-1779.09	1
-1769.77	-41
-1760.47	38
-1751.17	46
-1741.89	-10
-1732.63	13
-1723.37	-38
-1714.13	-27
-1704.9	11
-1695.68	29
-1686.48	-15
-1677.29	49
-1668.11	24
-1658.94	-25
-1649.78	-29
-1640.64	3
-1631.51	-25
-1622.39	-9
-1613.28	52
-1604.19	-7
-1595.1	4
-1586.03	11
-1576.97	8
-1567.93	24
-1558.89	-9
-1549.87	-45
-1540.86	-23
-1531.86	-63
-1522.87	26
-1513.9	21
-1504.93	-49
-1495.98	-1
-1487.04	3
-1478.12	-1
-1469.2	13
-1460.3	1
-1451.4	31
-1442.52	-29
-1433.65	-20
-1424.8	1
-1415.95	22
-1407.12	13
-1398.3	30
-1389.48	19
-1380.69	13
-1371.9	25
-1363.12	19
-1354.36	-39
-1345.6	-27
-1336.86	3
-1328.13	6
-1319.41	15
-1310.7	-25
-1302.01	41
-1293.32	55
-1284.65	-4
-1275.99	-12
-1267.33	-43
-1258.69	23
-1250.06	-39
-1241.45	7
-1232.84	9
-1224.25	11
-1215.66	43
-1207.09	-15
-1198.53	-12
-1189.97	46
-1181.43	31
-1172.91	25
-1164.39	7
-1155.88	7
-1147.38	10
-1138.9	6
-1130.43	27
-1121.96	-20
-1113.51	40
-1105.07	-18
-1096.64	8
-1088.22	56
-1079.81	-44
-1071.41	-15
-1063.02	3
-1054.65	-18
-1046.28	-3
-1037.92	0
-1029.58	40
-1021.24	10
-1012.92	43
-1004.61	86
-996.3	10
-988.01	-14
-979.73	30
-971.46	-12
-963.2	-1
-954.95	21
-946.71	17
-938.48	-13
-930.26	26
-922.06	-3
-913.86	-24
-905.67	-29
-897.49	8
-889.33	7
-881.17	16
-873.02	-31
-864.89	-10
-856.76	-40
-848.65	28
-840.54	-19
-832.45	12
-824.36	-35
-816.29	36
-808.22	24
-800.17	74
-792.12	1
-784.09	7
-776.06	-16
-768.05	43
-760.04	-4
-752.05	44
-744.07	-32
-736.09	42
-728.13	-24
-720.17	87
-712.23	36
-704.29	39
-696.37	-7
-688.45	24
-680.55	37
-672.65	26
-664.77	-25
-656.89	-35
-649.03	-5
-641.17	3
-633.32	23
-625.49	98
-617.66	-38
-609.84	29
-602.03	11
-594.23	-28
-586.45	-25
-578.67	25
-570.9	27
-563.14	6
-555.39	30
-547.65	58
-539.91	-23
-532.19	79
-524.48	-27
-516.78	2
-509.08	-7
-501.4	-7
-493.72	24
-486.06	-40
-478.4	10
-470.76	16
-463.12	-24
-455.49	9
-447.87	-6
-440.26	37
-432.66	42
-425.07	5
-417.49	43
-409.92	48
-402.35	7
-394.8	25
-387.25	28
-379.72	-35
-372.19	12
-364.67	14
-357.17	-17
-349.67	31
-342.18	-3
-334.69	71
-327.22	44
-319.76	-38
-312.3	16
-304.86	5
-297.42	22
-290	12
-282.58	53
-275.17	74
-267.77	24
-260.37	7
-252.99	-5
-245.62	26
-238.25	1
-230.9	75
-223.55	-14
-216.21	13
-208.88	122
-201.56	147
-194.25	102
-186.94	79
-179.65	49
-172.36	21
-165.08	94
-157.81	117
-150.55	111
-143.3	176
-136.06	186
-128.82	150
-121.6	178
-114.38	165
-107.17	192
-99.97	229
-92.78	284
-85.6	301
-78.42	394
-71.25	424
-64.1	434
-56.95	549
-49.81	656
-42.67	799
-35.55	1041
-28.43	1335
-21.33	2172
-14.23	7802
-7.14	48218
-0.05	59908
7.02	59832
14.09	25774
21.14	5972
28.19	2497
35.23	1718
42.27	1170
49.29	1155
56.31	884
63.32	776
70.32	593
77.31	594
84.29	473
91.27	432
98.23	366
105.19	298
112.14	317
119.09	512
126.02	733
132.95	787
139.87	745
146.78	744
153.68	701
160.58	742
167.46	649
174.34	637
181.21	688
188.08	646
194.93	630
201.78	659
208.62	649
215.45	648
222.27	624
229.09	655
235.9	587
242.7	516
249.49	597
256.27	555
263.05	517
269.82	539
276.58	576
283.33	549
290.08	562
296.82	560
303.55	499
310.27	546
316.98	505
323.69	549
330.39	448
337.08	492
343.76	484
350.44	466
357.11	490
363.77	482
370.42	439
377.07	429
383.71	431
390.34	461
396.96	453
403.58	400
410.19	403
416.79	470
423.38	462
429.97	405
436.55	465
443.12	424
449.68	420
456.24	406
462.79	454
469.33	378
475.86	401
482.39	419
488.91	394
495.42	344
501.93	362
508.42	358
514.91	358
521.4	364
527.87	413
534.34	380
540.8	407
547.25	369
553.7	409
560.14	368
566.57	375
573	303
579.41	358
585.83	311
592.23	359
598.62	358
605.01	387
611.4	294
617.77	335
624.14	381
630.5	363
636.85	309
643.2	322
649.54	309
655.87	298
662.2	309
668.52	308
674.83	346
681.13	276
687.43	346
693.72	378
700	321
706.28	329
712.55	291
718.81	314
725.07	348
731.32	307
737.56	352
743.79	285
750.02	390
756.24	394
762.46	273
768.67	353
774.87	291
781.06	304
787.25	287
793.43	362
799.6	365
805.77	340
811.93	335
818.08	345
824.23	283
830.37	305
836.5	374
842.63	384
848.75	308
854.87	331
860.97	272
867.07	349
873.17	307
879.25	385
885.33	334
891.41	321
897.47	326
903.53	350
909.59	318
915.63	328
921.67	305
927.71	316
933.74	322
939.76	278
945.77	248
951.78	303
957.78	318
963.78	253
969.77	314
975.75	274
981.72	332
987.69	233
993.66	292
999.61	301
1005.56	289
1011.51	317
1017.44	303
1023.37	281
1029.3	306
1035.22	303
1041.13	291
1047.03	284
1052.93	479
1058.83	676
1064.71	728
1070.59	565
1076.47	367
1082.33	452
1088.2	372
1094.05	363
1099.9	327
1105.74	319
1111.58	331
1117.41	371
1123.23	560
1129.05	710
1134.86	628
1140.67	429
1146.47	397
1152.26	318
1158.05	293
1163.83	322
1169.6	253
1175.37	352
1181.13	211
1186.89	263
1192.64	321
1198.38	293
1204.12	303
1209.85	224
1215.58	317
1221.3	313
1227.02	271
1232.72	297
1238.43	329
1244.12	300
1249.81	274
1255.5	300
1261.17	298
1266.85	302
1272.51	322
1278.17	379
1283.83	424
1289.47	734
1295.12	926
1300.75	789
1306.38	561
1312.01	456
1317.63	393
1323.24	357
1328.85	347
1334.45	286
1340.04	361
1345.63	381
1351.22	323
1356.8	338
1362.37	353
1367.93	378
1373.49	453
1379.05	331
1384.6	344
1390.14	354
1395.68	364
1401.21	344
1406.74	445
1412.26	481
1417.77	549
1423.28	615
1428.78	632
1434.28	894
1439.77	866
1445.26	921
1450.74	796
1456.22	763
1461.68	723
1467.15	758
1472.61	539
1478.06	537
1483.51	433
1488.95	370
1494.38	349
1499.81	282
1505.24	284
1510.65	299
1516.07	307
1521.48	273
1526.88	207
1532.27	293
1537.67	303
1543.05	227
1548.43	269
1553.81	322
1559.18	211
1564.54	258
1569.9	322
1575.25	241
1580.6	249
1585.94	200
1591.28	268
1596.61	258
1601.93	223
1607.25	242
1612.57	184
1617.88	240
1623.18	230
1628.48	194
1633.77	206
1639.06	266
1644.34	231
1649.62	266
1654.89	220
1660.16	254
1665.42	164
1670.67	190
1675.92	205
1681.17	169
1686.41	261
1691.64	197
1696.87	234
1702.1	180
1707.32	235
1712.53	261
1717.74	241
1722.94	174
1728.14	169
1733.33	186
1738.52	198
1743.7	152
1748.88	205
1754.05	211
1759.22	137
1764.38	541
1769.53	174
1774.69	153
1779.83	185
1784.97	168
1790.11	122
1795.24	193
1800.36	109
1805.48	148
1810.6	200
1815.71	142
1820.82	162
1825.92	156
1831.01	132
1836.1	147
1841.19	168
1846.26	121
1851.34	113
1856.41	186
1861.47	160
1866.53	153
1871.59	160
1876.64	170
1881.68	180
1886.72	119
1891.76	181
1896.79	18
1901.81	116
1906.83	180
1911.85	141
1916.86	142
1921.86	97
1926.86	158
1931.86	172
1936.85	149
1941.83	113
1946.81	151
1951.79	151
1956.76	149
1961.72	132
1966.68	112
1971.64	106
1976.59	117
1981.54	142
1986.48	97
1991.42	122
1996.35	110
2001.27	102
2006.2	120
2011.11	142
2016.03	77
2020.93	77
2025.84	150
2030.73	72
2035.63	95
2040.52	156
2045.4	91
2050.28	176
2055.15	112
2060.02	106
2064.89	107
2069.75	148
2074.6	108
2079.46	106
2084.3	139
2089.14	66
2093.98	118
2098.81	73
2103.64	80
2108.46	89
2113.28	90
2118.09	133
2122.9	83
2127.7	71
2132.5	125
2137.3	92
2142.09	50
2146.87	114
2151.66	95
2156.43	115
2161.2	126
2165.97	30
2170.73	96
2175.49	105
2180.24	79
2184.99	163
2189.74	108
2194.48	104
2199.21	69
2203.94	72
2208.67	101
2213.39	114
2218.11	13
2222.82	88
2227.53	94
2232.23	135
2236.93	51
2241.63	43
2246.32	44
2251	49
2255.68	170
2260.36	65
2265.03	122
2269.7	58
2274.36	94
2279.02	88
2283.68	87
2288.33	126
2292.97	100
2297.61	51
2302.25	115
2306.88	72
2311.51	84
2316.14	70
2320.75	42
2325.37	61
2329.98	44
2334.59	103
2339.19	96
2343.79	71
2348.38	56
2352.97	49
2357.55	99
2362.13	76
2366.71	51
2371.28	118
2375.85	50
2380.41	29
2384.97	20
2389.52	78
2394.07	32
2398.62	93
2403.16	-8
2407.7	71
2412.23	91
2416.76	46
2421.29	59
2425.81	91
2430.32	31
2434.84	86
2439.34	122
2443.85	25
2448.35	60
2452.84	24
2457.33	120
2461.82	80
2466.3	52
2470.78	76
2475.25	102
2479.72	8
2484.19	94
2488.65	58
2493.11	78
2497.56	35
2502.01	93
2506.46	109
2510.9	95
2515.34	76
2519.77	107
2524.2	57
2528.62	68
2533.04	85
2537.46	50
2541.87	18
2546.28	109
2550.68	110
2555.08	51
2559.48	66
2563.87	29
2568.26	82
2572.64	64
2577.02	-7
2581.4	90
2585.77	76
2590.14	89
2594.5	99
2598.86	82
2603.22	77
2607.57	36
2611.92	89
2616.26	76
2620.6	82
2624.94	114
2629.27	82
2633.6	49
2637.92	99
2642.24	103
2646.56	122
2650.87	134
2655.18	33
2659.48	118
2663.78	106
2668.08	131
2672.37	70
2676.66	86
2680.95	36
2685.23	68
2689.5	95
2693.78	77
2698.05	102
2702.31	39
2706.57	94
2710.83	108
2715.08	122
2719.33	198
2723.58	98
2727.82	142
2732.06	103
2736.29	121
2740.53	113
2744.75	130
2748.97	101
2753.19	130
2757.41	52
2761.62	130
2765.83	127
2770.03	91
2774.23	77
2778.43	123
2782.62	122
2786.81	109
2791	93
2795.18	124
2799.35	95
2803.53	107
2807.7	132
2811.86	135
2816.03	188
2820.19	151
2824.34	228
2828.49	203
2832.64	267
2836.78	369
2840.92	481
2845.06	558
2849.19	661
2853.32	664
2857.45	657
2861.57	672
2865.69	632
2869.8	600
2873.91	729
2878.02	700
2882.12	807
2886.22	788
2890.32	706
2894.41	680
2898.5	615
2902.58	569
2906.67	513
2910.74	442
2914.82	413
2918.89	393
2922.96	341
2927.02	346
2931.08	309
2935.13	277
2939.19	250
2943.24	216
2947.28	202
2951.32	220
2955.36	120
2959.4	165
2963.43	170
2967.46	175
2971.48	123
2975.5	85
2979.52	88
2983.53	92
2987.54	33
2991.55	77
2995.55	50
2999.55	32
3003.54	112
3007.54	76
3011.53	22
3015.51	70
3019.49	88
3023.47	58
3027.45	61
3031.42	-13
3035.39	44
3039.35	18
3043.31	69
3047.27	80
3051.22	-4
3055.17	43
3059.12	-1
3063.06	55
3067	75
3070.94	-7
3074.87	48
3078.8	7
3082.73	57
3086.65	12
3090.57	41
3094.49	50
3098.4	47
3102.31	49
3106.22	-1
3110.12	48
3114.02	42
3117.92	-7
3121.81	-2
3125.7	55
3129.58	26
3133.47	-15
3137.34	50
3141.22	27
3145.09	3
3148.96	-7
3152.83	27
3156.69	40
3160.55	30
3164.4	45
3168.26	68
3172.1	-18
3175.95	78
3179.79	-6
3183.63	60
3187.47	21
3191.3	-44
3195.13	94
3198.95	15
3202.78	95
3206.6	45
3210.41	30
3214.23	28
3218.03	41
3221.84	2
3225.64	48
3229.44	-2
3233.24	31
3237.03	16
3240.82	3
3244.61	30
3248.39	51
3252.17	-3
3255.95	70
3259.72	33
3263.49	50
3267.26	58
3271.03	60
3274.79	33
3278.54	42
3282.3	27
3286.05	100
3289.8	-14
3293.54	28
3297.29	47
3301.02	17
3304.76	30
3308.49	-19
3312.22	26
3315.95	17
3319.67	29
3323.39	-25
3327.1	35
3330.82	53
3334.53	50
3338.24	37
3341.94	31
3345.64	49
3349.34	16
3353.03	0
3356.72	55
3360.41	-17
3364.1	17
3367.78	26
3371.46	47
3375.13	-41
3378.81	19
3382.48	15
3386.14	63
3389.81	14
3393.47	71
3397.12	2
3400.78	33
3404.43	38
3408.08	6
3411.72	11
3415.36	57
3419	-11
3422.64	3
3426.27	-17
3429.9	27
3433.53	45
3437.15	28
3440.77	-27
3444.39	0
3448	12
3451.62	-12
3455.22	-4
3458.83	29
3462.43	3
3466.03	82
3469.63	-24
3473.22	105
3476.81	-7
3480.4	52
3483.99	-45
3487.57	-16
3491.15	-15
3494.72	12
3498.29	30
3501.86	54
3505.43	14
3508.99	-50
3512.56	97
3516.11	6
3519.67	14
3523.22	27
3526.77	-21
3530.32	-29
3533.86	-41
3537.4	35
3540.94	19
3544.47	68
3548	23
3551.53	73
3555.06	16
3558.58	61
3562.1	40
3565.62	26
3569.13	47
3572.64	50
3576.15	16
3579.66	36
3583.16	42
3586.66	-52
3590.16	52
3593.65	-4
3597.14	-6
3600.63	-31
3604.11	32
3607.6	19
3611.08	38
3614.55	29
3618.03	-28
3621.5	16
3624.97	56
3628.43	-22
3631.9	7
3635.36	-19
3638.81	18
3642.27	0
3645.72	-9
3649.17	-31
3652.61	19
3656.06	19
3659.5	27
3662.93	21
3666.37	13
3669.8	70
3673.23	54
3676.65	36
3680.08	-8
3683.5	10
3686.92	18
3690.33	53
3693.74	-41
3697.15	34
3700.56	-16
3703.96	-4
3707.36	0
3710.76	16
3714.16	-16
3717.55	-5
3720.94	-7
3724.33	28
3727.71	48
3731.1	-2
3734.48	4
3737.85	7
3741.23	12
3744.6	-21
3747.97	38
3751.33	-15
3754.69	-30
3758.05	9
3761.41	-7
3764.77	1
3768.12	23
3771.47	-46
3774.82	25
3778.16	3
3781.5	2
3784.84	-2
3788.18	0
