-37534,58	-5,00
-37414,56	2,00
-37295,11	-3,00
-37176,24	0,00
-37057,95	-181,00
-36940,22	-146,00
-36823,05	-209,00
-36706,45	-270,00
-36590,40	-221,00
-36474,90	-291,00
-36359,95	-381,00
-36245,55	-152,00
-36131,68	-446,00
-36018,35	-355,00
-35905,55	-260,00
-35793,29	-248,00
-35681,54	-322,00
-35570,32	-284,00
-35459,62	-225,00
-35349,43	-167,00
-35239,75	-262,00
-35130,58	-357,00
-35021,91	-207,00
-34913,74	-341,00
-34806,07	-104,00
-34698,89	-407,00
-34592,20	-291,00
-34486,00	-76,00
-34380,28	-388,00
-34275,04	-172,00
-34170,27	-249,00
-34065,98	-128,00
-33962,16	-492,00
-33858,81	-242,00
-33755,92	-257,00
-33653,49	-466,00
-33551,52	-343,00
-33450,01	-316,00
-33348,94	-195,00
-33248,33	-338,00
-33148,16	-429,00
-33048,43	-260,00
-32949,14	-180,00
-32850,29	-382,00
-32751,87	-337,00
-32653,89	-337,00
-32556,33	-375,00
-32459,20	-399,00
-32362,49	-577,00
-32266,19	-312,00
-32170,32	-441,00
-32074,86	-304,00
-31979,82	-326,00
-31885,18	-230,00
-31790,95	-304,00
-31697,12	-424,00
-31603,69	-403,00
-31510,67	-298,00
-31418,04	-190,00
-31325,80	-468,00
-31233,95	-383,00
-31142,49	-248,00
-31051,42	-350,00
-30960,73	-268,00
-30870,43	-231,00
-30780,50	-208,00
-30690,95	-238,00
-30601,77	-395,00
-30512,97	-349,00
-30424,53	-464,00
-30336,46	-318,00
-30248,76	-201,00
-30161,42	-341,00
-30074,44	-252,00
-29987,81	-336,00
-29901,55	-244,00
-29815,63	-327,00
-29730,07	-243,00
-29644,86	-206,00
-29560,00	-357,00
-29475,48	-219,00
-29391,30	-276,00
-29307,47	-275,00
-29223,97	-307,00
-29140,81	-399,00
-29057,99	-251,00
-28975,50	-341,00
-28893,34	-372,00
-28811,51	-380,00
-28730,00	-240,00
-28648,82	-427,00
-28567,97	-370,00
-28487,43	-381,00
-28407,21	-285,00
-28327,32	-421,00
-28247,73	-389,00
-28168,46	-106,00
-28089,50	-454,00
-28010,85	-251,00
-27932,51	-262,00
-27854,48	-181,00
-27776,75	-242,00
-27699,32	-312,00
-27622,19	-373,00
-27545,37	-324,00
-27468,84	-240,00
-27392,60	-404,00
-27316,66	-278,00
-27241,01	-253,00
-27165,66	-295,00
-27090,59	-250,00
-27015,81	-401,00
-26941,31	-303,00
-26867,10	-233,00
-26793,17	-230,00
-26719,52	-365,00
-26646,15	-294,00
-26573,06	-306,00
-26500,24	-200,00
-26427,70	-244,00
-26355,43	-293,00
-26283,43	-98,00
-26211,71	-329,00
-26140,25	-297,00
-26069,06	-517,00
-25998,13	-120,00
-25927,46	-239,00
-25857,06	-347,00
-25786,92	-226,00
-25717,04	-231,00
-25647,42	-399,00
-25578,05	-291,00
-25508,94	-462,00
-25440,09	-305,00
-25371,48	-258,00
-25303,13	-285,00
-25235,02	-247,00
-25167,17	-385,00
-25099,56	-285,00
-25032,19	-159,00
-24965,07	-163,00
-24898,20	-209,00
-24831,56	-155,00
-24765,17	-374,00
-24699,01	-159,00
-24633,10	-401,00
-24567,41	-181,00
-24501,97	-105,00
-24436,75	-219,00
-24371,77	-330,00
-24307,03	-402,00
-24242,51	-279,00
-24178,22	-354,00
-24114,16	-383,00
-24050,32	-297,00
-23986,71	-326,00
-23923,32	-313,00
-23860,16	-377,00
-23797,22	-244,00
-23734,50	-316,00
-23672,00	-354,00
-23609,71	-142,00
-23547,65	-301,00
-23485,80	-540,00
-23424,16	-309,00
-23362,74	-305,00
-23301,53	-175,00
-23240,54	-303,00
-23179,75	-390,00
-23119,17	-298,00
-23058,80	-308,00
-22998,64	-349,00
-22938,68	-268,00
-22878,93	-256,00
-22819,39	-387,00
-22760,04	-190,00
-22700,90	-321,00
-22641,96	-241,00
-22583,22	-161,00
-22524,68	-306,00
-22466,33	-192,00
-22408,19	-252,00
-22350,23	-303,00
-22292,48	-528,00
-22234,92	-256,00
-22177,55	-422,00
-22120,37	-312,00
-22063,38	-258,00
-22006,58	-419,00
-21949,98	-158,00
-21893,56	-267,00
-21837,33	-263,00
-21781,28	-341,00
-21725,42	-209,00
-21669,74	-265,00
-21614,25	-195,00
-21558,94	-480,00
-21503,81	-331,00
-21448,86	-345,00
-21394,10	-321,00
-21339,51	-418,00
-21285,10	-363,00
-21230,86	-308,00
-21176,81	-201,00
-21122,93	-254,00
-21069,22	-200,00
-21015,69	-132,00
-20962,33	-244,00
-20909,14	-246,00
-20856,13	-172,00
-20803,28	-217,00
-20750,61	-196,00
-20698,10	-306,00
-20645,76	-365,00
-20593,59	-231,00
-20541,59	-309,00
-20489,75	-235,00
-20438,07	-341,00
-20386,56	-357,00
-20335,22	-370,00
-20284,03	-229,00
-20233,01	-232,00
-20182,15	-419,00
-20131,45	-276,00
-20080,91	-104,00
-20030,52	-181,00
-19980,30	-329,00
-19930,23	-312,00
-19880,32	-345,00
-19830,56	-308,00
-19780,96	-262,00
-19731,52	-207,00
-19682,23	-450,00
-19633,09	-363,00
-19584,10	-148,00
-19535,26	-143,00
-19486,58	-426,00
-19438,04	-380,00
-19389,66	-381,00
-19341,42	-255,00
-19293,33	-258,00
-19245,39	-191,00
-19197,60	-411,00
-19149,95	-353,00
-19102,45	-233,00
-19055,09	-473,00
-19007,87	-338,00
-18960,80	-258,00
-18913,87	-209,00
-18867,09	-214,00
-18820,44	-292,00
-18773,94	-233,00
-18727,57	-308,00
-18681,35	-369,00
-18635,26	-364,00
-18589,31	-262,00
-18543,50	-236,00
-18497,83	-156,00
-18452,29	-474,00
-18406,89	-220,00
-18361,63	-324,00
-18316,50	-295,00
-18271,50	-170,00
-18226,63	-278,00
-18181,90	-313,00
-18137,30	-220,00
-18092,84	-270,00
-18048,50	-235,00
-18004,29	-345,00
-17960,22	-273,00
-17916,27	-215,00
-17872,45	-99,00
-17828,76	-276,00
-17785,20	-187,00
-17741,77	-363,00
-17698,46	-364,00
-17655,28	-422,00
-17612,22	-383,00
-17569,29	-213,00
-17526,48	-303,00
-17483,79	-237,00
-17441,23	-244,00
-17398,79	-243,00
-17356,48	-330,00
-17314,28	-278,00
-17272,21	-344,00
-17230,26	-216,00
-17188,42	-189,00
-17146,71	-241,00
-17105,12	-106,00
-17063,64	-375,00
-17022,28	-361,00
-16981,04	-229,00
-16939,92	-367,00
-16898,91	-422,00
-16858,02	-154,00
-16817,25	-201,00
-16776,59	-404,00
-16736,04	-180,00
-16695,61	-270,00
-16655,29	-156,00
-16615,09	-381,00
-16574,99	-200,00
-16535,01	-339,00
-16495,15	-335,00
-16455,39	-181,00
-16415,74	-286,00
-16376,21	-369,00
-16336,78	-225,00
-16297,46	-312,00
-16258,26	-280,00
-16219,16	-316,00
-16180,17	-264,00
-16141,28	-188,00
-16102,51	-231,00
-16063,84	-339,00
-16025,27	-273,00
-15986,82	-256,00
-15948,46	-314,00
-15910,22	-260,00
-15872,07	-263,00
-15834,04	-81,00
-15796,10	-238,00
-15758,27	-465,00
-15720,54	-374,00
-15682,91	-332,00
-15645,39	-387,00
-15607,97	-372,00
-15570,64	-338,00
-15533,42	-217,00
-15496,30	-238,00
-15459,28	-423,00
-15422,36	-167,00
-15385,54	-221,00
-15348,82	-156,00
-15312,19	-256,00
-15275,66	-165,00
-15239,23	-280,00
-15202,90	-319,00
-15166,67	-420,00
-15130,53	-281,00
-15094,48	-230,00
-15058,54	-183,00
-15022,68	-126,00
-14986,93	-204,00
-14951,26	-262,00
-14915,69	-299,00
-14880,22	-326,00
-14844,84	-249,00
-14809,55	-325,00
-14774,35	-340,00
-14739,25	-245,00
-14704,24	-211,00
-14669,32	-104,00
-14634,49	-261,00
-14599,75	-214,00
-14565,10	-274,00
-14530,55	-415,00
-14496,08	-373,00
-14461,70	-400,00
-14427,41	-236,00
-14393,21	-274,00
-14359,10	-368,00
-14325,07	-275,00
-14291,14	-322,00
-14257,29	-330,00
-14223,52	-310,00
-14189,85	-335,00
-14156,26	-307,00
-14122,76	-127,00
-14089,34	-264,00
-14056,01	-323,00
-14022,76	-435,00
-13989,60	-223,00
-13956,52	-188,00
-13923,53	-194,00
-13890,62	-303,00
-13857,79	-414,00
-13825,05	-347,00
-13792,39	-192,00
-13759,81	-247,00
-13727,31	-316,00
-13694,90	-254,00
-13662,57	-328,00
-13630,31	-357,00
-13598,14	-216,00
-13566,05	-403,00
-13534,05	-415,00
-13502,12	-297,00
-13470,27	-320,00
-13438,50	-432,00
-13406,80	-326,00
-13375,19	-318,00
-13343,66	-237,00
-13312,20	-491,00
-13280,83	-289,00
-13249,53	-234,00
-13218,30	-343,00
-13187,16	-149,00
-13156,09	-246,00
-13125,10	-313,00
-13094,18	-303,00
-13063,34	-322,00
-13032,58	-290,00
-13001,89	-341,00
-12971,28	-81,00
-12940,74	-423,00
-12910,27	-226,00
-12879,88	-276,00
-12849,57	-295,00
-12819,33	-238,00
-12789,16	-312,00
-12759,06	-127,00
-12729,04	-239,00
-12699,09	-3660,00
-12669,21	-369,00
-12639,41	-346,00
-12609,68	-199,00
-12580,02	-247,00
-12550,43	-304,00
-12520,91	-295,00
-12491,46	-231,00
-12462,08	-282,00
-12432,77	-424,00
-12403,54	-333,00
-12374,37	-151,00
-12345,27	-331,00
-12316,24	-162,00
-12287,29	-567,00
-12258,40	-287,00
-12229,57	-253,00
-12200,82	-334,00
-12172,14	-283,00
-12143,52	-272,00
-12114,97	-158,00
-12086,49	-206,00
-12058,07	-590,00
-12029,73	-188,00
-12001,44	-394,00
-11973,23	-241,00
-11945,08	-250,00
-11917,00	-159,00
-11888,98	-253,00
-11861,03	-171,00
-11833,15	-68,00
-11805,32	-344,00
-11777,57	-180,00
-11749,88	-298,00
-11722,25	-273,00
-11694,69	-238,00
-11667,19	-186,00
-11639,75	-322,00
-11612,38	-271,00
-11585,07	-293,00
-11557,83	-311,00
-11530,65	-207,00
-11503,53	-205,00
-11476,47	-362,00
-11449,48	-339,00
-11422,54	-245,00
-11395,67	-295,00
-11368,86	-412,00
-11342,11	-198,00
-11315,43	-396,00
-11288,80	-183,00
-11262,23	-214,00
-11235,73	-215,00
-11209,28	-307,00
-11182,90	-287,00
-11156,57	-45,00
-11130,31	-136,00
-11104,10	-270,00
-11077,96	-297,00
-11051,87	-293,00
-11025,84	-299,00
-10999,87	-312,00
-10973,96	-202,00
-10948,11	-314,00
-10922,31	-226,00
-10896,58	-437,00
-10870,90	-276,00
-10845,28	-259,00
-10819,71	-344,00
-10794,20	-344,00
-10768,75	-209,00
-10743,36	-227,00
-10718,02	-237,00
-10692,74	-198,00
-10667,52	-316,00
-10642,35	-290,00
-10617,24	-187,00
-10592,18	-281,00
-10567,18	-304,00
-10542,23	-371,00
-10517,34	-275,00
-10492,51	-332,00
-10467,72	-213,00
-10443,00	-95,00
-10418,32	-265,00
-10393,70	-242,00
-10369,14	-235,00
-10344,63	-369,00
-10320,17	-268,00
-10295,77	-302,00
-10271,42	-209,00
-10247,12	-236,00
-10222,88	-209,00
-10198,68	-89,00
-10174,54	-241,00
-10150,46	-336,00
-10126,42	-339,00
-10102,44	-246,00
-10078,51	-335,00
-10054,63	-186,00
-10030,80	-299,00
-10007,03	-411,00
-9983,30	-227,00
-9959,63	-335,00
-9936,01	-186,00
-9912,44	-168,00
-9888,92	-255,00
-9865,44	-230,00
-9842,02	-152,00
-9818,65	-48,00
-9795,33	-171,00
-9772,06	-173,00
-9748,84	-201,00
-9725,67	-275,00
-9702,55	-210,00
-9679,47	-334,00
-9656,45	-177,00
-9633,47	-133,00
-9610,55	-175,00
-9587,67	44,00
-9564,84	-147,00
-9542,06	-213,00
-9519,32	-70,00
-9496,64	142,00
-9474,00	-56,00
-9451,41	-54,00
-9428,87	181,00
-9406,37	-74,00
-9383,92	-97,00
-9361,52	54,00
-9339,17	-35,00
-9316,86	-10,00
-9294,60	-71,00
-9272,38	-6,00
-9250,21	103,00
-9228,09	258,00
-9206,01	183,00
-9183,98	322,00
-9162,00	145,00
-9140,06	233,00
-9118,16	294,00
-9096,31	102,00
-9074,51	195,00
-9052,75	383,00
-9031,04	179,00
-9009,37	113,00
-8987,74	149,00
-8966,16	127,00
-8944,63	177,00
-8923,14	198,00
-8901,69	-68,00
-8880,29	9,00
-8858,93	20,00
-8837,61	-53,00
-8816,34	164,00
-8795,11	22,00
-8773,92	139,00
-8752,78	103,00
-8731,68	-42,00
-8710,62	-106,00
-8689,61	40,00
-8668,63	137,00
-8647,70	40,00
-8626,82	-158,00
-8605,97	8,00
-8585,17	-28,00
-8564,41	61,00
-8543,69	62,00
-8523,01	101,00
-8502,37	-26,00
-8481,78	197,00
-8461,23	116,00
-8440,71	-65,00
-8420,24	79,00
-8399,81	61,00
-8379,42	124,00
-8359,08	55,00
-8338,77	2,00
-8318,50	-103,00
-8298,27	-62,00
-8278,09	4,00
-8257,94	-50,00
-8237,83	-58,00
-8217,76	-258,00
-8197,74	19,00
-8177,75	-204,00
-8157,80	-100,00
-8137,89	-66,00
-8118,02	-60,00
-8098,19	-159,00
-8078,40	-28,00
-8058,65	-106,00
-8038,93	-193,00
-8019,26	-106,00
-7999,62	-81,00
-7980,02	-75,00
-7960,46	-163,00
-7940,94	-156,00
-7921,46	-89,00
-7902,01	-93,00
-7882,60	-106,00
-7863,23	-162,00
-7843,90	-94,00
-7824,61	19,00
-7805,35	-163,00
-7786,13	-226,00
-7766,95	-178,00
-7747,80	-160,00
-7728,69	-190,00
-7709,62	46,00
-7690,59	-122,00
-7671,59	-172,00
-7652,63	-77,00
-7633,70	67,00
-7614,81	-158,00
-7595,96	-95,00
-7577,15	-48,00
-7558,37	2,00
-7539,62	-79,00
-7520,91	1,00
-7502,24	-327,00
-7483,60	-251,00
-7465,00	51,00
-7446,44	-77,00
-7427,91	-141,00
-7409,41	40,00
-7390,95	-266,00
-7372,53	-284,00
-7354,14	-28,00
-7335,78	5,00
-7317,46	-103,00
-7299,18	-267,00
-7280,92	-43,00
-7262,71	-120,00
-7244,52	-207,00
-7226,38	-227,00
-7208,26	-145,00
-7190,18	24,00
-7172,14	-13,00
-7154,12	-8,00
-7136,15	12,00
-7118,20	-127,00
-7100,29	-29,00
-7082,41	-71,00
-7064,57	-293,00
-7046,76	84,00
-7028,98	-204,00
-7011,24	-265,00
-6993,53	68,00
-6975,85	-126,00
-6958,20	-24,00
-6940,59	-73,00
-6923,01	-97,00
-6905,46	-463,00
-6887,94	7,00
-6870,46	-3349,00
-6853,01	44,00
-6835,59	43,00
-6818,21	-6,00
-6800,85	-315,00
-6783,53	-258,00
-6766,24	-133,00
-6748,98	-118,00
-6731,76	-2,00
-6714,56	-152,00
-6697,40	36,00
-6680,26	51,00
-6663,16	-111,00
-6646,09	-165,00
-6629,05	-104,00
-6612,05	-85,00
-6595,07	-57,00
-6578,13	-166,00
-6561,21	24,00
-6544,33	-222,00
-6527,47	-147,00
-6510,65	-168,00
-6493,86	49,00
-6477,10	-186,00
-6460,36	-217,00
-6443,66	-171,00
-6426,99	-161,00
-6410,35	-175,00
-6393,74	-44,00
-6377,16	-135,00
-6360,61	14,00
-6344,09	-47,00
-6327,59	-123,00
-6311,13	-112,00
-6294,70	8,00
-6278,29	-117,00
-6261,92	86,00
-6245,58	-125,00
-6229,26	48,00
-6212,97	-328,00
-6196,72	-334,00
-6180,49	-254,00
-6164,29	-63,00
-6148,12	-76,00
-6131,98	-146,00
-6115,86	-135,00
-6099,78	-66,00
-6083,72	12,00
-6067,69	-78,00
-6051,69	-117,00
-6035,72	-91,00
-6019,78	-103,00
-6003,87	-402,00
-5987,98	-127,00
-5972,12	-191,00
-5956,29	-126,00
-5940,49	23,00
-5924,71	-236,00
-5908,96	-266,00
-5893,24	-254,00
-5877,55	-299,00
-5861,89	-168,00
-5846,25	-56,00
-5830,64	-388,00
-5815,05	-220,00
-5799,50	-179,00
-5783,97	-198,00
-5768,47	-283,00
-5752,99	-236,00
-5737,55	-157,00
-5722,12	-267,00
-5706,73	-11,00
-5691,36	-154,00
-5676,02	-207,00
-5660,71	-273,00
-5645,42	-126,00
-5630,16	-157,00
-5614,92	-127,00
-5599,71	-80,00
-5584,53	-101,00
-5569,37	-32,00
-5554,24	1301,00
-5539,14	-52,00
-5524,06	-19,00
-5509,01	16,00
-5493,98	-132,00
-5478,98	-12,00
-5464,00	-167,00
-5449,05	-258,00
-5434,13	-185,00
-5419,23	-302,00
-5404,36	-97,00
-5389,51	-86,00
-5374,69	26,00
-5359,89	-218,00
-5345,12	-186,00
-5330,37	-239,00
-5315,65	-229,00
-5300,95	-312,00
-5286,28	-184,00
-5271,63	-219,00
-5257,01	-125,00
-5242,41	89,00
-5227,84	-24,00
-5213,29	-248,00
-5198,76	-131,00
-5184,26	-251,00
-5169,79	-265,00
-5155,33	-249,00
-5140,91	-8,00
-5126,51	-84,00
-5112,13	-107,00
-5097,77	-113,00
-5083,44	-91,00
-5069,13	-76,00
-5054,85	-239,00
-5040,59	-163,00
-5026,36	-237,00
-5012,15	-14,00
-4997,96	-23,00
-4983,80	-63,00
-4969,66	-241,00
-4955,54	-176,00
-4941,44	-219,00
-4927,37	-163,00
-4913,33	-237,00
-4899,30	-91,00
-4885,30	-193,00
-4871,33	57,00
-4857,37	-295,00
-4843,44	-125,00
-4829,53	-142,00
-4815,65	-145,00
-4801,79	-25,00
-4787,95	-184,00
-4774,13	-189,00
-4760,34	-214,00
-4746,56	-259,00
-4732,82	-181,00
-4719,09	-230,00
-4705,38	-40,00
-4691,70	-106,00
-4678,04	-202,00
-4664,41	-251,00
-4650,79	-378,00
-4637,20	-74,00
-4623,63	-165,00
-4610,08	-294,00
-4596,56	-208,00
-4583,05	-55,00
-4569,57	-153,00
-4556,11	-240,00
-4542,67	-145,00
-4529,25	-142,00
-4515,86	-116,00
-4502,49	-54,00
-4489,13	8,00
-4475,80	-342,00
-4462,49	-304,00
-4449,21	-273,00
-4435,94	-318,00
-4422,70	-207,00
-4409,47	-175,00
-4396,27	-299,00
-4383,09	-209,00
-4369,93	-86,00
-4356,79	-287,00
-4343,67	-301,00
-4330,58	-88,00
-4317,50	-167,00
-4304,45	-200,00
-4291,41	-308,00
-4278,40	-97,00
-4265,41	-186,00
-4252,44	-340,00
-4239,49	-206,00
-4226,55	-173,00
-4213,65	-12,00
-4200,76	-413,00
-4187,89	-366,00
-4175,04	-378,00
-4162,21	-137,00
-4149,40	-171,00
-4136,61	-184,00
-4123,85	-419,00
-4111,10	-228,00
-4098,37	-356,00
-4085,66	-205,00
-4072,98	-119,00
-4060,31	-197,00
-4047,66	-397,00
-4035,04	-327,00
-4022,43	-312,00
-4009,84	-72,00
-3997,27	-372,00
-3984,72	-310,00
-3972,19	-214,00
-3959,69	-124,00
-3947,20	-269,00
-3934,73	-330,00
-3922,27	-189,00
-3909,84	-433,00
-3897,43	-96,00
-3885,04	-408,00
-3872,67	-333,00
-3860,31	-467,00
-3847,98	-334,00
-3835,66	-337,00
-3823,36	-154,00
-3811,09	-370,00
-3798,83	-334,00
-3786,59	-308,00
-3774,37	-278,00
-3762,17	-233,00
-3749,98	-260,00
-3737,82	-304,00
-3725,67	-363,00
-3713,55	-302,00
-3701,44	-474,00
-3689,35	-299,00
-3677,28	-353,00
-3665,22	-294,00
-3653,19	-224,00
-3641,17	-37,00
-3629,18	-362,00
-3617,20	-228,00
-3605,24	-438,00
-3593,30	-254,00
-3581,37	-499,00
-3569,47	-275,00
-3557,58	-322,00
-3545,71	-309,00
-3533,86	-280,00
-3522,02	-38,00
-3510,21	-153,00
-3498,41	-282,00
-3486,63	-348,00
-3474,87	-471,00
-3463,12	-335,00
-3451,40	-234,00
-3439,69	-219,00
-3428,00	-338,00
-3416,33	-291,00
-3404,67	-319,00
-3393,03	-368,00
-3381,41	-319,00
-3369,81	-340,00
-3358,22	-387,00
-3346,66	-255,00
-3335,10	-100,00
-3323,57	-190,00
-3312,06	-321,00
-3300,56	-163,00
-3289,08	-269,00
-3277,61	-263,00
-3266,16	-413,00
-3254,73	-348,00
-3243,32	-221,00
-3231,92	-171,00
-3220,55	-238,00
-3209,18	-187,00
-3197,84	-242,00
-3186,51	-533,00
-3175,20	-450,00
-3163,90	-259,00
-3152,63	-355,00
-3141,36	-378,00
-3130,12	-386,00
-3118,89	-320,00
-3107,68	-297,00
-3096,49	-307,00
-3085,31	-281,00
-3074,15	-334,00
-3063,00	-333,00
-3051,87	-351,00
-3040,76	-413,00
-3029,67	-388,00
-3018,59	-421,00
-3007,52	-312,00
-2996,48	-217,00
-2985,44	-336,00
-2974,43	-612,00
-2963,43	-371,00
-2952,45	-233,00
-2941,48	-307,00
-2930,53	-352,00
-2919,60	-392,00
-2908,68	-216,00
-2897,78	-332,00
-2886,89	-493,00
-2876,02	-256,00
-2865,17	-290,00
-2854,33	-239,00
-2843,50	-383,00
-2832,70	-250,00
-2821,90	-98,00
-2811,13	-300,00
-2800,37	-228,00
-2789,62	-387,00
-2778,89	-236,00
-2768,18	-331,00
-2757,48	-325,00
-2746,80	-174,00
-2736,13	-187,00
-2725,48	-300,00
-2714,84	-164,00
-2704,22	-310,00
-2693,61	-327,00
-2683,02	-255,00
-2672,45	-404,00
-2661,89	-292,00
-2651,34	-257,00
-2640,81	-260,00
-2630,30	-394,00
-2619,80	-305,00
-2609,31	-282,00
-2598,84	-155,00
-2588,39	-302,00
-2577,95	-351,00
-2567,52	-441,00
-2557,11	-179,00
-2546,71	-334,00
-2536,33	-123,00
-2525,97	-83,00
-2515,62	-341,00
-2505,28	-368,00
-2494,96	-292,00
-2484,65	-204,00
-2474,36	-434,00
-2464,08	-169,00
-2453,82	-387,00
-2443,57	-414,00
-2433,33	-392,00
-2423,11	-232,00
-2412,91	-206,00
-2402,72	-138,00
-2392,54	-334,00
-2382,38	-274,00
-2372,23	-218,00
-2362,09	-4694,00
-2351,97	-185,00
-2341,87	-265,00
-2331,78	-245,00
-2321,70	-361,00
-2311,64	-403,00
-2301,59	-320,00
-2291,55	-402,00
-2281,53	-199,00
-2271,53	-261,00
-2261,53	-371,00
-2251,55	-415,00
-2241,59	-268,00
-2231,64	-108,00
-2221,70	-283,00
-2211,78	-253,00
-2201,87	-335,00
-2191,97	-341,00
-2182,09	-271,00
-2172,22	-177,00
-2162,37	-138,00
-2152,53	-306,00
-2142,70	-320,00
-2132,89	-77,00
-2123,09	-261,00
-2113,30	-250,00
-2103,53	-347,00
-2093,77	-236,00
-2084,02	-284,00
-2074,29	-267,00
-2064,57	-284,00
-2054,86	-251,00
-2045,17	-200,00
-2035,49	-263,00
-2025,82	-493,00
-2016,17	-331,00
-2006,53	-295,00
-1996,91	-164,00
-1987,29	-370,00
-1977,69	-272,00
-1968,11	-297,00
-1958,53	-279,00
-1948,97	-207,00
-1939,42	-321,00
-1929,89	-345,00
-1920,37	-293,00
-1910,86	-285,00
-1901,36	-300,00
-1891,88	-264,00
-1882,41	-289,00
-1872,95	-156,00
-1863,51	-247,00
-1854,08	-188,00
-1844,66	-262,00
-1835,26	-239,00
-1825,86	-374,00
-1816,48	-368,00
-1807,11	-188,00
-1797,76	-320,00
-1788,42	-289,00
-1779,09	-191,00
-1769,77	-174,00
-1760,47	-317,00
-1751,17	-226,00
-1741,89	-206,00
-1732,63	-281,00
-1723,37	-251,00
-1714,13	-436,00
-1704,90	-191,00
-1695,68	-305,00
-1686,48	-281,00
-1677,29	-193,00
-1668,11	-369,00
-1658,94	-413,00
-1649,78	-112,00
-1640,64	-375,00
-1631,51	-314,00
-1622,39	-164,00
-1613,28	-304,00
-1604,19	-179,00
-1595,10	-266,00
-1586,03	-364,00
-1576,97	-304,00
-1567,93	-12,00
-1558,89	-142,00
-1549,87	-351,00
-1540,86	-354,00
-1531,86	-289,00
-1522,87	-434,00
-1513,90	-204,00
-1504,93	-318,00
-1495,98	-241,00
-1487,04	-411,00
-1478,12	-290,00
-1469,20	-202,00
-1460,30	-490,00
-1451,40	-435,00
-1442,52	-359,00
-1433,65	-336,00
-1424,80	-256,00
-1415,95	-361,00
-1407,12	-326,00
-1398,30	-291,00
-1389,48	-329,00
-1380,69	-158,00
-1371,90	-270,00
-1363,12	-178,00
-1354,36	-281,00
-1345,60	-223,00
-1336,86	-336,00
-1328,13	-291,00
-1319,41	-393,00
-1310,70	-263,00
-1302,01	-210,00
-1293,32	-287,00
-1284,65	-213,00
-1275,99	-283,00
-1267,33	-210,00
-1258,69	-286,00
-1250,06	-198,00
-1241,45	-422,00
-1232,84	-274,00
-1224,25	-349,00
-1215,66	-325,00
-1207,09	-460,00
-1198,53	-117,00
-1189,97	-209,00
-1181,43	-255,00
-1172,91	-368,00
-1164,39	-270,00
-1155,88	-200,00
-1147,38	-234,00
-1138,90	-305,00
-1130,43	-279,00
-1121,96	-315,00
-1113,51	-146,00
-1105,07	-352,00
-1096,64	-480,00
-1088,22	-411,00
-1079,81	-252,00
-1071,41	-336,00
-1063,02	-290,00
-1054,65	-379,00
-1046,28	-316,00
-1037,92	-218,00
-1029,58	-259,00
-1021,24	-343,00
-1012,92	-395,00
-1004,61	-302,00
-996,30	41,00
-988,01	-319,00
-979,73	-272,00
-971,46	-477,00
-963,20	-335,00
-954,95	-204,00
-946,71	-393,00
-938,48	-314,00
-930,26	-237,00
-922,06	-69,00
-913,86	-306,00
-905,67	-294,00
-897,49	-229,00
-889,33	-405,00
-881,17	-343,00
-873,02	-383,00
-864,89	-352,00
-856,76	-251,00
-848,65	-220,00
-840,54	-384,00
-832,45	-272,00
-824,36	-163,00
-816,29	-224,00
-808,22	-310,00
-800,17	-209,00
-792,12	-311,00
-784,09	-408,00
-776,06	-108,00
-768,05	-214,00
-760,04	-186,00
-752,05	-211,00
-744,07	-409,00
-736,09	-335,00
-728,13	-274,00
-720,17	-187,00
-712,23	-342,00
-704,29	-300,00
-696,37	-90,00
-688,45	-198,00
-680,55	-338,00
-672,65	-233,00
-664,77	-395,00
-656,89	-352,00
-649,03	-361,00
-641,17	-442,00
-633,32	-391,00
-625,49	-152,00
-617,66	-244,00
-609,84	-267,00
-602,03	-297,00
-594,23	-204,00
-586,45	-271,00
-578,67	-275,00
-570,90	-287,00
-563,14	-162,00
-555,39	-142,00
-547,65	-241,00
-539,91	-398,00
-532,19	-220,00
-524,48	-329,00
-516,78	-333,00
-509,08	-206,00
-501,40	-410,00
-493,72	-262,00
-486,06	-238,00
-478,40	-274,00
-470,76	-225,00
-463,12	-140,00
-455,49	-268,00
-447,87	-305,00
-440,26	-203,00
-432,66	-206,00
-425,07	-166,00
-417,49	-474,00
-409,92	-279,00
-402,35	-153,00
-394,80	-362,00
-387,25	-250,00
-379,72	-203,00
-372,19	-213,00
-364,67	-183,00
-357,17	-276,00
-349,67	-365,00
-342,18	-255,00
-334,69	-272,00
-327,22	-319,00
-319,76	-175,00
-312,30	-267,00
-304,86	-99,00
-297,42	-188,00
-290,00	-306,00
-282,58	-185,00
-275,17	-270,00
-267,77	-250,00
-260,37	-88,00
-252,99	-117,00
-245,62	-123,00
-238,25	-146,00
-230,90	-139,00
-223,55	-90,00
-216,21	-188,00
-208,88	-186,00
-201,56	-150,00
-194,25	-54,00
-186,94	-51,00
-179,65	37,00
-172,36	60,00
-165,08	255,00
-157,81	53,00
-150,55	334,00
-143,30	193,00
-136,06	253,00
-128,82	444,00
-121,60	398,00
-114,38	702,00
-107,17	522,00
-99,97	707,00
-92,78	825,00
-85,60	1049,00
-78,42	1284,00
-71,25	1552,00
-64,10	1810,00
-56,95	2225,00
-49,81	2675,00
-42,67	3336,00
-35,55	4446,00
-28,43	5880,00
-21,33	10081,00
-14,23	33698,00
-7,14	50179,00
-0,05	49721,00
7,02	49075,00
14,09	49817,00
21,14	28997,00
28,19	12327,00
35,23	7597,00
42,27	5593,00
49,29	4627,00
56,31	3738,00
63,32	2975,00
70,32	2608,00
77,31	2159,00
84,29	1892,00
91,27	1472,00
98,23	1484,00
105,19	1314,00
112,14	1334,00
119,09	2093,00
126,02	3309,00
132,95	4092,00
139,87	4139,00
146,78	3976,00
153,68	4132,00
160,58	3802,00
167,46	3862,00
174,34	3634,00
181,21	3700,00
188,08	3644,00
194,93	3579,00
201,78	3508,00
208,62	3519,00
215,45	3610,00
222,27	3647,00
229,09	3406,00
235,90	3459,00
242,70	3399,00
249,49	3344,00
256,27	3302,00
263,05	3192,00
269,82	3184,00
276,58	3164,00
283,33	3008,00
290,08	3073,00
296,82	2968,00
303,55	3001,00
310,27	2983,00
316,98	3078,00
323,69	2878,00
330,39	2904,00
337,08	3197,00
343,76	2969,00
350,44	3054,00
357,11	2791,00
363,77	2987,00
370,42	2977,00
377,07	2998,00
383,71	3109,00
390,34	2895,00
396,96	2964,00
403,58	2830,00
410,19	2918,00
416,79	2823,00
423,38	2864,00
429,97	3033,00
436,55	2881,00
443,12	2617,00
449,68	2570,00
456,24	2762,00
462,79	2675,00
469,33	2514,00
475,86	2419,00
482,39	2472,00
488,91	2284,00
495,42	2405,00
501,93	2507,00
508,42	2332,00
514,91	2312,00
521,40	2340,00
527,87	2562,00
534,34	2304,00
540,80	2255,00
547,25	2321,00
553,70	2330,00
560,14	2286,00
566,57	2174,00
573,00	2195,00
579,41	2090,00
585,83	2058,00
592,23	2091,00
598,62	2232,00
605,01	2228,00
611,40	2071,00
617,77	2022,00
624,14	2059,00
630,50	2188,00
636,85	1997,00
643,20	1974,00
649,54	2081,00
655,87	2084,00
662,20	1949,00
668,52	1837,00
674,83	1957,00
681,13	2114,00
687,43	1867,00
693,72	1889,00
700,00	2041,00
706,28	1866,00
712,55	2050,00
718,81	1874,00
725,07	2090,00
731,32	1948,00
737,56	1912,00
743,79	1933,00
750,02	2141,00
756,24	1874,00
762,46	1942,00
768,67	1938,00
774,87	1936,00
781,06	1867,00
787,25	1876,00
793,43	1880,00
799,60	1856,00
805,77	1629,00
811,93	1873,00
818,08	1965,00
824,23	1992,00
830,37	1711,00
836,50	1900,00
842,63	1922,00
848,75	1831,00
854,87	1834,00
860,97	1961,00
867,07	1817,00
873,17	1861,00
879,25	1932,00
885,33	1954,00
891,41	1966,00
897,47	1751,00
903,53	1945,00
909,59	1617,00
915,63	2009,00
921,67	1717,00
927,71	1697,00
933,74	1776,00
939,76	1659,00
945,77	1749,00
951,78	1691,00
957,78	1724,00
963,78	1770,00
969,77	1761,00
975,75	1817,00
981,72	1704,00
987,69	1177,00
993,66	1782,00
999,61	1915,00
1005,56	1743,00
1011,51	1989,00
1017,44	1808,00
1023,37	1711,00
1029,30	1894,00
1035,22	1799,00
1041,13	2040,00
1047,03	1866,00
1052,93	2382,00
1058,83	2912,00
1064,71	3302,00
1070,59	2847,00
1076,47	2539,00
1082,33	2441,00
1088,20	2391,00
1094,05	2340,00
1099,90	2455,00
1105,74	2339,00
1111,58	2278,00
1117,41	2676,00
1123,23	3182,00
1129,05	3691,00
1134,86	3141,00
1140,67	2517,00
1146,47	1938,00
1152,26	1857,00
1158,05	1829,00
1163,83	2033,00
1169,60	1855,00
1175,37	1852,00
1181,13	1638,00
1186,89	1481,00
1192,64	1680,00
1198,38	1636,00
1204,12	1561,00
1209,85	1430,00
1215,58	1498,00
1221,30	1467,00
1227,02	1574,00
1232,72	1549,00
1238,43	1629,00
1244,12	1561,00
1249,81	1737,00
1255,50	1758,00
1261,17	1797,00
1266,85	1915,00
1272,51	1946,00
1278,17	1918,00
1283,83	2155,00
1289,47	3011,00
1295,12	4187,00
1300,75	3674,00
1306,38	2853,00
1312,01	2451,00
1317,63	2274,00
1323,24	2118,00
1328,85	2092,00
1334,45	2120,00
1340,04	2181,00
1345,63	2177,00
1351,22	2199,00
1356,80	2156,00
1362,37	2310,00
1367,93	2327,00
1373,49	2466,00
1379,05	2460,00
1384,60	2493,00
1390,14	2332,00
1395,68	2272,00
1401,21	2269,00
1406,74	2488,00
1412,26	2672,00
1417,77	2908,00
1423,28	3025,00
1428,78	3006,00
1434,28	3429,00
1439,77	4158,00
1445,26	4071,00
1450,74	3694,00
1456,22	3647,00
1461,68	3294,00
1467,15	3161,00
1472,61	2899,00
1478,06	2452,00
1483,51	1957,00
1488,95	2094,00
1494,38	1727,00
1499,81	1769,00
1505,24	1832,00
1510,65	1641,00
1516,07	1834,00
1521,48	1743,00
1526,88	1598,00
1532,27	1512,00
1537,67	1641,00
1543,05	1480,00
1548,43	1425,00
1553,81	1492,00
1559,18	1581,00
1564,54	1512,00
1569,90	1416,00
1575,25	1526,00
1580,60	1441,00
1585,94	1408,00
1591,28	1404,00
1596,61	1365,00
1601,93	1408,00
1607,25	1254,00
1612,57	1276,00
1617,88	1255,00
1623,18	1379,00
1628,48	1314,00
1633,77	1293,00
1639,06	1272,00
1644,34	1226,00
1649,62	1210,00
1654,89	1111,00
1660,16	1284,00
1665,42	999,00
1670,67	1367,00
1675,92	1163,00
1681,17	1074,00
1686,41	1118,00
1691,64	1242,00
1696,87	1250,00
1702,10	1076,00
1707,32	991,00
1712,53	1043,00
1717,74	1004,00
1722,94	1196,00
1728,14	871,00
1733,33	984,00
1738,52	894,00
1743,70	1040,00
1748,88	958,00
1754,05	1076,00
1759,22	1158,00
1764,38	2908,00
1769,53	1033,00
1774,69	820,00
1779,83	910,00
1784,97	971,00
1790,11	791,00
1795,24	1057,00
1800,36	660,00
1805,48	1019,00
1810,60	838,00
1815,71	909,00
1820,82	903,00
1825,92	902,00
1831,01	820,00
1836,10	911,00
1841,19	901,00
1846,26	881,00
1851,34	867,00
1856,41	840,00
1861,47	873,00
1866,53	750,00
1871,59	741,00
1876,64	764,00
1881,68	945,00
1886,72	765,00
1891,76	888,00
1896,79	762,00
1901,81	777,00
1906,83	692,00
1911,85	800,00
1916,86	699,00
1921,86	725,00
1926,86	778,00
1931,86	618,00
1936,85	688,00
1941,83	607,00
1946,81	683,00
1951,79	819,00
1956,76	556,00
1961,72	671,00
1966,68	605,00
1971,64	754,00
1976,59	589,00
1981,54	596,00
1986,48	427,00
1991,42	646,00
1996,35	486,00
2001,27	521,00
2006,20	644,00
2011,11	478,00
2016,03	375,00
2020,93	492,00
2025,84	546,00
2030,73	482,00
2035,63	383,00
2040,52	429,00
2045,40	517,00
2050,28	442,00
2055,15	573,00
2060,02	408,00
2064,89	538,00
2069,75	572,00
2074,60	502,00
2079,46	507,00
2084,30	512,00
2089,14	423,00
2093,98	593,00
2098,81	446,00
2103,64	496,00
2108,46	503,00
2113,28	472,00
2118,09	538,00
2122,90	474,00
2127,70	506,00
2132,50	427,00
2137,30	466,00
2142,09	475,00
2146,87	447,00
2151,66	388,00
2156,43	255,00
2161,20	391,00
2165,97	287,00
2170,73	207,00
2175,49	387,00
2180,24	529,00
2184,99	403,00
2189,74	309,00
2194,48	432,00
2199,21	354,00
2203,94	336,00
2208,67	337,00
2213,39	383,00
2218,11	305,00
2222,82	361,00
2227,53	316,00
2232,23	458,00
2236,93	174,00
2241,63	312,00
2246,32	242,00
2251,00	297,00
2255,68	86,00
2260,36	183,00
2265,03	178,00
2269,70	208,00
2274,36	292,00
2279,02	191,00
2283,68	313,00
2288,33	318,00
2292,97	364,00
2297,61	325,00
2302,25	251,00
2306,88	329,00
2311,51	26,00
2316,14	257,00
2320,75	102,00
2325,37	193,00
2329,98	271,00
2334,59	360,00
2339,19	307,00
2343,79	252,00
2348,38	238,00
2352,97	319,00
2357,55	137,00
2362,13	237,00
2366,71	273,00
2371,28	190,00
2375,85	154,00
2380,41	410,00
2384,97	200,00
2389,52	218,00
2394,07	169,00
2398,62	64,00
2403,16	127,00
2407,70	181,00
2412,23	288,00
2416,76	245,00
2421,29	125,00
2425,81	261,00
2430,32	-26,00
2434,84	182,00
2439,34	51,00
2443,85	79,00
2448,35	51,00
2452,84	101,00
2457,33	23,00
2461,82	-25,00
2466,30	126,00
2470,78	94,00
2475,25	206,00
2479,72	107,00
2484,19	19,00
2488,65	111,00
2493,11	185,00
2497,56	238,00
2502,01	174,00
2506,46	289,00
2510,90	76,00
2515,34	88,00
2519,77	193,00
2524,20	239,00
2528,62	172,00
2533,04	333,00
2537,46	-27,00
2541,87	163,00
2546,28	116,00
2550,68	88,00
2555,08	-98,00
2559,48	82,00
2563,87	-101,00
2568,26	191,00
2572,64	65,00
2577,02	27,00
2581,40	127,00
2585,77	184,00
2590,14	74,00
2594,50	131,00
2598,86	345,00
2603,22	299,00
2607,57	43,00
2611,92	59,00
2616,26	26,00
2620,60	138,00
2624,94	216,00
2629,27	45,00
2633,60	49,00
2637,92	57,00
2642,24	30,00
2646,56	26,00
2650,87	203,00
2655,18	61,00
2659,48	320,00
2663,78	222,00
2668,08	138,00
2672,37	-61,00
2676,66	124,00
2680,95	249,00
2685,23	280,00
2689,50	112,00
2693,78	220,00
2698,05	280,00
2702,31	220,00
2706,57	340,00
2710,83	397,00
2715,08	375,00
2719,33	217,00
2723,58	351,00
2727,82	324,00
2732,06	334,00
2736,29	297,00
2740,53	384,00
2744,75	458,00
2748,97	245,00
2753,19	268,00
2757,41	284,00
2761,62	194,00
2765,83	227,00
2770,03	175,00
2774,23	196,00
2778,43	401,00
2782,62	279,00
2786,81	210,00
2791,00	291,00
2795,18	269,00
2799,35	257,00
2803,53	435,00
2807,70	471,00
2811,86	416,00
2816,03	413,00
2820,19	712,00
2824,34	643,00
2828,49	665,00
2832,64	903,00
2836,78	1143,00
2840,92	1646,00
2845,06	1998,00
2849,19	2303,00
2853,32	2388,00
2857,45	2597,00
2861,57	2415,00
2865,69	2212,00
2869,80	2376,00
2873,91	2301,00
2878,02	2677,00
2882,12	2890,00
2886,22	2909,00
2890,32	2599,00
2894,41	2469,00
2898,50	2193,00
2902,58	2026,00
2906,67	1731,00
2910,74	1618,00
2914,82	1575,00
2918,89	1210,00
2922,96	1231,00
2927,02	1073,00
2931,08	1021,00
2935,13	1109,00
2939,19	888,00
2943,24	777,00
2947,28	641,00
2951,32	538,00
2955,36	590,00
2959,40	453,00
2963,43	331,00
2967,46	287,00
2971,48	129,00
2975,50	141,00
2979,52	110,00
2983,53	39,00
2987,54	15,00
2991,55	235,00
2995,55	179,00
2999,55	16,00
3003,54	65,00
3007,54	173,00
3011,53	175,00
3015,51	-159,00
3019,49	64,00
3023,47	-108,00
3027,45	35,00
3031,42	36,00
3035,39	-37,00
3039,35	83,00
3043,31	-172,00
3047,27	-13,00
3051,22	-54,00
3055,17	13,00
3059,12	-76,00
3063,06	-207,00
3067,00	-21,00
3070,94	-25,00
3074,87	-132,00
3078,80	-61,00
3082,73	-55,00
3086,65	25,00
3090,57	-248,00
3094,49	-7,00
3098,40	-157,00
3102,31	-204,00
3106,22	-123,00
3110,12	-135,00
3114,02	-316,00
3117,92	-164,00
3121,81	-198,00
3125,70	-114,00
3129,58	-52,00
3133,47	-72,00
3137,34	-111,00
3141,22	-116,00
3145,09	-126,00
3148,96	-146,00
3152,83	-235,00
3156,69	-64,00
3160,55	-220,00
3164,40	-123,00
3168,26	-137,00
3172,10	-197,00
3175,95	-123,00
3179,79	-280,00
3183,63	-89,00
3187,47	-55,00
3191,30	-147,00
3195,13	-112,00
3198,95	-211,00
3202,78	-131,00
3206,60	-186,00
3210,41	-106,00
3214,23	75,00
3218,03	-234,00
3221,84	-46,00
3225,64	-83,00
3229,44	-37,00
3233,24	-228,00
3237,03	-54,00
3240,82	43,00
3244,61	-47,00
3248,39	-172,00
3252,17	-230,00
3255,95	-206,00
3259,72	-363,00
3263,49	-175,00
3267,26	-185,00
3271,03	-120,00
3274,79	-74,00
3278,54	-67,00
3282,30	-105,00
3286,05	-77,00
3289,80	-165,00
3293,54	37,00
3297,29	41,00
3301,02	-155,00
3304,76	-87,00
3308,49	-69,00
3312,22	-130,00
3315,95	-131,00
3319,67	-107,00
3323,39	-213,00
3327,10	-156,00
3330,82	63,00
3334,53	-148,00
3338,24	-57,00
3341,94	-156,00
3345,64	-137,00
3349,34	12,00
3353,03	-167,00
3356,72	-168,00
3360,41	-23,00
3364,10	-277,00
3367,78	-213,00
3371,46	-129,00
3375,13	-38,00
3378,81	-35,00
3382,48	-261,00
3386,14	-204,00
3389,81	-314,00
3393,47	-202,00
3397,12	-191,00
3400,78	-76,00
3404,43	-230,00
3408,08	-26,00
3411,72	-197,00
3415,36	-225,00
3419,00	-22,00
3422,64	-105,00
3426,27	-29,00
3429,90	-198,00
3433,53	-230,00
3437,15	-355,00
3440,77	-114,00
3444,39	-146,00
3448,00	-154,00
3451,62	-40,00
3455,22	-213,00
3458,83	-248,00
3462,43	-402,00
3466,03	-81,00
3469,63	-309,00
3473,22	-45,00
3476,81	-306,00
3480,40	-307,00
3483,99	-198,00
3487,57	-287,00
3491,15	-195,00
3494,72	-169,00
3498,29	-316,00
3501,86	-298,00
3505,43	-95,00
3508,99	-197,00
3512,56	-183,00
3516,11	-310,00
3519,67	-214,00
3523,22	-342,00
3526,77	-196,00
3530,32	-326,00
3533,86	-186,00
3537,40	-215,00
3540,94	-320,00
3544,47	-67,00
3548,00	-255,00
3551,53	-227,00
3555,06	-172,00
3558,58	-100,00
3562,10	-200,00
3565,62	-118,00
3569,13	-295,00
3572,64	-116,00
3576,15	-262,00
3579,66	-249,00
3583,16	-440,00
3586,66	-206,00
3590,16	-251,00
3593,65	-82,00
3597,14	-299,00
3600,63	-244,00
3604,11	-128,00
3607,60	-210,00
3611,08	-280,00
3614,55	-345,00
3618,03	-283,00
3621,50	-449,00
3624,97	-261,00
3628,43	-288,00
3631,90	-223,00
3635,36	-362,00
3638,81	-275,00
3642,27	-300,00
3645,72	-312,00
3649,17	-221,00
3652,61	-273,00
3656,06	-261,00
3659,50	-310,00
3662,93	-260,00
3666,37	-340,00
3669,80	-370,00
3673,23	-331,00
3676,65	-352,00
3680,08	-322,00
3683,50	-278,00
3686,92	-287,00
3690,33	-255,00
3693,74	-297,00
3697,15	-234,00
3700,56	-227,00
3703,96	-244,00
3707,36	-425,00
3710,76	-296,00
3714,16	-196,00
3717,55	-209,00
3720,94	-255,00
3724,33	-331,00
3727,71	-307,00
3731,10	-203,00
3734,48	-294,00
3737,85	-303,00
3741,23	-198,00
3744,60	-278,00
3747,97	-330,00
3751,33	-192,00
3754,69	-236,00
3758,05	-235,00
3761,41	-217,00
3764,77	-242,00
3768,12	-256,00
3771,47	-228,00
3774,82	-337,00
3778,16	10,00
3781,50	-8,00
3784,84	1,00
3788,18	-3,00
