-37534.58	2
-37414.56	0
-37295.11	4
-37176.24	-2
-37057.95	47
-36940.22	-19
-36823.05	17
-36706.45	12
-36590.4	-20
-36474.9	50
-36359.95	33
-36245.55	21
-36131.68	12
-36018.35	49
-35905.55	15
-35793.29	-36
-35681.54	-68
-35570.32	21
-35459.62	57
-35349.43	17
-35239.75	1
-35130.58	-1
-35021.91	48
-34913.74	26
-34806.07	43
-34698.89	-19
-34592.2	12
-34486	21
-34380.28	-9
-34275.04	-35
-34170.27	66
-34065.98	-5
-33962.16	38
-33858.81	9
-33755.92	11
-33653.49	28
-33551.52	40
-33450.01	17
-33348.94	45
-33248.33	88
-33148.16	-13
-33048.43	39
-32949.14	49
-32850.29	-9
-32751.87	50
-32653.89	37
-32556.33	0
-32459.2	32
-32362.49	50
-32266.19	24
-32170.32	16
-32074.86	32
-31979.82	-1
-31885.18	31
-31790.95	1
-31697.12	1
-31603.69	-22
-31510.67	-1
-31418.04	25
-31325.8	40
-31233.95	-21
-31142.49	-52
-31051.42	33
-30960.73	19
-30870.43	3
-30780.5	43
-30690.95	-4
-30601.77	-9
-30512.97	31
-30424.53	17
-30336.46	0
-30248.76	53
-30161.42	31
-30074.44	41
-29987.81	-2
-29901.55	68
-29815.63	-20
-29730.07	62
-29644.86	43
-29560	25
-29475.48	76
-29391.3	35
-29307.47	12
-29223.97	26
-29140.81	72
-29057.99	39
-28975.5	53
-28893.34	38
-28811.51	29
-28730	29
-28648.82	-4
-28567.97	95
-28487.43	13
-28407.21	-20
-28327.32	32
-28247.73	11
-28168.46	-6
-28089.5	0
-28010.85	17
-27932.51	-29
-27854.48	46
-27776.75	48
-27699.32	53
-27622.19	13
-27545.37	-39
-27468.84	18
-27392.6	55
-27316.66	-24
-27241.01	43
-27165.66	-26
-27090.59	21
-27015.81	9
-26941.31	9
-26867.1	-35
-26793.17	148
-26719.52	-28
-26646.15	-33
-26573.06	42
-26500.24	5
-26427.7	64
-26355.43	21
-26283.43	38
-26211.71	-12
-26140.25	72
-26069.06	48
-25998.13	47
-25927.46	25
-25857.06	12
-25786.92	48
-25717.04	-5
-25647.42	106
-25578.05	27
-25508.94	61
-25440.09	20
-25371.48	56
-25303.13	29
-25235.02	10
-25167.17	3
-25099.56	79
-25032.19	18
-24965.07	-48
-24898.2	26
-24831.56	-1
-24765.17	84
-24699.01	45
-24633.1	-33
-24567.41	17
-24501.97	26
-24436.75	39
-24371.77	15
-24307.03	24
-24242.51	20
-24178.22	12
-24114.16	58
-24050.32	24
-23986.71	67
-23923.32	-15
-23860.16	23
-23797.22	48
-23734.5	10
-23672	23
-23609.71	1
-23547.65	56
-23485.8	4
-23424.16	49
-23362.74	5
-23301.53	56
-23240.54	2
-23179.75	44
-23119.17	58
-23058.8	43
-22998.64	16
-22938.68	4
-22878.93	-18
-22819.39	22
-22760.04	31
-22700.9	18
-22641.96	23
-22583.22	33
-22524.68	-19
-22466.33	51
-22408.19	49
-22350.23	4
-22292.48	54
-22234.92	38
-22177.55	-44
-22120.37	48
-22063.38	9
-22006.58	-30
-21949.98	23
-21893.56	1
-21837.33	7
-21781.28	59
-21725.42	12
-21669.74	22
-21614.25	22
-21558.94	43
-21503.81	-91
-21448.86	-41
-21394.1	-5
-21339.51	38
-21285.1	33
-21230.86	-49
-21176.81	17
-21122.93	14
-21069.22	-27
-21015.69	32
-20962.33	64
-20909.14	78
-20856.13	4
-20803.28	5
-20750.61	53
-20698.1	3
-20645.76	47
-20593.59	10
-20541.59	59
-20489.75	40
-20438.07	20
-20386.56	5
-20335.22	-6
-20284.03	-51
-20233.01	21
-20182.15	-1
-20131.45	58
-20080.91	40
-20030.52	19
-19980.3	-4
-19930.23	60
-19880.32	25
-19830.56	22
-19780.96	57
-19731.52	50
-19682.23	81
-19633.09	23
-19584.1	24
-19535.26	-10
-19486.58	44
-19438.04	-11
-19389.66	-25
-19341.42	0
-19293.33	27
-19245.39	24
-19197.6	-21
-19149.95	-2
-19102.45	-40
-19055.09	87
-19007.87	74
-18960.8	59
-18913.87	-35
-18867.09	13
-18820.44	61
-18773.94	62
-18727.57	25
-18681.35	-37
-18635.26	60
-18589.31	60
-18543.5	76
-18497.83	55
-18452.29	-27
-18406.89	69
-18361.63	72
-18316.5	-32
-18271.5	49
-18226.63	63
-18181.9	-29
-18137.3	46
-18092.84	40
-18048.5	40
-18004.29	-9
-17960.22	3
-17916.27	41
-17872.45	51
-17828.76	-29
-17785.2	42
-17741.77	-26
-17698.46	69
-17655.28	-71
-17612.22	20
-17569.29	15
-17526.48	3
-17483.79	-5
-17441.23	46
-17398.79	59
-17356.48	-6
-17314.28	27
-17272.21	-3
-17230.26	-21
-17188.42	-33
-17146.71	37
-17105.12	7
-17063.64	118
-17022.28	-9
-16981.04	80
-16939.92	20
-16898.91	1
-16858.02	42
-16817.25	56
-16776.59	25
-16736.04	56
-16695.61	-28
-16655.29	45
-16615.09	32
-16574.99	52
-16535.01	44
-16495.15	82
-16455.39	-26
-16415.74	83
-16376.21	-38
-16336.78	68
-16297.46	-39
-16258.26	80
-16219.16	-24
-16180.17	61
-16141.28	23
-16102.51	-9
-16063.84	36
-16025.27	20
-15986.82	74
-15948.46	45
-15910.22	56
-15872.07	35
-15834.04	27
-15796.1	28
-15758.27	95
-15720.54	-6
-15682.91	-21
-15645.39	70
-15607.97	-8
-15570.64	-31
-15533.42	29
-15496.3	-11
-15459.28	6
-15422.36	60
-15385.54	35
-15348.82	14
-15312.19	39
-15275.66	-27
-15239.23	42
-15202.9	9
-15166.67	31
-15130.53	56
-15094.48	-11
-15058.54	7
-15022.68	63
-14986.93	29
-14951.26	-38
-14915.69	-28
-14880.22	34
-14844.84	63
-14809.55	-33
-14774.35	28
-14739.25	7
-14704.24	73
-14669.32	2
-14634.49	-19
-14599.75	45
-14565.1	41
-14530.55	52
-14496.08	48
-14461.7	9
-14427.41	76
-14393.21	7
-14359.1	30
-14325.07	19
-14291.14	-17
-14257.29	-96
-14223.52	9
-14189.85	5
-14156.26	14
-14122.76	-56
-14089.34	21
-14056.01	-25
-14022.76	52
-13989.6	-4
-13956.52	81
-13923.53	49
-13890.62	1
-13857.79	19
-13825.05	-10
-13792.39	69
-13759.81	48
-13727.31	47
-13694.9	72
-13662.57	-7
-13630.31	48
-13598.14	9
-13566.05	19
-13534.05	15
-13502.12	15
-13470.27	44
-13438.5	30
-13406.8	60
-13375.19	0
-13343.66	-34
-13312.2	24
-13280.83	121
-13249.53	15
-13218.3	-46
-13187.16	21
-13156.09	4
-13125.1	53
-13094.18	33
-13063.34	17
-13032.58	-33
-13001.89	-4
-12971.28	84
-12940.74	0
-12910.27	18
-12879.88	40
-12849.57	-13
-12819.33	21
-12789.16	-1
-12759.06	15
-12729.04	16
-12699.09	412
-12669.21	-10
-12639.41	20
-12609.68	44
-12580.02	-4
-12550.43	51
-12520.91	-13
-12491.46	29
-12462.08	-1
-12432.77	-7
-12403.54	79
-12374.37	34
-12345.27	-29
-12316.24	13
-12287.29	52
-12258.4	72
-12229.57	-8
-12200.82	47
-12172.14	-57
-12143.52	36
-12114.97	-11
-12086.49	50
-12058.07	54
-12029.73	0
-12001.44	55
-11973.23	15
-11945.08	19
-11917	40
-11888.98	68
-11861.03	54
-11833.15	65
-11805.32	41
-11777.57	-76
-11749.88	29
-11722.25	67
-11694.69	-13
-11667.19	70
-11639.75	96
-11612.38	-8
-11585.07	29
-11557.83	-115
-11530.65	74
-11503.53	8
-11476.47	10
-11449.48	83
-11422.54	89
-11395.67	22
-11368.86	53
-11342.11	113
-11315.43	-7
-11288.8	16
-11262.23	36
-11235.73	43
-11209.28	111
-11182.9	41
-11156.57	5
-11130.31	10
-11104.1	-38
-11077.96	20
-11051.87	10
-11025.84	29
-10999.87	-20
-10973.96	40
-10948.11	47
-10922.31	11
-10896.58	66
-10870.9	69
-10845.28	17
-10819.71	-32
-10794.2	17
-10768.75	2
-10743.36	18
-10718.02	37
-10692.74	1
-10667.52	-9
-10642.35	73
-10617.24	53
-10592.18	-5
-10567.18	41
-10542.23	55
-10517.34	63
-10492.51	37
-10467.72	83
-10443	41
-10418.32	15
-10393.7	68
-10369.14	38
-10344.63	10
-10320.17	60
-10295.77	51
-10271.42	77
-10247.12	36
-10222.88	43
-10198.68	95
-10174.54	107
-10150.46	65
-10126.42	97
-10102.44	22
-10078.51	79
-10054.63	132
-10030.8	83
-10007.03	77
-9983.3	141
-9959.63	58
-9936.01	131
-9912.44	79
-9888.92	103
-9865.44	131
-9842.02	123
-9818.65	140
-9795.33	67
-9772.06	94
-9748.84	91
-9725.67	134
-9702.55	225
-9679.47	246
-9656.45	200
-9633.47	218
-9610.55	195
-9587.67	266
-9564.84	326
-9542.06	304
-9519.32	390
-9496.64	476
-9474	444
-9451.41	376
-9428.87	362
-9406.37	365
-9383.92	280
-9361.52	453
-9339.17	460
-9316.86	480
-9294.6	699
-9272.38	683
-9250.21	742
-9228.09	688
-9206.01	673
-9183.98	740
-9162	606
-9140.06	548
-9118.16	544
-9096.31	647
-9074.51	621
-9052.75	682
-9031.04	674
-9009.37	640
-8987.74	491
-8966.16	523
-8944.63	373
-8923.14	476
-8901.69	423
-8880.29	353
-8858.93	529
-8837.61	611
-8816.34	732
-8795.11	566
-8773.92	575
-8752.78	484
-8731.68	412
-8710.62	413
-8689.61	482
-8668.63	515
-8647.7	515
-8626.82	625
-8605.97	499
-8585.17	531
-8564.41	473
-8543.69	367
-8523.01	399
-8502.37	456
-8481.78	427
-8461.23	476
-8440.71	606
-8420.24	534
-8399.81	589
-8379.42	603
-8359.08	472
-8338.77	449
-8318.5	495
-8298.27	291
-8278.09	502
-8257.94	500
-8237.83	581
-8217.76	609
-8197.74	558
-8177.75	505
-8157.8	443
-8137.89	385
-8118.02	348
-8098.19	415
-8078.4	422
-8058.65	391
-8038.93	489
-8019.26	418
-7999.62	445
-7980.02	445
-7960.46	411
-7940.94	329
-7921.46	374
-7902.01	295
-7882.6	371
-7863.23	273
-7843.9	336
-7824.61	311
-7805.35	395
-7786.13	381
-7766.95	427
-7747.8	368
-7728.69	323
-7709.62	400
-7690.59	356
-7671.59	311
-7652.63	436
-7633.7	445
-7614.81	349
-7595.96	345
-7577.15	367
-7558.37	402
-7539.62	402
-7520.91	394
-7502.24	388
-7483.6	356
-7465	376
-7446.44	304
-7427.91	241
-7409.41	205
-7390.95	219
-7372.53	295
-7354.14	273
-7335.78	293
-7317.46	330
-7299.18	301
-7280.92	372
-7262.71	431
-7244.52	378
-7226.38	360
-7208.26	358
-7190.18	269
-7172.14	287
-7154.12	283
-7136.15	330
-7118.2	419
-7100.29	363
-7082.41	392
-7064.57	382
-7046.76	301
-7028.98	304
-7011.24	266
-6993.53	278
-6975.85	195
-6958.2	203
-6940.59	214
-6923.01	104
-6905.46	224
-6887.94	198
-6870.46	1226
-6853.01	350
-6835.59	366
-6818.21	325
-6800.85	231
-6783.53	207
-6766.24	31
-6748.98	134
-6731.76	131
-6714.56	152
-6697.4	134
-6680.26	137
-6663.16	220
-6646.09	160
-6629.05	311
-6612.05	254
-6595.07	279
-6578.13	235
-6561.21	127
-6544.33	177
-6527.47	120
-6510.65	148
-6493.86	147
-6477.1	121
-6460.36	250
-6443.66	103
-6426.99	118
-6410.35	182
-6393.74	159
-6377.16	176
-6360.61	200
-6344.09	238
-6327.59	217
-6311.13	203
-6294.7	187
-6278.29	192
-6261.92	197
-6245.58	339
-6229.26	197
-6212.97	191
-6196.72	191
-6180.49	164
-6164.29	65
-6148.12	83
-6131.98	32
-6115.86	90
-6099.78	34
-6083.72	144
-6067.69	77
-6051.69	-7
-6035.72	97
-6019.78	150
-6003.87	183
-5987.98	191
-5972.12	186
-5956.29	233
-5940.49	146
-5924.71	63
-5908.96	94
-5893.24	108
-5877.55	114
-5861.89	39
-5846.25	53
-5830.64	90
-5815.05	129
-5799.5	105
-5783.97	101
-5768.47	106
-5752.99	113
-5737.55	193
-5722.12	200
-5706.73	220
-5691.36	135
-5676.02	133
-5660.71	81
-5645.42	75
-5630.16	99
-5614.92	77
-5599.71	157
-5584.53	134
-5569.37	147
-5554.24	117
-5539.14	25
-5524.06	119
-5509.01	94
-5493.98	157
-5478.98	120
-5464	99
-5449.05	133
-5434.13	61
-5419.23	33
-5404.36	103
-5389.51	161
-5374.69	238
-5359.89	256
-5345.12	222
-5330.37	234
-5315.65	184
-5300.95	137
-5286.28	157
-5271.63	137
-5257.01	186
-5242.41	167
-5227.84	86
-5213.29	120
-5198.76	89
-5184.26	72
-5169.79	58
-5155.33	75
-5140.91	95
-5126.51	87
-5112.13	169
-5097.77	114
-5083.44	71
-5069.13	137
-5054.85	52
-5040.59	9
-5026.36	68
-5012.15	117
-4997.96	160
-4983.8	126
-4969.66	102
-4955.54	90
-4941.44	105
-4927.37	164
-4913.33	218
-4899.3	191
-4885.3	123
-4871.33	80
-4857.37	25
-4843.44	140
-4829.53	58
-4815.65	79
-4801.79	102
-4787.95	115
-4774.13	58
-4760.34	54
-4746.56	10
-4732.82	59
-4719.09	140
-4705.38	211
-4691.7	162
-4678.04	171
-4664.41	141
-4650.79	85
-4637.2	31
-4623.63	112
-4610.08	125
-4596.56	133
-4583.05	130
-4569.57	50
-4556.11	31
-4542.67	90
-4529.25	141
-4515.86	156
-4502.49	109
-4489.13	186
-4475.8	151
-4462.49	90
-4449.21	17
-4435.94	74
-4422.7	109
-4409.47	53
-4396.27	96
-4383.09	28
-4369.93	93
-4356.79	98
-4343.67	5
-4330.58	110
-4317.5	37
-4304.45	47
-4291.41	120
-4278.4	107
-4265.41	42
-4252.44	29
-4239.49	81
-4226.55	123
-4213.65	80
-4200.76	70
-4187.89	10
-4175.04	19
-4162.21	51
-4149.4	60
-4136.61	9
-4123.85	-17
-4111.1	22
-4098.37	30
-4085.66	37
-4072.98	75
-4060.31	17
-4047.66	4
-4035.04	98
-4022.43	52
-4009.84	71
-3997.27	50
-3984.72	0
-3972.19	-5
-3959.69	-7
-3947.2	-1
-3934.73	15
-3922.27	3
-3909.84	21
-3897.43	21
-3885.04	35
-3872.67	30
-3860.31	14
-3847.98	22
-3835.66	89
-3823.36	-7
-3811.09	39
-3798.83	56
-3786.59	24
-3774.37	23
-3762.17	40
-3749.98	25
-3737.82	-1
-3725.67	-13
-3713.55	68
-3701.44	-23
-3689.35	-3
-3677.28	32
-3665.22	0
-3653.19	34
-3641.17	-5
-3629.18	73
-3617.2	-37
-3605.24	43
-3593.3	-16
-3581.37	39
-3569.47	113
-3557.58	0
-3545.71	13
-3533.86	-29
-3522.02	4
-3510.21	83
-3498.41	-42
-3486.63	64
-3474.87	-4
-3463.12	-9
-3451.4	42
-3439.69	44
-3428	32
-3416.33	36
-3404.67	-4
-3393.03	34
-3381.41	-45
-3369.81	74
-3358.22	-28
-3346.66	6
-3335.1	14
-3323.57	69
-3312.06	60
-3300.56	-5
-3289.08	7
-3277.61	-7
-3266.16	-2
-3254.73	71
-3243.32	-26
-3231.92	-36
-3220.55	51
-3209.18	-14
-3197.84	11
-3186.51	-34
-3175.2	89
-3163.9	39
-3152.63	30
-3141.36	71
-3130.12	-23
-3118.89	45
-3107.68	-8
-3096.49	103
-3085.31	67
-3074.15	76
-3063	18
-3051.87	42
-3040.76	30
-3029.67	36
-3018.59	23
-3007.52	32
-2996.48	2
-2985.44	63
-2974.43	4
-2963.43	84
-2952.45	30
-2941.48	15
-2930.53	-18
-2919.6	77
-2908.68	-13
-2897.78	1
-2886.89	23
-2876.02	-8
-2865.17	12
-2854.33	20
-2843.5	-3
-2832.7	14
-2821.9	36
-2811.13	-32
-2800.37	7
-2789.62	18
-2778.89	-65
-2768.18	35
-2757.48	46
-2746.8	31
-2736.13	19
-2725.48	14
-2714.84	58
-2704.22	50
-2693.61	37
-2683.02	-3
-2672.45	-37
-2661.89	24
-2651.34	25
-2640.81	-23
-2630.3	38
-2619.8	-13
-2609.31	-17
-2598.84	63
-2588.39	62
-2577.95	49
-2567.52	-3
-2557.11	-13
-2546.71	-27
-2536.33	15
-2525.97	26
-2515.62	-8
-2505.28	25
-2494.96	12
-2484.65	0
-2474.36	9
-2464.08	23
-2453.82	21
-2443.57	28
-2433.33	45
-2423.11	-2
-2412.91	42
-2402.72	38
-2392.54	10
-2382.38	38
-2372.23	15
-2362.09	1374
-2351.97	20
-2341.87	-5
-2331.78	-54
-2321.7	64
-2311.64	8
-2301.59	25
-2291.55	5
-2281.53	83
-2271.53	-38
-2261.53	-5
-2251.55	78
-2241.59	4
-2231.64	44
-2221.7	6
-2211.78	15
-2201.87	53
-2191.97	23
-2182.09	-3
-2172.22	60
-2162.37	31
-2152.53	-9
-2142.7	16
-2132.89	25
-2123.09	9
-2113.3	3
-2103.53	69
-2093.77	112
-2084.02	63
-2074.29	72
-2064.57	110
-2054.86	-42
-2045.17	20
-2035.49	3
-2025.82	4
-2016.17	10
-2006.53	11
-1996.91	30
-1987.29	-15
-1977.69	60
-1968.11	32
-1958.53	23
-1948.97	10
-1939.42	11
-1929.89	37
-1920.37	9
-1910.86	38
-1901.36	14
-1891.88	40
-1882.41	49
-1872.95	3
-1863.51	53
-1854.08	39
-1844.66	-65
-1835.26	63
-1825.86	15
-1816.48	25
-1807.11	6
-1797.76	15
-1788.42	54
-1779.09	22
-1769.77	134
-1760.47	18
-1751.17	19
-1741.89	75
-1732.63	92
-1723.37	42
-1714.13	2
-1704.9	84
-1695.68	26
-1686.48	32
-1677.29	29
-1668.11	41
-1658.94	-14
-1649.78	44
-1640.64	28
-1631.51	41
-1622.39	-10
-1613.28	25
-1604.19	19
-1595.1	52
-1586.03	-4
-1576.97	15
-1567.93	52
-1558.89	78
-1549.87	-23
-1540.86	33
-1531.86	28
-1522.87	61
-1513.9	-18
-1504.93	-14
-1495.98	14
-1487.04	29
-1478.12	31
-1469.2	56
-1460.3	16
-1451.4	14
-1442.52	9
-1433.65	-33
-1424.8	15
-1415.95	51
-1407.12	26
-1398.3	68
-1389.48	135
-1380.69	-35
-1371.9	24
-1363.12	74
-1354.36	41
-1345.6	16
-1336.86	-18
-1328.13	-2
-1319.41	-30
-1310.7	-10
-1302.01	-48
-1293.32	45
-1284.65	21
-1275.99	6
-1267.33	55
-1258.69	18
-1250.06	49
-1241.45	67
-1232.84	61
-1224.25	41
-1215.66	26
-1207.09	28
-1198.53	20
-1189.97	4
-1181.43	-2
-1172.91	40
-1164.39	22
-1155.88	43
-1147.38	-22
-1138.9	111
-1130.43	87
-1121.96	16
-1113.51	13
-1105.07	22
-1096.64	31
-1088.22	47
-1079.81	59
-1071.41	52
-1063.02	44
-1054.65	15
-1046.28	119
-1037.92	9
-1029.58	39
-1021.24	27
-1012.92	43
-1004.61	79
-996.3	23
-988.01	67
-979.73	37
-971.46	31
-963.2	36
-954.95	41
-946.71	-40
-938.48	40
-930.26	-39
-922.06	-17
-913.86	18
-905.67	62
-897.49	32
-889.33	37
-881.17	12
-873.02	-28
-864.89	-49
-856.76	41
-848.65	89
-840.54	38
-832.45	22
-824.36	36
-816.29	71
-808.22	24
-800.17	59
-792.12	-5
-784.09	7
-776.06	38
-768.05	38
-760.04	56
-752.05	30
-744.07	11
-736.09	-64
-728.13	45
-720.17	-64
-712.23	20
-704.29	15
-696.37	56
-688.45	56
-680.55	36
-672.65	-1
-664.77	-8
-656.89	13
-649.03	-28
-641.17	4
-633.32	-17
-625.49	22
-617.66	18
-609.84	32
-602.03	4
-594.23	66
-586.45	55
-578.67	19
-570.9	51
-563.14	-22
-555.39	42
-547.65	-18
-539.91	58
-532.19	39
-524.48	-46
-516.78	-33
-509.08	49
-501.4	34
-493.72	46
-486.06	15
-478.4	77
-470.76	20
-463.12	48
-455.49	28
-447.87	31
-440.26	99
-432.66	70
-425.07	54
-417.49	27
-409.92	26
-402.35	-17
-394.8	17
-387.25	26
-379.72	70
-372.19	7
-364.67	45
-357.17	50
-349.67	48
-342.18	3
-334.69	-6
-327.22	-6
-319.76	34
-312.3	60
-304.86	58
-297.42	30
-290	49
-282.58	16
-275.17	122
-267.77	35
-260.37	-10
-252.99	60
-245.62	120
-238.25	77
-230.9	76
-223.55	126
-216.21	-8
-208.88	62
-201.56	53
-194.25	65
-186.94	99
-179.65	106
-172.36	92
-165.08	165
-157.81	111
-150.55	106
-143.3	96
-136.06	157
-128.82	148
-121.6	221
-114.38	155
-107.17	143
-99.97	275
-92.78	324
-85.6	336
-78.42	444
-71.25	442
-64.1	497
-56.95	618
-49.81	741
-42.67	885
-35.55	1076
-28.43	1589
-21.33	2836
-14.23	11655
-7.14	59608
-0.05	59471
7.02	59405
14.09	19346
21.14	4858
28.19	2506
35.23	1640
42.27	1296
49.29	1112
56.31	853
63.32	802
70.32	620
77.31	546
84.29	464
91.27	409
98.23	483
105.19	344
112.14	486
119.09	587
126.02	815
132.95	936
139.87	947
146.78	865
153.68	809
160.58	825
167.46	880
174.34	806
181.21	801
188.08	750
194.93	777
201.78	721
208.62	689
215.45	746
222.27	778
229.09	756
235.9	675
242.7	723
249.49	687
256.27	581
263.05	714
269.82	622
276.58	654
283.33	549
290.08	606
296.82	608
303.55	531
310.27	556
316.98	620
323.69	571
330.39	589
337.08	494
343.76	532
350.44	465
357.11	551
363.77	537
370.42	490
377.07	484
383.71	512
390.34	559
396.96	488
403.58	458
410.19	501
416.79	527
423.38	500
429.97	520
436.55	534
443.12	495
449.68	462
456.24	440
462.79	385
469.33	447
475.86	433
482.39	418
488.91	494
495.42	441
501.93	415
508.42	460
514.91	368
521.4	422
527.87	399
534.34	410
540.8	388
547.25	362
553.7	444
560.14	389
566.57	349
573	424
579.41	376
585.83	350
592.23	420
598.62	394
605.01	373
611.4	374
617.77	415
624.14	375
630.5	378
636.85	326
643.2	381
649.54	399
655.87	344
662.2	344
668.52	321
674.83	361
681.13	347
687.43	384
693.72	404
700	339
706.28	307
712.55	353
718.81	448
725.07	415
731.32	324
737.56	364
743.79	424
750.02	307
756.24	399
762.46	348
768.67	368
774.87	345
781.06	396
787.25	314
793.43	336
799.6	402
805.77	364
811.93	366
818.08	378
824.23	355
830.37	381
836.5	461
842.63	381
848.75	366
854.87	418
860.97	384
867.07	368
873.17	403
879.25	435
885.33	447
891.41	452
897.47	530
903.53	436
909.59	438
915.63	355
921.67	342
927.71	354
933.74	312
939.76	388
945.77	357
951.78	357
957.78	339
963.78	354
969.77	415
975.75	336
981.72	280
987.69	363
993.66	325
999.61	359
1005.56	385
1011.51	347
1017.44	433
1023.37	390
1029.3	450
1035.22	437
1041.13	491
1047.03	474
1052.93	761
1058.83	1215
1064.71	1365
1070.59	925
1076.47	739
1082.33	618
1088.2	640
1094.05	500
1099.9	491
1105.74	509
1111.58	494
1117.41	711
1123.23	1137
1129.05	1420
1134.86	1102
1140.67	590
1146.47	430
1152.26	425
1158.05	422
1163.83	563
1169.6	547
1175.37	451
1181.13	410
1186.89	364
1192.64	364
1198.38	333
1204.12	352
1209.85	384
1215.58	359
1221.3	282
1227.02	362
1232.72	403
1238.43	347
1244.12	362
1249.81	410
1255.5	386
1261.17	422
1266.85	490
1272.51	442
1278.17	531
1283.83	729
1289.47	1360
1295.12	1798
1300.75	1387
1306.38	989
1312.01	689
1317.63	563
1323.24	471
1328.85	439
1334.45	404
1340.04	406
1345.63	469
1351.22	458
1356.8	410
1362.37	527
1367.93	484
1373.49	511
1379.05	469
1384.6	418
1390.14	447
1395.68	401
1401.21	507
1406.74	596
1412.26	860
1417.77	1001
1423.28	930
1428.78	1154
1434.28	1493
1439.77	1815
1445.26	1648
1450.74	1452
1456.22	1450
1461.68	1377
1467.15	1109
1472.61	943
1478.06	789
1483.51	542
1488.95	501
1494.38	389
1499.81	423
1505.24	412
1510.65	339
1516.07	358
1521.48	363
1526.88	287
1532.27	325
1537.67	355
1543.05	317
1548.43	379
1553.81	334
1559.18	242
1564.54	330
1569.9	294
1575.25	329
1580.6	270
1585.94	288
1591.28	299
1596.61	319
1601.93	207
1607.25	305
1612.57	279
1617.88	193
1623.18	252
1628.48	221
1633.77	210
1639.06	345
1644.34	278
1649.62	275
1654.89	318
1660.16	233
1665.42	154
1670.67	209
1675.92	327
1681.17	265
1686.41	232
1691.64	154
1696.87	188
1702.1	215
1707.32	279
1712.53	200
1717.74	186
1722.94	214
1728.14	189
1733.33	187
1738.52	220
1743.7	150
1748.88	246
1754.05	163
1759.22	262
1764.38	122
1769.53	188
1774.69	195
1779.83	168
1784.97	220
1790.11	188
1795.24	156
1800.36	209
1805.48	129
1810.6	184
1815.71	181
1820.82	204
1825.92	201
1831.01	209
1836.1	152
1841.19	180
1846.26	186
1851.34	208
1856.41	160
1861.47	165
1866.53	171
1871.59	157
1876.64	204
1881.68	152
1886.72	87
1891.76	212
1896.79	166
1901.81	134
1906.83	100
1911.85	102
1916.86	140
1921.86	189
1926.86	165
1931.86	128
1936.85	151
1941.83	221
1946.81	107
1951.79	132
1956.76	146
1961.72	125
1966.68	176
1971.64	173
1976.59	170
1981.54	127
1986.48	180
1991.42	194
1996.35	128
2001.27	117
2006.2	125
2011.11	122
2016.03	169
2020.93	100
2025.84	60
2030.73	178
2035.63	171
2040.52	88
2045.4	176
2050.28	140
2055.15	178
2060.02	179
2064.89	168
2069.75	99
2074.6	66
2079.46	137
2084.3	117
2089.14	101
2093.98	126
2098.81	94
2103.64	206
2108.46	158
2113.28	92
2118.09	139
2122.9	166
2127.7	142
2132.5	133
2137.3	116
2142.09	126
2146.87	95
2151.66	104
2156.43	167
2161.2	98
2165.97	159
2170.73	132
2175.49	96
2180.24	152
2184.99	148
2189.74	183
2194.48	200
2199.21	138
2203.94	158
2208.67	111
2213.39	115
2218.11	127
2222.82	95
2227.53	180
2232.23	131
2236.93	113
2241.63	131
2246.32	76
2251	93
2255.68	129
2260.36	132
2265.03	177
2269.7	80
2274.36	138
2279.02	76
2283.68	109
2288.33	37
2292.97	88
2297.61	119
2302.25	111
2306.88	65
2311.51	106
2316.14	113
2320.75	105
2325.37	103
2329.98	165
2334.59	83
2339.19	136
2343.79	100
2348.38	156
2352.97	91
2357.55	43
2362.13	156
2366.71	110
2371.28	37
2375.85	137
2380.41	86
2384.97	92
2389.52	133
2394.07	93
2398.62	109
2403.16	93
2407.7	126
2412.23	98
2416.76	171
2421.29	84
2425.81	134
2430.32	68
2434.84	90
2439.34	137
2443.85	166
2448.35	47
2452.84	53
2457.33	113
2461.82	81
2466.3	77
2470.78	89
2475.25	77
2479.72	133
2484.19	52
2488.65	17
2493.11	66
2497.56	34
2502.01	36
2506.46	90
2510.9	53
2515.34	118
2519.77	85
2524.2	69
2528.62	146
2533.04	42
2537.46	131
2541.87	86
2546.28	138
2550.68	117
2555.08	130
2559.48	26
2563.87	115
2568.26	109
2572.64	126
2577.02	96
2581.4	51
2585.77	65
2590.14	98
2594.5	145
2598.86	107
2603.22	138
2607.57	81
2611.92	79
2616.26	129
2620.6	129
2624.94	195
2629.27	103
2633.6	148
2637.92	80
2642.24	174
2646.56	115
2650.87	177
2655.18	197
2659.48	145
2663.78	160
2668.08	207
2672.37	161
2676.66	176
2680.95	220
2685.23	181
2689.5	142
2693.78	202
2698.05	192
2702.31	176
2706.57	256
2710.83	297
2715.08	233
2719.33	285
2723.58	321
2727.82	184
2732.06	298
2736.29	247
2740.53	241
2744.75	263
2748.97	156
2753.19	167
2757.41	216
2761.62	229
2765.83	180
2770.03	220
2774.23	239
2778.43	267
2782.62	197
2786.81	232
2791	249
2795.18	230
2799.35	312
2803.53	322
2807.7	283
2811.86	318
2816.03	408
2820.19	452
2824.34	422
2828.49	569
2832.64	727
2836.78	848
2840.92	1106
2845.06	1309
2849.19	1569
2853.32	1586
2857.45	1508
2861.57	1466
2865.69	1392
2869.8	1421
2873.91	1575
2878.02	1749
2882.12	1788
2886.22	1732
2890.32	1669
2894.41	1537
2898.5	1380
2902.58	1160
2906.67	1097
2910.74	992
2914.82	956
2918.89	797
2922.96	815
2927.02	760
2931.08	739
2935.13	650
2939.19	650
2943.24	530
2947.28	399
2951.32	420
2955.36	364
2959.4	398
2963.43	339
2967.46	262
2971.48	310
2975.5	254
2979.52	235
2983.53	218
2987.54	178
2991.55	136
2995.55	169
2999.55	153
3003.54	127
3007.54	128
3011.53	101
3015.51	126
3019.49	144
3023.47	134
3027.45	157
3031.42	129
3035.39	29
3039.35	89
3043.31	73
3047.27	73
3051.22	97
3055.17	66
3059.12	89
3063.06	62
3067	110
3070.94	70
3074.87	127
3078.8	60
3082.73	50
3086.65	95
3090.57	34
3094.49	40
3098.4	55
3102.31	90
3106.22	30
3110.12	106
3114.02	110
3117.92	36
3121.81	-6
3125.7	18
3129.58	14
3133.47	6
3137.34	-1
3141.22	66
3145.09	107
3148.96	75
3152.83	99
3156.69	73
3160.55	23
3164.4	39
3168.26	109
3172.1	65
3175.95	96
3179.79	70
3183.63	11
3187.47	79
3191.3	34
3195.13	18
3198.95	106
3202.78	48
3206.6	80
3210.41	51
3214.23	76
3218.03	26
3221.84	6
3225.64	59
3229.44	85
3233.24	50
3237.03	16
3240.82	35
3244.61	55
3248.39	59
3252.17	45
3255.95	13
3259.72	-4
3263.49	-28
3267.26	66
3271.03	82
3274.79	51
3278.54	25
3282.3	-11
3286.05	19
3289.8	-34
3293.54	43
3297.29	82
3301.02	-2
3304.76	27
3308.49	37
3312.22	66
3315.95	-35
3319.67	9
3323.39	23
3327.1	60
3330.82	45
3334.53	93
3338.24	46
3341.94	10
3345.64	32
3349.34	97
3353.03	64
3356.72	37
3360.41	94
3364.1	9
3367.78	14
3371.46	9
3375.13	40
3378.81	18
3382.48	-13
3386.14	98
3389.81	-16
3393.47	65
3397.12	58
3400.78	2
3404.43	26
3408.08	77
3411.72	25
3415.36	12
3419	26
3422.64	54
3426.27	66
3429.9	-10
3433.53	46
3437.15	87
3440.77	-12
3444.39	78
3448	48
3451.62	-11
3455.22	86
3458.83	32
3462.43	27
3466.03	70
3469.63	75
3473.22	108
3476.81	-26
3480.4	95
3483.99	43
3487.57	2
3491.15	30
3494.72	49
3498.29	11
3501.86	15
3505.43	32
3508.99	-54
3512.56	-19
3516.11	76
3519.67	49
3523.22	40
3526.77	4
3530.32	33
3533.86	87
3537.4	85
3540.94	-21
3544.47	34
3548	-18
3551.53	34
3555.06	10
3558.58	82
3562.1	48
3565.62	61
3569.13	9
3572.64	-11
3576.15	44
3579.66	-12
3583.16	-12
3586.66	25
3590.16	-35
3593.65	79
3597.14	4
3600.63	6
3604.11	4
3607.6	61
3611.08	7
3614.55	54
3618.03	32
3621.5	5
3624.97	38
3628.43	29
3631.9	51
3635.36	12
3638.81	51
3642.27	-10
3645.72	16
3649.17	34
3652.61	28
3656.06	30
3659.5	29
3662.93	14
3666.37	12
3669.8	34
3673.23	82
3676.65	-31
3680.08	22
3683.5	-16
3686.92	19
3690.33	47
3693.74	27
3697.15	43
3700.56	-18
3703.96	28
3707.36	56
3710.76	-45
3714.16	74
3717.55	-41
3720.94	-14
3724.33	1
3727.71	13
3731.1	-44
3734.48	21
3737.85	12
3741.23	41
3744.6	14
3747.97	24
3751.33	32
3754.69	10
3758.05	-6
3761.41	6
3764.77	45
3768.12	25
3771.47	83
3774.82	26
3778.16	0
3781.5	-5
3784.84	-1
3788.18	6
