-37534,58	35,00
-37414,56	9,00
-37295,11	11,00
-37176,24	16,00
-37057,95	1444,00
-36940,22	1490,00
-36823,05	1611,00
-36706,45	1695,00
-36590,40	1829,00
-36474,90	1668,00
-36359,95	1894,00
-36245,55	1952,00
-36131,68	1839,00
-36018,35	1800,00
-35905,55	1927,00
-35793,29	1779,00
-35681,54	1967,00
-35570,32	1764,00
-35459,62	1858,00
-35349,43	1879,00
-35239,75	1927,00
-35130,58	1768,00
-35021,91	2043,00
-34913,74	1807,00
-34806,07	1803,00
-34698,89	1869,00
-34592,20	1953,00
-34486,00	1992,00
-34380,28	2003,00
-34275,04	1837,00
-34170,27	1703,00
-34065,98	2111,00
-33962,16	2017,00
-33858,81	2091,00
-33755,92	1751,00
-33653,49	2018,00
-33551,52	2014,00
-33450,01	1894,00
-33348,94	1995,00
-33248,33	1944,00
-33148,16	1984,00
-33048,43	2163,00
-32949,14	2231,00
-32850,29	2217,00
-32751,87	2049,00
-32653,89	1974,00
-32556,33	2202,00
-32459,20	1982,00
-32362,49	2050,00
-32266,19	2070,00
-32170,32	2040,00
-32074,86	2103,00
-31979,82	1877,00
-31885,18	2288,00
-31790,95	2334,00
-31697,12	2095,00
-31603,69	2132,00
-31510,67	2253,00
-31418,04	2040,00
-31325,80	2198,00
-31233,95	2298,00
-31142,49	2053,00
-31051,42	1954,00
-30960,73	2232,00
-30870,43	2335,00
-30780,50	2034,00
-30690,95	2135,00
-30601,77	2327,00
-30512,97	2087,00
-30424,53	2052,00
-30336,46	2155,00
-30248,76	2177,00
-30161,42	2064,00
-30074,44	1978,00
-29987,81	2203,00
-29901,55	2305,00
-29815,63	2024,00
-29730,07	2229,00
-29644,86	2084,00
-29560,00	2105,00
-29475,48	2146,00
-29391,30	1982,00
-29307,47	1774,00
-29223,97	2096,00
-29140,81	2150,00
-29057,99	2055,00
-28975,50	2035,00
-28893,34	2275,00
-28811,51	1976,00
-28730,00	2077,00
-28648,82	2150,00
-28567,97	2308,00
-28487,43	1876,00
-28407,21	2235,00
-28327,32	1900,00
-28247,73	2292,00
-28168,46	1910,00
-28089,50	2100,00
-28010,85	2044,00
-27932,51	2013,00
-27854,48	2314,00
-27776,75	1896,00
-27699,32	1974,00
-27622,19	2159,00
-27545,37	2068,00
-27468,84	2051,00
-27392,60	2162,00
-27316,66	2091,00
-27241,01	2232,00
-27165,66	2028,00
-27090,59	1930,00
-27015,81	2163,00
-26941,31	2286,00
-26867,10	2104,00
-26793,17	2179,00
-26719,52	2067,00
-26646,15	2062,00
-26573,06	1871,00
-26500,24	2043,00
-26427,70	2050,00
-26355,43	2105,00
-26283,43	2017,00
-26211,71	2176,00
-26140,25	2145,00
-26069,06	2345,00
-25998,13	1939,00
-25927,46	1948,00
-25857,06	1979,00
-25786,92	2210,00
-25717,04	1944,00
-25647,42	2157,00
-25578,05	1886,00
-25508,94	2204,00
-25440,09	2026,00
-25371,48	1983,00
-25303,13	2132,00
-25235,02	2041,00
-25167,17	2141,00
-25099,56	2304,00
-25032,19	1910,00
-24965,07	1789,00
-24898,20	2070,00
-24831,56	2170,00
-24765,17	2046,00
-24699,01	2083,00
-24633,10	2199,00
-24567,41	2130,00
-24501,97	2312,00
-24436,75	2061,00
-24371,77	2043,00
-24307,03	1949,00
-24242,51	1932,00
-24178,22	2243,00
-24114,16	2071,00
-24050,32	2384,00
-23986,71	2037,00
-23923,32	1937,00
-23860,16	1848,00
-23797,22	2005,00
-23734,50	2022,00
-23672,00	1934,00
-23609,71	1953,00
-23547,65	1824,00
-23485,80	2156,00
-23424,16	2009,00
-23362,74	2264,00
-23301,53	2004,00
-23240,54	1927,00
-23179,75	1916,00
-23119,17	2052,00
-23058,80	2028,00
-22998,64	2148,00
-22938,68	1914,00
-22878,93	2112,00
-22819,39	2028,00
-22760,04	1887,00
-22700,90	2114,00
-22641,96	1955,00
-22583,22	2058,00
-22524,68	2042,00
-22466,33	2064,00
-22408,19	2024,00
-22350,23	2083,00
-22292,48	2098,00
-22234,92	2070,00
-22177,55	2086,00
-22120,37	2254,00
-22063,38	2119,00
-22006,58	2027,00
-21949,98	1972,00
-21893,56	1724,00
-21837,33	2036,00
-21781,28	2013,00
-21725,42	1832,00
-21669,74	2002,00
-21614,25	2132,00
-21558,94	2094,00
-21503,81	2085,00
-21448,86	2241,00
-21394,10	1909,00
-21339,51	1943,00
-21285,10	1998,00
-21230,86	1823,00
-21176,81	1846,00
-21122,93	1979,00
-21069,22	1798,00
-21015,69	1954,00
-20962,33	2223,00
-20909,14	1841,00
-20856,13	2079,00
-20803,28	2176,00
-20750,61	1849,00
-20698,10	2035,00
-20645,76	1962,00
-20593,59	2045,00
-20541,59	2059,00
-20489,75	2175,00
-20438,07	1937,00
-20386,56	2141,00
-20335,22	1991,00
-20284,03	1862,00
-20233,01	1896,00
-20182,15	2072,00
-20131,45	2055,00
-20080,91	1991,00
-20030,52	1800,00
-19980,30	2037,00
-19930,23	1801,00
-19880,32	2045,00
-19830,56	2060,00
-19780,96	1997,00
-19731,52	1890,00
-19682,23	2022,00
-19633,09	2020,00
-19584,10	1853,00
-19535,26	2028,00
-19486,58	2118,00
-19438,04	2202,00
-19389,66	2011,00
-19341,42	1937,00
-19293,33	1994,00
-19245,39	2151,00
-19197,60	1943,00
-19149,95	2073,00
-19102,45	2088,00
-19055,09	1735,00
-19007,87	2200,00
-18960,80	1893,00
-18913,87	2146,00
-18867,09	1850,00
-18820,44	1989,00
-18773,94	2043,00
-18727,57	2059,00
-18681,35	1833,00
-18635,26	2023,00
-18589,31	1816,00
-18543,50	1860,00
-18497,83	2013,00
-18452,29	2106,00
-18406,89	1866,00
-18361,63	2103,00
-18316,50	2047,00
-18271,50	1956,00
-18226,63	2209,00
-18181,90	2130,00
-18137,30	2117,00
-18092,84	1964,00
-18048,50	2053,00
-18004,29	1847,00
-17960,22	2061,00
-17916,27	1926,00
-17872,45	2037,00
-17828,76	2047,00
-17785,20	2044,00
-17741,77	1905,00
-17698,46	2133,00
-17655,28	1798,00
-17612,22	1881,00
-17569,29	1971,00
-17526,48	2133,00
-17483,79	1952,00
-17441,23	1923,00
-17398,79	1901,00
-17356,48	1835,00
-17314,28	2274,00
-17272,21	2093,00
-17230,26	1931,00
-17188,42	2165,00
-17146,71	2005,00
-17105,12	1981,00
-17063,64	2023,00
-17022,28	2021,00
-16981,04	1913,00
-16939,92	1898,00
-16898,91	2247,00
-16858,02	1933,00
-16817,25	2063,00
-16776,59	1991,00
-16736,04	1820,00
-16695,61	2011,00
-16655,29	1806,00
-16615,09	2093,00
-16574,99	2126,00
-16535,01	1975,00
-16495,15	1934,00
-16455,39	1878,00
-16415,74	1920,00
-16376,21	1973,00
-16336,78	1851,00
-16297,46	1858,00
-16258,26	2010,00
-16219,16	1910,00
-16180,17	2025,00
-16141,28	2049,00
-16102,51	1848,00
-16063,84	1949,00
-16025,27	1849,00
-15986,82	1866,00
-15948,46	1771,00
-15910,22	1879,00
-15872,07	1954,00
-15834,04	1964,00
-15796,10	2110,00
-15758,27	2311,00
-15720,54	1937,00
-15682,91	1930,00
-15645,39	2081,00
-15607,97	1953,00
-15570,64	1961,00
-15533,42	2158,00
-15496,30	1993,00
-15459,28	2100,00
-15422,36	1940,00
-15385,54	2037,00
-15348,82	2104,00
-15312,19	2153,00
-15275,66	2056,00
-15239,23	1887,00
-15202,90	2043,00
-15166,67	1876,00
-15130,53	1885,00
-15094,48	2104,00
-15058,54	2039,00
-15022,68	2017,00
-14986,93	2106,00
-14951,26	2022,00
-14915,69	1896,00
-14880,22	2084,00
-14844,84	1979,00
-14809,55	2026,00
-14774,35	2140,00
-14739,25	2050,00
-14704,24	2001,00
-14669,32	1852,00
-14634,49	1911,00
-14599,75	2064,00
-14565,10	1844,00
-14530,55	1892,00
-14496,08	2006,00
-14461,70	1762,00
-14427,41	1683,00
-14393,21	1848,00
-14359,10	1915,00
-14325,07	1979,00
-14291,14	1946,00
-14257,29	2114,00
-14223,52	1937,00
-14189,85	2293,00
-14156,26	2033,00
-14122,76	2001,00
-14089,34	1866,00
-14056,01	1955,00
-14022,76	2247,00
-13989,60	1946,00
-13956,52	1967,00
-13923,53	1992,00
-13890,62	1963,00
-13857,79	2041,00
-13825,05	1832,00
-13792,39	1979,00
-13759,81	1964,00
-13727,31	1956,00
-13694,90	1973,00
-13662,57	2012,00
-13630,31	2000,00
-13598,14	2146,00
-13566,05	1969,00
-13534,05	1797,00
-13502,12	2086,00
-13470,27	1957,00
-13438,50	2085,00
-13406,80	1954,00
-13375,19	1747,00
-13343,66	2064,00
-13312,20	2171,00
-13280,83	2080,00
-13249,53	1835,00
-13218,30	1762,00
-13187,16	1815,00
-13156,09	2153,00
-13125,10	1906,00
-13094,18	1996,00
-13063,34	2207,00
-13032,58	1748,00
-13001,89	1912,00
-12971,28	1920,00
-12940,74	1815,00
-12910,27	1935,00
-12879,88	1949,00
-12849,57	2176,00
-12819,33	2139,00
-12789,16	1906,00
-12759,06	2001,00
-12729,04	2111,00
-12699,09	4529,00
-12669,21	2071,00
-12639,41	1975,00
-12609,68	1861,00
-12580,02	2105,00
-12550,43	1907,00
-12520,91	1791,00
-12491,46	1885,00
-12462,08	1946,00
-12432,77	2109,00
-12403,54	2131,00
-12374,37	2066,00
-12345,27	2096,00
-12316,24	1884,00
-12287,29	2008,00
-12258,40	1939,00
-12229,57	2169,00
-12200,82	2041,00
-12172,14	2020,00
-12143,52	1845,00
-12114,97	1934,00
-12086,49	2052,00
-12058,07	2039,00
-12029,73	1980,00
-12001,44	2173,00
-11973,23	1840,00
-11945,08	2045,00
-11917,00	2165,00
-11888,98	2085,00
-11861,03	2109,00
-11833,15	2091,00
-11805,32	2124,00
-11777,57	2200,00
-11749,88	1883,00
-11722,25	1928,00
-11694,69	2132,00
-11667,19	1994,00
-11639,75	2056,00
-11612,38	1883,00
-11585,07	1968,00
-11557,83	1959,00
-11530,65	2092,00
-11503,53	2016,00
-11476,47	1933,00
-11449,48	1944,00
-11422,54	2085,00
-11395,67	1942,00
-11368,86	2156,00
-11342,11	2175,00
-11315,43	2022,00
-11288,80	1882,00
-11262,23	2011,00
-11235,73	1899,00
-11209,28	2172,00
-11182,90	2177,00
-11156,57	1991,00
-11130,31	2278,00
-11104,10	1930,00
-11077,96	1963,00
-11051,87	2027,00
-11025,84	2028,00
-10999,87	2061,00
-10973,96	2099,00
-10948,11	1838,00
-10922,31	1948,00
-10896,58	1847,00
-10870,90	2432,00
-10845,28	1892,00
-10819,71	1945,00
-10794,20	1942,00
-10768,75	2086,00
-10743,36	1965,00
-10718,02	1824,00
-10692,74	2050,00
-10667,52	1837,00
-10642,35	1979,00
-10617,24	2175,00
-10592,18	2002,00
-10567,18	1946,00
-10542,23	2159,00
-10517,34	2037,00
-10492,51	2083,00
-10467,72	1801,00
-10443,00	1895,00
-10418,32	1959,00
-10393,70	2028,00
-10369,14	1947,00
-10344,63	1797,00
-10320,17	1958,00
-10295,77	1977,00
-10271,42	1957,00
-10247,12	2106,00
-10222,88	2158,00
-10198,68	1985,00
-10174,54	1871,00
-10150,46	2053,00
-10126,42	2172,00
-10102,44	1931,00
-10078,51	1779,00
-10054,63	1907,00
-10030,80	1896,00
-10007,03	2237,00
-9983,30	1959,00
-9959,63	1952,00
-9936,01	2049,00
-9912,44	1961,00
-9888,92	1819,00
-9865,44	1915,00
-9842,02	2013,00
-9818,65	1961,00
-9795,33	1856,00
-9772,06	1980,00
-9748,84	2067,00
-9725,67	1915,00
-9702,55	1947,00
-9679,47	2120,00
-9656,45	2009,00
-9633,47	1737,00
-9610,55	1667,00
-9587,67	1926,00
-9564,84	2446,00
-9542,06	1835,00
-9519,32	2099,00
-9496,64	2047,00
-9474,00	1847,00
-9451,41	1591,00
-9428,87	1873,00
-9406,37	1982,00
-9383,92	1979,00
-9361,52	2166,00
-9339,17	2077,00
-9316,86	2211,00
-9294,60	1890,00
-9272,38	1937,00
-9250,21	1808,00
-9228,09	1787,00
-9206,01	1934,00
-9183,98	1795,00
-9162,00	1900,00
-9140,06	2108,00
-9118,16	1981,00
-9096,31	1899,00
-9074,51	1538,00
-9052,75	1945,00
-9031,04	1946,00
-9009,37	1854,00
-8987,74	2017,00
-8966,16	2236,00
-8944,63	2216,00
-8923,14	2416,00
-8901,69	2105,00
-8880,29	1731,00
-8858,93	1838,00
-8837,61	1628,00
-8816,34	1622,00
-8795,11	1639,00
-8773,92	1695,00
-8752,78	1703,00
-8731,68	1847,00
-8710,62	1970,00
-8689,61	1672,00
-8668,63	1499,00
-8647,70	1745,00
-8626,82	1577,00
-8605,97	1761,00
-8585,17	1853,00
-8564,41	1919,00
-8543,69	2029,00
-8523,01	1767,00
-8502,37	2191,00
-8481,78	1709,00
-8461,23	1620,00
-8440,71	1554,00
-8420,24	1436,00
-8399,81	1554,00
-8379,42	1463,00
-8359,08	1570,00
-8338,77	1896,00
-8318,50	1824,00
-8298,27	1573,00
-8278,09	1603,00
-8257,94	1240,00
-8237,83	1442,00
-8217,76	1449,00
-8197,74	1398,00
-8177,75	1569,00
-8157,80	1622,00
-8137,89	1668,00
-8118,02	1600,00
-8098,19	1789,00
-8078,40	1560,00
-8058,65	1462,00
-8038,93	1574,00
-8019,26	1450,00
-7999,62	1594,00
-7980,02	1449,00
-7960,46	1528,00
-7940,94	1732,00
-7921,46	1741,00
-7902,01	1650,00
-7882,60	1720,00
-7863,23	1591,00
-7843,90	1709,00
-7824,61	1329,00
-7805,35	1734,00
-7786,13	1564,00
-7766,95	1485,00
-7747,80	1687,00
-7728,69	1831,00
-7709,62	1720,00
-7690,59	1742,00
-7671,59	1716,00
-7652,63	1338,00
-7633,70	1484,00
-7614,81	1770,00
-7595,96	1515,00
-7577,15	1769,00
-7558,37	1533,00
-7539,62	1832,00
-7520,91	1654,00
-7502,24	1751,00
-7483,60	1697,00
-7465,00	1748,00
-7446,44	1566,00
-7427,91	1669,00
-7409,41	2284,00
-7390,95	2113,00
-7372,53	1976,00
-7354,14	2081,00
-7335,78	1815,00
-7317,46	1905,00
-7299,18	1760,00
-7280,92	1761,00
-7262,71	2091,00
-7244,52	1741,00
-7226,38	1547,00
-7208,26	1778,00
-7190,18	1824,00
-7172,14	1769,00
-7154,12	1867,00
-7136,15	1844,00
-7118,20	1882,00
-7100,29	2078,00
-7082,41	1610,00
-7064,57	1905,00
-7046,76	1803,00
-7028,98	1770,00
-7011,24	2188,00
-6993,53	2000,00
-6975,85	2165,00
-6958,20	2122,00
-6940,59	2257,00
-6923,01	2046,00
-6905,46	2028,00
-6887,94	1994,00
-6870,46	2276,00
-6853,01	2089,00
-6835,59	1975,00
-6818,21	1835,00
-6800,85	2322,00
-6783,53	2121,00
-6766,24	2176,00
-6748,98	2149,00
-6731,76	2331,00
-6714,56	2299,00
-6697,40	2121,00
-6680,26	1992,00
-6663,16	2127,00
-6646,09	2222,00
-6629,05	2045,00
-6612,05	2014,00
-6595,07	2019,00
-6578,13	2076,00
-6561,21	2104,00
-6544,33	2232,00
-6527,47	2216,00
-6510,65	2064,00
-6493,86	2360,00
-6477,10	2232,00
-6460,36	2454,00
-6443,66	2298,00
-6426,99	2111,00
-6410,35	2015,00
-6393,74	2045,00
-6377,16	2124,00
-6360,61	2095,00
-6344,09	2107,00
-6327,59	2002,00
-6311,13	1984,00
-6294,70	2023,00
-6278,29	2059,00
-6261,92	1708,00
-6245,58	1882,00
-6229,26	1998,00
-6212,97	2173,00
-6196,72	2129,00
-6180,49	2439,00
-6164,29	2181,00
-6148,12	2216,00
-6131,98	2377,00
-6115,86	2348,00
-6099,78	2241,00
-6083,72	2277,00
-6067,69	2279,00
-6051,69	2226,00
-6035,72	2098,00
-6019,78	2127,00
-6003,87	2147,00
-5987,98	2192,00
-5972,12	2121,00
-5956,29	2086,00
-5940,49	2072,00
-5924,71	2251,00
-5908,96	1971,00
-5893,24	2081,00
-5877,55	2176,00
-5861,89	2254,00
-5846,25	2365,00
-5830,64	2397,00
-5815,05	2241,00
-5799,50	2088,00
-5783,97	1924,00
-5768,47	2022,00
-5752,99	2371,00
-5737,55	2044,00
-5722,12	2176,00
-5706,73	2197,00
-5691,36	2167,00
-5676,02	2087,00
-5660,71	2378,00
-5645,42	2211,00
-5630,16	2188,00
-5614,92	2181,00
-5599,71	2125,00
-5584,53	2215,00
-5569,37	2162,00
-5554,24	2619,00
-5539,14	2169,00
-5524,06	1963,00
-5509,01	2205,00
-5493,98	2226,00
-5478,98	2517,00
-5464,00	2191,00
-5449,05	2256,00
-5434,13	2194,00
-5419,23	2253,00
-5404,36	1979,00
-5389,51	2036,00
-5374,69	2024,00
-5359,89	2219,00
-5345,12	2041,00
-5330,37	2245,00
-5315,65	2306,00
-5300,95	2175,00
-5286,28	1891,00
-5271,63	1987,00
-5257,01	2356,00
-5242,41	2384,00
-5227,84	2194,00
-5213,29	2368,00
-5198,76	2156,00
-5184,26	2278,00
-5169,79	2307,00
-5155,33	2234,00
-5140,91	2187,00
-5126,51	2229,00
-5112,13	2047,00
-5097,77	2200,00
-5083,44	2163,00
-5069,13	1949,00
-5054,85	2013,00
-5040,59	1945,00
-5026,36	2284,00
-5012,15	2357,00
-4997,96	2119,00
-4983,80	2113,00
-4969,66	2138,00
-4955,54	1963,00
-4941,44	1852,00
-4927,37	1988,00
-4913,33	2309,00
-4899,30	1966,00
-4885,30	1914,00
-4871,33	2047,00
-4857,37	1997,00
-4843,44	2002,00
-4829,53	2102,00
-4815,65	2383,00
-4801,79	2134,00
-4787,95	2307,00
-4774,13	2058,00
-4760,34	2168,00
-4746,56	2054,00
-4732,82	1965,00
-4719,09	2151,00
-4705,38	2174,00
-4691,70	2112,00
-4678,04	2026,00
-4664,41	1988,00
-4650,79	2171,00
-4637,20	2029,00
-4623,63	2103,00
-4610,08	1999,00
-4596,56	2217,00
-4583,05	2113,00
-4569,57	2047,00
-4556,11	2249,00
-4542,67	1745,00
-4529,25	1963,00
-4515,86	1855,00
-4502,49	2152,00
-4489,13	2057,00
-4475,80	1947,00
-4462,49	1861,00
-4449,21	2208,00
-4435,94	1873,00
-4422,70	1834,00
-4409,47	1805,00
-4396,27	2057,00
-4383,09	2151,00
-4369,93	1969,00
-4356,79	2133,00
-4343,67	1973,00
-4330,58	1952,00
-4317,50	2082,00
-4304,45	2003,00
-4291,41	1925,00
-4278,40	1992,00
-4265,41	1980,00
-4252,44	1938,00
-4239,49	1844,00
-4226,55	2151,00
-4213,65	2189,00
-4200,76	2101,00
-4187,89	1886,00
-4175,04	2029,00
-4162,21	1991,00
-4149,40	1943,00
-4136,61	2260,00
-4123,85	1955,00
-4111,10	1946,00
-4098,37	2015,00
-4085,66	2043,00
-4072,98	2045,00
-4060,31	2081,00
-4047,66	2301,00
-4035,04	2115,00
-4022,43	2239,00
-4009,84	2122,00
-3997,27	1865,00
-3984,72	1989,00
-3972,19	2053,00
-3959,69	1967,00
-3947,20	1957,00
-3934,73	2056,00
-3922,27	1898,00
-3909,84	1862,00
-3897,43	2019,00
-3885,04	2151,00
-3872,67	1943,00
-3860,31	1999,00
-3847,98	1972,00
-3835,66	1972,00
-3823,36	2082,00
-3811,09	1897,00
-3798,83	1889,00
-3786,59	2188,00
-3774,37	2229,00
-3762,17	1804,00
-3749,98	1869,00
-3737,82	1854,00
-3725,67	2527,00
-3713,55	1813,00
-3701,44	2222,00
-3689,35	2119,00
-3677,28	2239,00
-3665,22	2043,00
-3653,19	1878,00
-3641,17	2041,00
-3629,18	2057,00
-3617,20	2116,00
-3605,24	2192,00
-3593,30	2206,00
-3581,37	1923,00
-3569,47	2232,00
-3557,58	2046,00
-3545,71	2238,00
-3533,86	1968,00
-3522,02	2078,00
-3510,21	2002,00
-3498,41	2128,00
-3486,63	2007,00
-3474,87	2092,00
-3463,12	1970,00
-3451,40	2203,00
-3439,69	2013,00
-3428,00	1910,00
-3416,33	2375,00
-3404,67	1869,00
-3393,03	2104,00
-3381,41	2088,00
-3369,81	2051,00
-3358,22	2083,00
-3346,66	2304,00
-3335,10	2048,00
-3323,57	1892,00
-3312,06	2374,00
-3300,56	2112,00
-3289,08	1802,00
-3277,61	1912,00
-3266,16	2129,00
-3254,73	2234,00
-3243,32	2086,00
-3231,92	2201,00
-3220,55	1988,00
-3209,18	2166,00
-3197,84	1914,00
-3186,51	1946,00
-3175,20	1997,00
-3163,90	2055,00
-3152,63	2120,00
-3141,36	2025,00
-3130,12	2207,00
-3118,89	2170,00
-3107,68	2046,00
-3096,49	2173,00
-3085,31	2183,00
-3074,15	1922,00
-3063,00	2118,00
-3051,87	2189,00
-3040,76	1996,00
-3029,67	2136,00
-3018,59	2309,00
-3007,52	2209,00
-2996,48	2147,00
-2985,44	1954,00
-2974,43	2179,00
-2963,43	1978,00
-2952,45	1899,00
-2941,48	2070,00
-2930,53	2019,00
-2919,60	2115,00
-2908,68	2022,00
-2897,78	2023,00
-2886,89	2338,00
-2876,02	1966,00
-2865,17	2176,00
-2854,33	2024,00
-2843,50	2202,00
-2832,70	2053,00
-2821,90	2043,00
-2811,13	1963,00
-2800,37	1715,00
-2789,62	2184,00
-2778,89	2203,00
-2768,18	2173,00
-2757,48	2034,00
-2746,80	2181,00
-2736,13	1948,00
-2725,48	1988,00
-2714,84	2010,00
-2704,22	2156,00
-2693,61	2096,00
-2683,02	2067,00
-2672,45	1838,00
-2661,89	2266,00
-2651,34	2088,00
-2640,81	2108,00
-2630,30	2372,00
-2619,80	1944,00
-2609,31	2142,00
-2598,84	1891,00
-2588,39	2003,00
-2577,95	1945,00
-2567,52	1797,00
-2557,11	1997,00
-2546,71	2052,00
-2536,33	2104,00
-2525,97	2039,00
-2515,62	2201,00
-2505,28	2017,00
-2494,96	2034,00
-2484,65	2031,00
-2474,36	2824,00
-2464,08	2184,00
-2453,82	2188,00
-2443,57	2128,00
-2433,33	2024,00
-2423,11	2003,00
-2412,91	2048,00
-2402,72	1865,00
-2392,54	2100,00
-2382,38	1928,00
-2372,23	2132,00
-2362,09	7522,00
-2351,97	2106,00
-2341,87	1980,00
-2331,78	2155,00
-2321,70	2132,00
-2311,64	1982,00
-2301,59	1891,00
-2291,55	1742,00
-2281,53	2037,00
-2271,53	1880,00
-2261,53	2080,00
-2251,55	2306,00
-2241,59	1923,00
-2231,64	2114,00
-2221,70	2105,00
-2211,78	1987,00
-2201,87	1984,00
-2191,97	2205,00
-2182,09	1978,00
-2172,22	2017,00
-2162,37	2048,00
-2152,53	1878,00
-2142,70	1931,00
-2132,89	1752,00
-2123,09	2052,00
-2113,30	2011,00
-2103,53	2133,00
-2093,77	2047,00
-2084,02	1919,00
-2074,29	2375,00
-2064,57	2066,00
-2054,86	2045,00
-2045,17	2050,00
-2035,49	2283,00
-2025,82	2041,00
-2016,17	2079,00
-2006,53	1866,00
-1996,91	1997,00
-1987,29	1858,00
-1977,69	2012,00
-1968,11	1963,00
-1958,53	2004,00
-1948,97	2047,00
-1939,42	1824,00
-1929,89	2046,00
-1920,37	2088,00
-1910,86	2106,00
-1901,36	2251,00
-1891,88	2126,00
-1882,41	2018,00
-1872,95	2197,00
-1863,51	1965,00
-1854,08	2147,00
-1844,66	2205,00
-1835,26	1946,00
-1825,86	2064,00
-1816,48	1949,00
-1807,11	1946,00
-1797,76	2058,00
-1788,42	2154,00
-1779,09	2305,00
-1769,77	2011,00
-1760,47	2297,00
-1751,17	1874,00
-1741,89	2139,00
-1732,63	2089,00
-1723,37	2286,00
-1714,13	2340,00
-1704,90	1984,00
-1695,68	2176,00
-1686,48	2126,00
-1677,29	1995,00
-1668,11	2354,00
-1658,94	2181,00
-1649,78	2025,00
-1640,64	2006,00
-1631,51	1936,00
-1622,39	1982,00
-1613,28	2117,00
-1604,19	2161,00
-1595,10	1987,00
-1586,03	2031,00
-1576,97	1968,00
-1567,93	1976,00
-1558,89	2207,00
-1549,87	2072,00
-1540,86	1934,00
-1531,86	2014,00
-1522,87	1898,00
-1513,90	2351,00
-1504,93	2120,00
-1495,98	2127,00
-1487,04	2143,00
-1478,12	2212,00
-1469,20	1963,00
-1460,30	2225,00
-1451,40	2223,00
-1442,52	2024,00
-1433,65	2252,00
-1424,80	2066,00
-1415,95	2027,00
-1407,12	2447,00
-1398,30	2090,00
-1389,48	2079,00
-1380,69	2092,00
-1371,90	2101,00
-1363,12	2040,00
-1354,36	2250,00
-1345,60	1866,00
-1336,86	2162,00
-1328,13	2393,00
-1319,41	2034,00
-1310,70	1973,00
-1302,01	2057,00
-1293,32	1939,00
-1284,65	2075,00
-1275,99	2275,00
-1267,33	2175,00
-1258,69	1985,00
-1250,06	2064,00
-1241,45	2041,00
-1232,84	2277,00
-1224,25	2132,00
-1215,66	2144,00
-1207,09	2204,00
-1198,53	2121,00
-1189,97	2088,00
-1181,43	1880,00
-1172,91	2165,00
-1164,39	2355,00
-1155,88	1851,00
-1147,38	1855,00
-1138,90	2047,00
-1130,43	2034,00
-1121,96	2013,00
-1113,51	2003,00
-1105,07	1926,00
-1096,64	2143,00
-1088,22	2208,00
-1079,81	1988,00
-1071,41	2272,00
-1063,02	1920,00
-1054,65	2139,00
-1046,28	2025,00
-1037,92	2161,00
-1029,58	2100,00
-1021,24	1988,00
-1012,92	2556,00
-1004,61	2110,00
-996,30	2598,00
-988,01	1971,00
-979,73	1974,00
-971,46	2190,00
-963,20	1845,00
-954,95	1920,00
-946,71	2075,00
-938,48	1931,00
-930,26	2048,00
-922,06	2009,00
-913,86	1990,00
-905,67	1983,00
-897,49	2146,00
-889,33	1840,00
-881,17	2162,00
-873,02	1964,00
-864,89	1978,00
-856,76	2045,00
-848,65	1971,00
-840,54	2054,00
-832,45	2211,00
-824,36	1726,00
-816,29	2117,00
-808,22	2117,00
-800,17	2281,00
-792,12	2251,00
-784,09	2330,00
-776,06	1986,00
-768,05	2126,00
-760,04	2104,00
-752,05	2083,00
-744,07	2268,00
-736,09	2057,00
-728,13	1966,00
-720,17	1995,00
-712,23	1790,00
-704,29	1978,00
-696,37	2101,00
-688,45	2131,00
-680,55	1935,00
-672,65	2100,00
-664,77	2070,00
-656,89	1934,00
-649,03	1892,00
-641,17	2145,00
-633,32	2211,00
-625,49	2077,00
-617,66	2100,00
-609,84	2080,00
-602,03	1967,00
-594,23	2011,00
-586,45	2000,00
-578,67	2021,00
-570,90	1883,00
-563,14	1877,00
-555,39	2162,00
-547,65	2192,00
-539,91	2078,00
-532,19	2140,00
-524,48	2255,00
-516,78	2050,00
-509,08	2189,00
-501,40	1947,00
-493,72	2092,00
-486,06	1786,00
-478,40	2428,00
-470,76	2122,00
-463,12	2010,00
-455,49	1847,00
-447,87	1925,00
-440,26	2018,00
-432,66	2024,00
-425,07	2109,00
-417,49	2101,00
-409,92	1887,00
-402,35	1911,00
-394,80	1898,00
-387,25	2020,00
-379,72	2096,00
-372,19	2011,00
-364,67	2062,00
-357,17	2172,00
-349,67	2113,00
-342,18	2186,00
-334,69	2151,00
-327,22	2016,00
-319,76	2200,00
-312,30	2252,00
-304,86	2108,00
-297,42	1980,00
-290,00	2232,00
-282,58	2163,00
-275,17	2252,00
-267,77	2213,00
-260,37	2234,00
-252,99	2081,00
-245,62	2166,00
-238,25	2087,00
-230,90	2039,00
-223,55	2503,00
-216,21	2045,00
-208,88	2277,00
-201,56	2326,00
-194,25	2395,00
-186,94	2343,00
-179,65	2248,00
-172,36	2259,00
-165,08	2405,00
-157,81	2482,00
-150,55	2532,00
-143,30	2702,00
-136,06	2696,00
-128,82	2706,00
-121,60	2855,00
-114,38	2984,00
-107,17	2931,00
-99,97	3275,00
-92,78	3397,00
-85,60	3509,00
-78,42	3734,00
-71,25	4002,00
-64,10	4188,00
-56,95	4773,00
-49,81	5336,00
-42,67	6143,00
-35,55	6985,00
-28,43	8921,00
-21,33	13653,00
-14,23	41741,00
-7,14	52288,00
-0,05	51937,00
7,02	51328,00
14,09	51858,00
21,14	31733,00
28,19	15308,00
35,23	10395,00
42,27	8698,00
49,29	7289,00
56,31	6409,00
63,32	5996,00
70,32	4856,00
77,31	4481,00
84,29	4189,00
91,27	4107,00
98,23	4230,00
105,19	4015,00
112,14	4134,00
119,09	5943,00
126,02	8745,00
132,95	9824,00
139,87	10253,00
146,78	10350,00
153,68	9882,00
160,58	9694,00
167,46	9440,00
174,34	9384,00
181,21	9401,00
188,08	9257,00
194,93	9427,00
201,78	9282,00
208,62	9513,00
215,45	9746,00
222,27	9810,00
229,09	10274,00
235,90	9862,00
242,70	9848,00
249,49	9985,00
256,27	9415,00
263,05	9283,00
269,82	8834,00
276,58	8768,00
283,33	8602,00
290,08	8465,00
296,82	8232,00
303,55	8215,00
310,27	7949,00
316,98	7962,00
323,69	8020,00
330,39	8061,00
337,08	8194,00
343,76	8031,00
350,44	7876,00
357,11	8106,00
363,77	7751,00
370,42	7681,00
377,07	8080,00
383,71	8015,00
390,34	7705,00
396,96	7322,00
403,58	7254,00
410,19	7597,00
416,79	7576,00
423,38	7729,00
429,97	7378,00
436,55	7462,00
443,12	7454,00
449,68	7308,00
456,24	7333,00
462,79	7214,00
469,33	7007,00
475,86	6879,00
482,39	6752,00
488,91	7046,00
495,42	6789,00
501,93	6715,00
508,42	6504,00
514,91	6929,00
521,40	6685,00
527,87	6530,00
534,34	6324,00
540,80	6520,00
547,25	6720,00
553,70	6473,00
560,14	6791,00
566,57	6499,00
573,00	6533,00
579,41	6391,00
585,83	6264,00
592,23	6438,00
598,62	6369,00
605,01	6272,00
611,40	6280,00
617,77	6568,00
624,14	6258,00
630,50	6361,00
636,85	6402,00
643,20	6372,00
649,54	6090,00
655,87	5996,00
662,20	6252,00
668,52	6146,00
674,83	6302,00
681,13	6119,00
687,43	6128,00
693,72	5993,00
700,00	5944,00
706,28	6117,00
712,55	6013,00
718,81	6085,00
725,07	5946,00
731,32	5928,00
737,56	6071,00
743,79	6006,00
750,02	6122,00
756,24	5914,00
762,46	6005,00
768,67	6425,00
774,87	5914,00
781,06	5888,00
787,25	5968,00
793,43	6048,00
799,60	5838,00
805,77	6138,00
811,93	5662,00
818,08	5793,00
824,23	5776,00
830,37	6174,00
836,50	5843,00
842,63	5850,00
848,75	5560,00
854,87	5810,00
860,97	5780,00
867,07	5651,00
873,17	5824,00
879,25	5841,00
885,33	5837,00
891,41	5792,00
897,47	5810,00
903,53	5807,00
909,59	6068,00
915,63	5763,00
921,67	5819,00
927,71	5932,00
933,74	6051,00
939,76	5744,00
945,77	5744,00
951,78	5932,00
957,78	5736,00
963,78	5838,00
969,77	5558,00
975,75	5460,00
981,72	5499,00
987,69	7500,00
993,66	5950,00
999,61	5775,00
1005,56	5626,00
1011,51	5652,00
1017,44	5491,00
1023,37	5518,00
1029,30	5724,00
1035,22	5803,00
1041,13	5550,00
1047,03	5789,00
1052,93	6101,00
1058,83	6371,00
1064,71	6916,00
1070,59	6626,00
1076,47	6190,00
1082,33	6042,00
1088,20	6476,00
1094,05	6461,00
1099,90	6602,00
1105,74	6141,00
1111,58	5984,00
1117,41	6478,00
1123,23	6780,00
1129,05	6871,00
1134,86	6767,00
1140,67	6034,00
1146,47	5660,00
1152,26	5776,00
1158,05	5668,00
1163,83	5664,00
1169,60	5416,00
1175,37	5513,00
1181,13	5512,00
1186,89	5258,00
1192,64	5395,00
1198,38	5531,00
1204,12	5117,00
1209,85	5022,00
1215,58	5227,00
1221,30	5142,00
1227,02	5344,00
1232,72	5269,00
1238,43	4993,00
1244,12	5200,00
1249,81	5024,00
1255,50	5542,00
1261,17	5374,00
1266,85	5405,00
1272,51	5472,00
1278,17	5697,00
1283,83	5616,00
1289,47	6360,00
1295,12	7030,00
1300,75	6677,00
1306,38	6177,00
1312,01	5549,00
1317,63	5607,00
1323,24	5599,00
1328,85	5757,00
1334,45	5681,00
1340,04	5806,00
1345,63	5708,00
1351,22	5996,00
1356,80	5915,00
1362,37	6152,00
1367,93	6200,00
1373,49	6347,00
1379,05	6160,00
1384,60	6292,00
1390,14	6191,00
1395,68	5856,00
1401,21	5708,00
1406,74	5903,00
1412,26	5991,00
1417,77	6443,00
1423,28	6049,00
1428,78	6182,00
1434,28	6600,00
1439,77	6989,00
1445,26	6631,00
1450,74	6786,00
1456,22	6488,00
1461,68	6134,00
1467,15	6511,00
1472,61	6141,00
1478,06	5983,00
1483,51	5676,00
1488,95	5224,00
1494,38	5401,00
1499,81	4993,00
1505,24	4848,00
1510,65	5189,00
1516,07	4884,00
1521,48	4767,00
1526,88	4687,00
1532,27	4788,00
1537,67	4723,00
1543,05	4879,00
1548,43	4655,00
1553,81	4782,00
1559,18	4606,00
1564,54	4594,00
1569,90	4585,00
1575,25	4504,00
1580,60	4479,00
1585,94	4630,00
1591,28	4558,00
1596,61	4351,00
1601,93	4608,00
1607,25	4750,00
1612,57	4607,00
1617,88	4723,00
1623,18	4595,00
1628,48	4518,00
1633,77	4689,00
1639,06	4555,00
1644,34	4375,00
1649,62	4354,00
1654,89	4673,00
1660,16	4422,00
1665,42	4483,00
1670,67	4326,00
1675,92	4228,00
1681,17	4262,00
1686,41	4179,00
1691,64	4335,00
1696,87	4027,00
1702,10	4175,00
1707,32	4092,00
1712,53	4234,00
1717,74	4347,00
1722,94	4111,00
1728,14	4181,00
1733,33	4019,00
1738,52	4088,00
1743,70	4195,00
1748,88	3990,00
1754,05	4161,00
1759,22	3906,00
1764,38	4580,00
1769,53	3997,00
1774,69	4001,00
1779,83	3753,00
1784,97	4025,00
1790,11	3938,00
1795,24	3914,00
1800,36	4055,00
1805,48	3867,00
1810,60	3896,00
1815,71	3783,00
1820,82	3760,00
1825,92	3761,00
1831,01	3763,00
1836,10	3888,00
1841,19	3850,00
1846,26	3553,00
1851,34	3700,00
1856,41	3947,00
1861,47	3901,00
1866,53	3753,00
1871,59	3802,00
1876,64	3854,00
1881,68	3730,00
1886,72	3844,00
1891,76	3762,00
1896,79	3769,00
1901,81	3551,00
1906,83	3717,00
1911,85	3504,00
1916,86	3764,00
1921,86	3692,00
1926,86	3609,00
1931,86	3488,00
1936,85	3457,00
1941,83	3631,00
1946,81	3615,00
1951,79	3707,00
1956,76	3345,00
1961,72	3192,00
1966,68	3443,00
1971,64	3364,00
1976,59	3492,00
1981,54	3192,00
1986,48	3616,00
1991,42	3348,00
1996,35	3757,00
2001,27	3378,00
2006,20	3323,00
2011,11	3280,00
2016,03	3339,00
2020,93	3358,00
2025,84	3270,00
2030,73	3214,00
2035,63	3125,00
2040,52	3365,00
2045,40	3385,00
2050,28	3241,00
2055,15	3408,00
2060,02	3171,00
2064,89	3520,00
2069,75	3480,00
2074,60	3522,00
2079,46	3266,00
2084,30	3352,00
2089,14	3241,00
2093,98	3528,00
2098,81	3205,00
2103,64	3236,00
2108,46	3211,00
2113,28	3160,00
2118,09	3163,00
2122,90	3307,00
2127,70	3068,00
2132,50	3351,00
2137,30	3288,00
2142,09	2963,00
2146,87	3078,00
2151,66	3191,00
2156,43	3400,00
2161,20	3175,00
2165,97	3152,00
2170,73	3124,00
2175,49	3405,00
2180,24	3151,00
2184,99	3222,00
2189,74	3333,00
2194,48	3315,00
2199,21	3203,00
2203,94	2985,00
2208,67	2914,00
2213,39	3039,00
2218,11	3057,00
2222,82	3040,00
2227,53	2972,00
2232,23	3014,00
2236,93	3069,00
2241,63	3147,00
2246,32	3018,00
2251,00	2948,00
2255,68	3109,00
2260,36	2962,00
2265,03	3120,00
2269,70	3166,00
2274,36	2953,00
2279,02	3050,00
2283,68	2968,00
2288,33	2809,00
2292,97	2962,00
2297,61	2983,00
2302,25	3008,00
2306,88	2894,00
2311,51	2691,00
2316,14	2973,00
2320,75	2918,00
2325,37	2996,00
2329,98	3108,00
2334,59	2760,00
2339,19	2830,00
2343,79	2701,00
2348,38	3001,00
2352,97	2887,00
2357,55	3095,00
2362,13	2848,00
2366,71	2763,00
2371,28	3006,00
2375,85	2819,00
2380,41	2950,00
2384,97	3026,00
2389,52	2842,00
2394,07	2926,00
2398,62	2865,00
2403,16	2876,00
2407,70	2734,00
2412,23	2900,00
2416,76	3041,00
2421,29	2903,00
2425,81	3005,00
2430,32	2988,00
2434,84	2624,00
2439,34	2835,00
2443,85	2937,00
2448,35	2718,00
2452,84	2705,00
2457,33	2898,00
2461,82	2729,00
2466,30	2784,00
2470,78	2689,00
2475,25	2553,00
2479,72	2956,00
2484,19	2829,00
2488,65	2662,00
2493,11	2616,00
2497,56	2798,00
2502,01	2658,00
2506,46	2697,00
2510,90	2670,00
2515,34	2729,00
2519,77	2725,00
2524,20	2721,00
2528,62	2697,00
2533,04	2739,00
2537,46	2799,00
2541,87	2590,00
2546,28	2553,00
2550,68	2647,00
2555,08	2606,00
2559,48	2691,00
2563,87	2528,00
2568,26	2496,00
2572,64	2715,00
2577,02	2653,00
2581,40	2422,00
2585,77	2458,00
2590,14	2338,00
2594,50	2499,00
2598,86	2627,00
2603,22	2546,00
2607,57	2673,00
2611,92	2707,00
2616,26	2772,00
2620,60	2732,00
2624,94	2558,00
2629,27	2754,00
2633,60	2657,00
2637,92	2678,00
2642,24	2864,00
2646,56	2602,00
2650,87	2544,00
2655,18	2864,00
2659,48	2506,00
2663,78	2573,00
2668,08	2598,00
2672,37	2488,00
2676,66	2642,00
2680,95	2724,00
2685,23	2691,00
2689,50	2475,00
2693,78	2616,00
2698,05	2571,00
2702,31	2650,00
2706,57	2609,00
2710,83	2739,00
2715,08	2706,00
2719,33	2968,00
2723,58	2689,00
2727,82	2743,00
2732,06	2555,00
2736,29	2855,00
2740,53	2799,00
2744,75	2696,00
2748,97	2815,00
2753,19	2636,00
2757,41	2693,00
2761,62	2759,00
2765,83	2645,00
2770,03	2454,00
2774,23	2535,00
2778,43	2584,00
2782,62	2801,00
2786,81	2799,00
2791,00	2685,00
2795,18	2795,00
2799,35	2798,00
2803,53	2699,00
2807,70	2862,00
2811,86	2656,00
2816,03	3056,00
2820,19	2702,00
2824,34	2882,00
2828,49	2900,00
2832,64	3208,00
2836,78	3426,00
2840,92	3411,00
2845,06	3961,00
2849,19	4037,00
2853,32	4173,00
2857,45	4100,00
2861,57	4095,00
2865,69	4072,00
2869,80	4074,00
2873,91	3978,00
2878,02	4324,00
2882,12	4667,00
2886,22	4294,00
2890,32	4468,00
2894,41	4359,00
2898,50	4145,00
2902,58	3898,00
2906,67	4073,00
2910,74	3784,00
2914,82	3714,00
2918,89	3612,00
2922,96	3482,00
2927,02	3388,00
2931,08	3260,00
2935,13	3078,00
2939,19	3251,00
2943,24	3075,00
2947,28	3127,00
2951,32	2959,00
2955,36	2758,00
2959,40	2967,00
2963,43	2882,00
2967,46	2798,00
2971,48	2494,00
2975,50	2735,00
2979,52	2552,00
2983,53	2726,00
2987,54	2416,00
2991,55	2547,00
2995,55	2490,00
2999,55	2235,00
3003,54	2264,00
3007,54	2446,00
3011,53	2336,00
3015,51	2541,00
3019,49	2572,00
3023,47	2397,00
3027,45	2427,00
3031,42	2297,00
3035,39	2138,00
3039,35	2334,00
3043,31	2332,00
3047,27	2315,00
3051,22	2455,00
3055,17	2072,00
3059,12	2210,00
3063,06	2240,00
3067,00	2050,00
3070,94	2179,00
3074,87	2406,00
3078,80	2182,00
3082,73	2221,00
3086,65	2427,00
3090,57	1958,00
3094,49	2251,00
3098,40	2252,00
3102,31	2218,00
3106,22	2243,00
3110,12	2505,00
3114,02	2160,00
3117,92	2492,00
3121,81	2098,00
3125,70	2310,00
3129,58	2231,00
3133,47	2151,00
3137,34	2315,00
3141,22	2224,00
3145,09	2443,00
3148,96	2209,00
3152,83	1967,00
3156,69	2422,00
3160,55	2037,00
3164,40	2288,00
3168,26	2173,00
3172,10	2455,00
3175,95	2370,00
3179,79	2359,00
3183,63	2156,00
3187,47	2021,00
3191,30	2242,00
3195,13	2490,00
3198,95	2103,00
3202,78	2085,00
3206,60	2062,00
3210,41	2087,00
3214,23	2077,00
3218,03	2069,00
3221,84	2122,00
3225,64	2144,00
3229,44	2092,00
3233,24	2271,00
3237,03	2201,00
3240,82	2068,00
3244,61	2075,00
3248,39	2084,00
3252,17	2027,00
3255,95	2519,00
3259,72	2245,00
3263,49	2602,00
3267,26	2087,00
3271,03	1988,00
3274,79	2073,00
3278,54	2103,00
3282,30	1970,00
3286,05	2136,00
3289,80	2028,00
3293,54	2085,00
3297,29	2269,00
3301,02	2160,00
3304,76	2103,00
3308,49	2313,00
3312,22	1983,00
3315,95	2213,00
3319,67	2187,00
3323,39	2250,00
3327,10	2267,00
3330,82	2152,00
3334,53	2037,00
3338,24	2060,00
3341,94	2119,00
3345,64	2158,00
3349,34	1987,00
3353,03	2129,00
3356,72	2210,00
3360,41	2256,00
3364,10	2121,00
3367,78	2083,00
3371,46	2117,00
3375,13	2098,00
3378,81	2185,00
3382,48	2163,00
3386,14	2025,00
3389,81	2075,00
3393,47	2165,00
3397,12	2387,00
3400,78	2173,00
3404,43	2121,00
3408,08	2263,00
3411,72	2072,00
3415,36	2076,00
3419,00	2114,00
3422,64	2005,00
3426,27	2197,00
3429,90	1967,00
3433,53	2002,00
3437,15	2053,00
3440,77	1833,00
3444,39	2055,00
3448,00	2062,00
3451,62	2153,00
3455,22	2097,00
3458,83	1849,00
3462,43	1871,00
3466,03	2185,00
3469,63	2065,00
3473,22	1970,00
3476,81	2126,00
3480,40	2042,00
3483,99	1879,00
3487,57	2064,00
3491,15	1911,00
3494,72	1947,00
3498,29	2063,00
3501,86	1995,00
3505,43	2153,00
3508,99	2134,00
3512,56	2000,00
3516,11	2135,00
3519,67	1903,00
3523,22	2103,00
3526,77	2006,00
3530,32	1961,00
3533,86	1894,00
3537,40	2012,00
3540,94	2291,00
3544,47	1827,00
3548,00	1848,00
3551,53	2072,00
3555,06	1880,00
3558,58	2167,00
3562,10	1980,00
3565,62	1956,00
3569,13	1961,00
3572,64	2159,00
3576,15	1827,00
3579,66	1998,00
3583,16	2088,00
3586,66	1917,00
3590,16	2032,00
3593,65	1924,00
3597,14	1756,00
3600,63	1889,00
3604,11	2202,00
3607,60	2065,00
3611,08	2003,00
3614,55	2011,00
3618,03	1915,00
3621,50	1784,00
3624,97	1981,00
3628,43	2193,00
3631,90	1991,00
3635,36	1831,00
3638,81	1682,00
3642,27	1997,00
3645,72	1980,00
3649,17	1988,00
3652,61	1872,00
3656,06	1936,00
3659,50	1876,00
3662,93	1875,00
3666,37	1880,00
3669,80	2092,00
3673,23	1993,00
3676,65	2015,00
3680,08	2205,00
3683,50	1631,00
3686,92	1903,00
3690,33	1839,00
3693,74	1845,00
3697,15	1671,00
3700,56	1857,00
3703,96	1914,00
3707,36	1676,00
3710,76	1906,00
3714,16	1757,00
3717,55	1802,00
3720,94	1806,00
3724,33	1788,00
3727,71	1812,00
3731,10	1829,00
3734,48	1888,00
3737,85	1734,00
3741,23	1809,00
3744,60	1756,00
3747,97	1661,00
3751,33	1820,00
3754,69	1810,00
3758,05	1791,00
3761,41	1577,00
3764,77	1633,00
3768,12	1698,00
3771,47	1382,00
3774,82	1614,00
3778,16	-23,00
3781,50	13,00
3784,84	15,00
3788,18	15,00
