-37534.58	6
-37414.56	5
-37295.11	-1
-37176.24	6
-37057.95	26
-36940.22	21
-36823.05	40
-36706.45	11
-36590.4	24
-36474.9	32
-36359.95	5
-36245.55	37
-36131.68	-29
-36018.35	-48
-35905.55	45
-35793.29	-2
-35681.54	-29
-35570.32	69
-35459.62	13
-35349.43	21
-35239.75	-26
-35130.58	34
-35021.91	-5
-34913.74	2
-34806.07	-13
-34698.89	19
-34592.2	38
-34486	-10
-34380.28	77
-34275.04	50
-34170.27	34
-34065.98	62
-33962.16	-20
-33858.81	19
-33755.92	14
-33653.49	-45
-33551.52	44
-33450.01	34
-33348.94	-6
-33248.33	68
-33148.16	-1
-33048.43	3
-32949.14	13
-32850.29	32
-32751.87	17
-32653.89	61
-32556.33	-16
-32459.2	18
-32362.49	-25
-32266.19	15
-32170.32	-15
-32074.86	-11
-31979.82	29
-31885.18	-50
-31790.95	71
-31697.12	40
-31603.69	24
-31510.67	0
-31418.04	-24
-31325.8	25
-31233.95	-58
-31142.49	52
-31051.42	31
-30960.73	-2
-30870.43	29
-30780.5	19
-30690.95	7
-30601.77	-12
-30512.97	-37
-30424.53	54
-30336.46	68
-30248.76	26
-30161.42	72
-30074.44	-15
-29987.81	-13
-29901.55	12
-29815.63	-47
-29730.07	45
-29644.86	-35
-29560	-1
-29475.48	71
-29391.3	30
-29307.47	61
-29223.97	-2
-29140.81	-8
-29057.99	70
-28975.5	12
-28893.34	71
-28811.51	-7
-28730	-12
-28648.82	-52
-28567.97	-4
-28487.43	50
-28407.21	-6
-28327.32	12
-28247.73	-14
-28168.46	48
-28089.5	-16
-28010.85	96
-27932.51	5
-27854.48	0
-27776.75	49
-27699.32	43
-27622.19	28
-27545.37	20
-27468.84	-31
-27392.6	-44
-27316.66	16
-27241.01	42
-27165.66	5
-27090.59	37
-27015.81	39
-26941.31	46
-26867.1	44
-26793.17	46
-26719.52	34
-26646.15	70
-26573.06	60
-26500.24	2
-26427.7	13
-26355.43	3
-26283.43	26
-26211.71	31
-26140.25	60
-26069.06	20
-25998.13	13
-25927.46	-5
-25857.06	42
-25786.92	34
-25717.04	27
-25647.42	80
-25578.05	20
-25508.94	9
-25440.09	7
-25371.48	-17
-25303.13	-28
-25235.02	33
-25167.17	18
-25099.56	-5
-25032.19	16
-24965.07	52
-24898.2	40
-24831.56	83
-24765.17	20
-24699.01	13
-24633.1	31
-24567.41	-37
-24501.97	29
-24436.75	63
-24371.77	-10
-24307.03	56
-24242.51	5
-24178.22	13
-24114.16	-23
-24050.32	-20
-23986.71	68
-23923.32	23
-23860.16	55
-23797.22	-40
-23734.5	26
-23672	-12
-23609.71	22
-23547.65	13
-23485.8	73
-23424.16	56
-23362.74	-2
-23301.53	26
-23240.54	63
-23179.75	64
-23119.17	32
-23058.8	25
-22998.64	-38
-22938.68	-28
-22878.93	50
-22819.39	23
-22760.04	49
-22700.9	-28
-22641.96	-7
-22583.22	-27
-22524.68	22
-22466.33	18
-22408.19	-18
-22350.23	34
-22292.48	74
-22234.92	-20
-22177.55	42
-22120.37	4
-22063.38	-42
-22006.58	19
-21949.98	47
-21893.56	42
-21837.33	55
-21781.28	1
-21725.42	40
-21669.74	105
-21614.25	42
-21558.94	77
-21503.81	5
-21448.86	-15
-21394.1	24
-21339.51	36
-21285.1	32
-21230.86	5
-21176.81	-20
-21122.93	35
-21069.22	45
-21015.69	-43
-20962.33	35
-20909.14	42
-20856.13	-8
-20803.28	16
-20750.61	72
-20698.1	-46
-20645.76	30
-20593.59	32
-20541.59	14
-20489.75	-44
-20438.07	42
-20386.56	-9
-20335.22	28
-20284.03	20
-20233.01	-4
-20182.15	19
-20131.45	-15
-20080.91	52
-20030.52	-4
-19980.3	28
-19930.23	23
-19880.32	26
-19830.56	28
-19780.96	32
-19731.52	45
-19682.23	26
-19633.09	-12
-19584.1	10
-19535.26	-31
-19486.58	-4
-19438.04	25
-19389.66	87
-19341.42	12
-19293.33	74
-19245.39	-14
-19197.6	2
-19149.95	-3
-19102.45	32
-19055.09	15
-19007.87	39
-18960.8	14
-18913.87	8
-18867.09	11
-18820.44	35
-18773.94	-23
-18727.57	-3
-18681.35	47
-18635.26	58
-18589.31	49
-18543.5	7
-18497.83	11
-18452.29	-26
-18406.89	-42
-18361.63	36
-18316.5	38
-18271.5	10
-18226.63	-60
-18181.9	-8
-18137.3	24
-18092.84	14
-18048.5	77
-18004.29	-1
-17960.22	-10
-17916.27	-5
-17872.45	-36
-17828.76	75
-17785.2	54
-17741.77	24
-17698.46	2
-17655.28	2
-17612.22	-21
-17569.29	11
-17526.48	19
-17483.79	4
-17441.23	-2
-17398.79	-17
-17356.48	43
-17314.28	59
-17272.21	4
-17230.26	19
-17188.42	31
-17146.71	29
-17105.12	1
-17063.64	31
-17022.28	29
-16981.04	-5
-16939.92	22
-16898.91	-31
-16858.02	-32
-16817.25	49
-16776.59	36
-16736.04	24
-16695.61	55
-16655.29	47
-16615.09	20
-16574.99	32
-16535.01	13
-16495.15	-2
-16455.39	-10
-16415.74	35
-16376.21	-4
-16336.78	40
-16297.46	5
-16258.26	-29
-16219.16	36
-16180.17	8
-16141.28	25
-16102.51	69
-16063.84	53
-16025.27	-48
-15986.82	-41
-15948.46	-19
-15910.22	55
-15872.07	-24
-15834.04	-9
-15796.1	39
-15758.27	35
-15720.54	0
-15682.91	55
-15645.39	-40
-15607.97	28
-15570.64	6
-15533.42	27
-15496.3	-37
-15459.28	45
-15422.36	63
-15385.54	-4
-15348.82	-16
-15312.19	7
-15275.66	-11
-15239.23	17
-15202.9	-5
-15166.67	29
-15130.53	18
-15094.48	-24
-15058.54	27
-15022.68	0
-14986.93	18
-14951.26	7
-14915.69	111
-14880.22	25
-14844.84	41
-14809.55	86
-14774.35	48
-14739.25	-23
-14704.24	16
-14669.32	37
-14634.49	37
-14599.75	83
-14565.1	-9
-14530.55	67
-14496.08	35
-14461.7	1
-14427.41	7
-14393.21	67
-14359.1	18
-14325.07	-10
-14291.14	48
-14257.29	-1
-14223.52	18
-14189.85	55
-14156.26	10
-14122.76	-23
-14089.34	21
-14056.01	103
-14022.76	-65
-13989.6	59
-13956.52	16
-13923.53	5
-13890.62	-3
-13857.79	4
-13825.05	24
-13792.39	35
-13759.81	53
-13727.31	8
-13694.9	-1
-13662.57	-40
-13630.31	-13
-13598.14	-12
-13566.05	8
-13534.05	-44
-13502.12	-29
-13470.27	10
-13438.5	63
-13406.8	-2
-13375.19	4
-13343.66	-25
-13312.2	80
-13280.83	-48
-13249.53	-5
-13218.3	-11
-13187.16	-25
-13156.09	-93
-13125.1	15
-13094.18	27
-13063.34	5
-13032.58	52
-13001.89	-10
-12971.28	36
-12940.74	-21
-12910.27	-25
-12879.88	42
-12849.57	47
-12819.33	47
-12789.16	62
-12759.06	13
-12729.04	63
-12699.09	327
-12669.21	27
-12639.41	-44
-12609.68	-23
-12580.02	-7
-12550.43	1
-12520.91	-22
-12491.46	34
-12462.08	60
-12432.77	69
-12403.54	-32
-12374.37	5
-12345.27	-37
-12316.24	45
-12287.29	5
-12258.4	-1
-12229.57	-18
-12200.82	111
-12172.14	-9
-12143.52	-29
-12114.97	-15
-12086.49	-34
-12058.07	81
-12029.73	44
-12001.44	32
-11973.23	-4
-11945.08	6
-11917	82
-11888.98	-23
-11861.03	10
-11833.15	2
-11805.32	22
-11777.57	-18
-11749.88	-20
-11722.25	-23
-11694.69	5
-11667.19	-55
-11639.75	-40
-11612.38	9
-11585.07	28
-11557.83	38
-11530.65	9
-11503.53	14
-11476.47	49
-11449.48	28
-11422.54	69
-11395.67	33
-11368.86	21
-11342.11	19
-11315.43	-9
-11288.8	29
-11262.23	20
-11235.73	-5
-11209.28	-7
-11182.9	-29
-11156.57	-20
-11130.31	20
-11104.1	68
-11077.96	29
-11051.87	-25
-11025.84	33
-10999.87	28
-10973.96	-16
-10948.11	52
-10922.31	-23
-10896.58	29
-10870.9	1
-10845.28	46
-10819.71	62
-10794.2	33
-10768.75	0
-10743.36	1
-10718.02	17
-10692.74	20
-10667.52	23
-10642.35	42
-10617.24	105
-10592.18	37
-10567.18	22
-10542.23	61
-10517.34	67
-10492.51	77
-10467.72	-6
-10443	45
-10418.32	5
-10393.7	59
-10369.14	61
-10344.63	34
-10320.17	21
-10295.77	89
-10271.42	37
-10247.12	34
-10222.88	73
-10198.68	69
-10174.54	110
-10150.46	73
-10126.42	67
-10102.44	95
-10078.51	100
-10054.63	66
-10030.8	107
-10007.03	66
-9983.3	136
-9959.63	106
-9936.01	144
-9912.44	153
-9888.92	139
-9865.44	180
-9842.02	150
-9818.65	209
-9795.33	149
-9772.06	183
-9748.84	256
-9725.67	230
-9702.55	240
-9679.47	275
-9656.45	325
-9633.47	324
-9610.55	370
-9587.67	326
-9564.84	347
-9542.06	416
-9519.32	431
-9496.64	483
-9474	507
-9451.41	564
-9428.87	590
-9406.37	588
-9383.92	498
-9361.52	568
-9339.17	615
-9316.86	697
-9294.6	768
-9272.38	936
-9250.21	1035
-9228.09	947
-9206.01	901
-9183.98	965
-9162	778
-9140.06	779
-9118.16	768
-9096.31	855
-9074.51	894
-9052.75	861
-9031.04	933
-9009.37	775
-8987.74	722
-8966.16	541
-8944.63	539
-8923.14	571
-8901.69	557
-8880.29	669
-8858.93	688
-8837.61	735
-8816.34	855
-8795.11	755
-8773.92	717
-8752.78	588
-8731.68	573
-8710.62	534
-8689.61	602
-8668.63	722
-8647.7	763
-8626.82	708
-8605.97	705
-8585.17	574
-8564.41	497
-8543.69	561
-8523.01	548
-8502.37	573
-8481.78	585
-8461.23	630
-8440.71	692
-8420.24	720
-8399.81	776
-8379.42	633
-8359.08	587
-8338.77	624
-8318.5	641
-8298.27	549
-8278.09	586
-8257.94	621
-8237.83	733
-8217.76	672
-8197.74	667
-8177.75	716
-8157.8	602
-8137.89	470
-8118.02	521
-8098.19	467
-8078.4	527
-8058.65	555
-8038.93	532
-8019.26	605
-7999.62	552
-7980.02	462
-7960.46	426
-7940.94	522
-7921.46	413
-7902.01	428
-7882.6	447
-7863.23	431
-7843.9	475
-7824.61	511
-7805.35	540
-7786.13	456
-7766.95	476
-7747.8	500
-7728.69	418
-7709.62	431
-7690.59	456
-7671.59	519
-7652.63	525
-7633.7	586
-7614.81	494
-7595.96	458
-7577.15	343
-7558.37	384
-7539.62	502
-7520.91	437
-7502.24	470
-7483.6	469
-7465	385
-7446.44	464
-7427.91	290
-7409.41	293
-7390.95	353
-7372.53	313
-7354.14	339
-7335.78	264
-7317.46	373
-7299.18	409
-7280.92	472
-7262.71	405
-7244.52	588
-7226.38	480
-7208.26	470
-7190.18	475
-7172.14	434
-7154.12	359
-7136.15	465
-7118.2	501
-7100.29	494
-7082.41	431
-7064.57	403
-7046.76	434
-7028.98	405
-7011.24	395
-6993.53	269
-6975.85	258
-6958.2	204
-6940.59	232
-6923.01	216
-6905.46	363
-6887.94	386
-6870.46	418
-6853.01	468
-6835.59	408
-6818.21	384
-6800.85	335
-6783.53	226
-6766.24	199
-6748.98	246
-6731.76	186
-6714.56	247
-6697.4	258
-6680.26	207
-6663.16	257
-6646.09	345
-6629.05	414
-6612.05	360
-6595.07	279
-6578.13	312
-6561.21	293
-6544.33	291
-6527.47	229
-6510.65	134
-6493.86	151
-6477.1	188
-6460.36	257
-6443.66	181
-6426.99	242
-6410.35	235
-6393.74	201
-6377.16	232
-6360.61	242
-6344.09	259
-6327.59	288
-6311.13	220
-6294.7	338
-6278.29	222
-6261.92	372
-6245.58	326
-6229.26	387
-6212.97	228
-6196.72	218
-6180.49	201
-6164.29	105
-6148.12	98
-6131.98	149
-6115.86	81
-6099.78	132
-6083.72	75
-6067.69	111
-6051.69	74
-6035.72	117
-6019.78	175
-6003.87	167
-5987.98	146
-5972.12	283
-5956.29	257
-5940.49	200
-5924.71	121
-5908.96	61
-5893.24	107
-5877.55	91
-5861.89	154
-5846.25	121
-5830.64	135
-5815.05	120
-5799.5	143
-5783.97	139
-5768.47	152
-5752.99	225
-5737.55	205
-5722.12	233
-5706.73	250
-5691.36	131
-5676.02	137
-5660.71	106
-5645.42	150
-5630.16	160
-5614.92	197
-5599.71	126
-5584.53	202
-5569.37	155
-5554.24	-82
-5539.14	149
-5524.06	128
-5509.01	100
-5493.98	157
-5478.98	171
-5464	161
-5449.05	187
-5434.13	139
-5419.23	74
-5404.36	205
-5389.51	196
-5374.69	210
-5359.89	257
-5345.12	303
-5330.37	275
-5315.65	199
-5300.95	118
-5286.28	176
-5271.63	157
-5257.01	260
-5242.41	190
-5227.84	200
-5213.29	62
-5198.76	92
-5184.26	153
-5169.79	170
-5155.33	131
-5140.91	187
-5126.51	127
-5112.13	144
-5097.77	150
-5083.44	87
-5069.13	169
-5054.85	74
-5040.59	130
-5026.36	195
-5012.15	126
-4997.96	113
-4983.8	124
-4969.66	59
-4955.54	51
-4941.44	154
-4927.37	195
-4913.33	237
-4899.3	263
-4885.3	230
-4871.33	98
-4857.37	110
-4843.44	77
-4829.53	116
-4815.65	84
-4801.79	133
-4787.95	100
-4774.13	123
-4760.34	97
-4746.56	41
-4732.82	90
-4719.09	154
-4705.38	206
-4691.7	281
-4678.04	161
-4664.41	114
-4650.79	107
-4637.2	46
-4623.63	123
-4610.08	134
-4596.56	167
-4583.05	195
-4569.57	69
-4556.11	87
-4542.67	-3
-4529.25	77
-4515.86	196
-4502.49	162
-4489.13	137
-4475.8	195
-4462.49	103
-4449.21	44
-4435.94	56
-4422.7	92
-4409.47	128
-4396.27	148
-4383.09	52
-4369.93	43
-4356.79	66
-4343.67	55
-4330.58	108
-4317.5	119
-4304.45	105
-4291.41	138
-4278.4	69
-4265.41	88
-4252.44	71
-4239.49	172
-4226.55	116
-4213.65	91
-4200.76	26
-4187.89	38
-4175.04	103
-4162.21	88
-4149.4	45
-4136.61	121
-4123.85	-37
-4111.1	31
-4098.37	-3
-4085.66	-24
-4072.98	52
-4060.31	-5
-4047.66	81
-4035.04	5
-4022.43	37
-4009.84	-18
-3997.27	66
-3984.72	12
-3972.19	12
-3959.69	16
-3947.2	-38
-3934.73	-4
-3922.27	-25
-3909.84	48
-3897.43	33
-3885.04	10
-3872.67	26
-3860.31	7
-3847.98	46
-3835.66	-17
-3823.36	-55
-3811.09	17
-3798.83	21
-3786.59	-2
-3774.37	-8
-3762.17	-5
-3749.98	-23
-3737.82	-2
-3725.67	105
-3713.55	-46
-3701.44	-5
-3689.35	9
-3677.28	14
-3665.22	18
-3653.19	11
-3641.17	10
-3629.18	41
-3617.2	-19
-3605.24	-21
-3593.3	-15
-3581.37	37
-3569.47	4
-3557.58	19
-3545.71	-21
-3533.86	-33
-3522.02	15
-3510.21	38
-3498.41	13
-3486.63	-21
-3474.87	3
-3463.12	-14
-3451.4	-1
-3439.69	122
-3428	61
-3416.33	-54
-3404.67	24
-3393.03	32
-3381.41	10
-3369.81	49
-3358.22	14
-3346.66	2
-3335.1	45
-3323.57	40
-3312.06	17
-3300.56	24
-3289.08	66
-3277.61	35
-3266.16	-43
-3254.73	-10
-3243.32	41
-3231.92	-19
-3220.55	-16
-3209.18	26
-3197.84	-8
-3186.51	27
-3175.2	-45
-3163.9	5
-3152.63	-30
-3141.36	63
-3130.12	-32
-3118.89	47
-3107.68	42
-3096.49	48
-3085.31	71
-3074.15	0
-3063	-60
-3051.87	-12
-3040.76	18
-3029.67	-8
-3018.59	27
-3007.52	3
-2996.48	-9
-2985.44	20
-2974.43	-33
-2963.43	-74
-2952.45	-24
-2941.48	-10
-2930.53	1
-2919.6	-22
-2908.68	11
-2897.78	23
-2886.89	35
-2876.02	-12
-2865.17	-22
-2854.33	21
-2843.5	29
-2832.7	-39
-2821.9	5
-2811.13	1
-2800.37	-5
-2789.62	45
-2778.89	21
-2768.18	-22
-2757.48	37
-2746.8	49
-2736.13	86
-2725.48	69
-2714.84	8
-2704.22	26
-2693.61	1
-2683.02	-38
-2672.45	29
-2661.89	-3
-2651.34	-22
-2640.81	45
-2630.3	12
-2619.8	-36
-2609.31	-22
-2598.84	44
-2588.39	-63
-2577.95	-23
-2567.52	-33
-2557.11	34
-2546.71	-2
-2536.33	39
-2525.97	81
-2515.62	20
-2505.28	-30
-2494.96	35
-2484.65	-16
-2474.36	-5
-2464.08	48
-2453.82	-67
-2443.57	-2
-2433.33	18
-2423.11	18
-2412.91	48
-2402.72	0
-2392.54	-3
-2382.38	35
-2372.23	-12
-2362.09	75
-2351.97	-3
-2341.87	10
-2331.78	22
-2321.7	36
-2311.64	3
-2301.59	-5
-2291.55	-28
-2281.53	-32
-2271.53	24
-2261.53	64
-2251.55	-12
-2241.59	7
-2231.64	21
-2221.7	51
-2211.78	37
-2201.87	20
-2191.97	-9
-2182.09	26
-2172.22	58
-2162.37	2
-2152.53	72
-2142.7	-16
-2132.89	-5
-2123.09	-34
-2113.3	-13
-2103.53	52
-2093.77	-46
-2084.02	27
-2074.29	-11
-2064.57	29
-2054.86	-37
-2045.17	25
-2035.49	20
-2025.82	40
-2016.17	67
-2006.53	15
-1996.91	28
-1987.29	-42
-1977.69	33
-1968.11	18
-1958.53	7
-1948.97	-1
-1939.42	30
-1929.89	-2
-1920.37	5
-1910.86	-11
-1901.36	11
-1891.88	31
-1882.41	84
-1872.95	-1
-1863.51	0
-1854.08	-64
-1844.66	7
-1835.26	-33
-1825.86	-17
-1816.48	-6
-1807.11	-33
-1797.76	30
-1788.42	10
-1779.09	10
-1769.77	66
-1760.47	-4
-1751.17	5
-1741.89	38
-1732.63	1
-1723.37	22
-1714.13	-31
-1704.9	44
-1695.68	64
-1686.48	0
-1677.29	-6
-1668.11	1
-1658.94	10
-1649.78	13
-1640.64	34
-1631.51	12
-1622.39	-15
-1613.28	-23
-1604.19	-1
-1595.1	32
-1586.03	-15
-1576.97	50
-1567.93	23
-1558.89	36
-1549.87	-15
-1540.86	-17
-1531.86	31
-1522.87	48
-1513.9	-17
-1504.93	-36
-1495.98	-16
-1487.04	34
-1478.12	17
-1469.2	-24
-1460.3	60
-1451.4	36
-1442.52	51
-1433.65	11
-1424.8	-17
-1415.95	49
-1407.12	17
-1398.3	27
-1389.48	-10
-1380.69	80
-1371.9	55
-1363.12	-39
-1354.36	-24
-1345.6	31
-1336.86	-24
-1328.13	-27
-1319.41	4
-1310.7	-17
-1302.01	17
-1293.32	29
-1284.65	-31
-1275.99	19
-1267.33	2
-1258.69	9
-1250.06	-33
-1241.45	-7
-1232.84	-53
-1224.25	-9
-1215.66	45
-1207.09	47
-1198.53	17
-1189.97	-1
-1181.43	25
-1172.91	46
-1164.39	-4
-1155.88	9
-1147.38	11
-1138.9	-4
-1130.43	-16
-1121.96	21
-1113.51	20
-1105.07	-11
-1096.64	-41
-1088.22	10
-1079.81	-55
-1071.41	104
-1063.02	-18
-1054.65	2
-1046.28	-8
-1037.92	9
-1029.58	44
-1021.24	-15
-1012.92	-20
-1004.61	57
-996.3	81
-988.01	-17
-979.73	-22
-971.46	1
-963.2	-2
-954.95	-34
-946.71	25
-938.48	16
-930.26	72
-922.06	-44
-913.86	38
-905.67	96
-897.49	-5
-889.33	40
-881.17	14
-873.02	-31
-864.89	1
-856.76	6
-848.65	1
-840.54	55
-832.45	28
-824.36	-1
-816.29	14
-808.22	13
-800.17	69
-792.12	5
-784.09	30
-776.06	-4
-768.05	6
-760.04	20
-752.05	16
-744.07	27
-736.09	15
-728.13	-7
-720.17	32
-712.23	3
-704.29	29
-696.37	26
-688.45	55
-680.55	6
-672.65	10
-664.77	7
-656.89	45
-649.03	27
-641.17	29
-633.32	-40
-625.49	10
-617.66	-32
-609.84	-13
-602.03	41
-594.23	48
-586.45	7
-578.67	-25
-570.9	33
-563.14	-37
-555.39	35
-547.65	34
-539.91	1
-532.19	28
-524.48	38
-516.78	14
-509.08	58
-501.4	-12
-493.72	45
-486.06	12
-478.4	-3
-470.76	80
-463.12	36
-455.49	43
-447.87	63
-440.26	-28
-432.66	6
-425.07	21
-417.49	55
-409.92	51
-402.35	23
-394.8	46
-387.25	-9
-379.72	15
-372.19	45
-364.67	72
-357.17	-12
-349.67	32
-342.18	13
-334.69	29
-327.22	26
-319.76	40
-312.3	7
-304.86	75
-297.42	15
-290	-36
-282.58	-9
-275.17	8
-267.77	18
-260.37	59
-252.99	35
-245.62	26
-238.25	38
-230.9	66
-223.55	19
-216.21	69
-208.88	115
-201.56	128
-194.25	94
-186.94	77
-179.65	100
-172.36	80
-165.08	100
-157.81	82
-150.55	75
-143.3	155
-136.06	211
-128.82	161
-121.6	236
-114.38	231
-107.17	203
-99.97	225
-92.78	343
-85.6	283
-78.42	335
-71.25	458
-64.1	538
-56.95	662
-49.81	750
-42.67	855
-35.55	1161
-28.43	1532
-21.33	2819
-14.23	11475
-7.14	59638
-0.05	59596
7.02	59425
14.09	19871
21.14	5073
28.19	2561
35.23	1719
42.27	1238
49.29	1136
56.31	893
63.32	771
70.32	628
77.31	612
84.29	487
91.27	405
98.23	358
105.19	355
112.14	451
119.09	578
126.02	789
132.95	834
139.87	849
146.78	790
153.68	865
160.58	820
167.46	767
174.34	680
181.21	726
188.08	796
194.93	728
201.78	667
208.62	776
215.45	669
222.27	665
229.09	628
235.9	639
242.7	664
249.49	666
256.27	604
263.05	586
269.82	555
276.58	626
283.33	592
290.08	613
296.82	561
303.55	561
310.27	569
316.98	506
323.69	529
330.39	528
337.08	553
343.76	478
350.44	436
357.11	501
363.77	482
370.42	531
377.07	524
383.71	462
390.34	460
396.96	449
403.58	434
410.19	462
416.79	542
423.38	544
429.97	412
436.55	438
443.12	466
449.68	413
456.24	465
462.79	457
469.33	387
475.86	312
482.39	391
488.91	403
495.42	359
501.93	406
508.42	406
514.91	380
521.4	411
527.87	464
534.34	441
540.8	351
547.25	429
553.7	360
560.14	343
566.57	333
573	399
579.41	324
585.83	357
592.23	401
598.62	356
605.01	322
611.4	362
617.77	297
624.14	349
630.5	337
636.85	328
643.2	365
649.54	419
655.87	305
662.2	343
668.52	319
674.83	331
681.13	314
687.43	360
693.72	407
700	353
706.28	335
712.55	338
718.81	260
725.07	350
731.32	372
737.56	238
743.79	338
750.02	321
756.24	262
762.46	346
768.67	354
774.87	380
781.06	303
787.25	346
793.43	358
799.6	265
805.77	370
811.93	395
818.08	389
824.23	378
830.37	350
836.5	383
842.63	452
848.75	359
854.87	339
860.97	404
867.07	335
873.17	459
879.25	423
885.33	384
891.41	401
897.47	326
903.53	378
909.59	418
915.63	393
921.67	266
927.71	372
933.74	319
939.76	358
945.77	287
951.78	318
957.78	297
963.78	325
969.77	299
975.75	304
981.72	344
987.69	417
993.66	362
999.61	293
1005.56	383
1011.51	376
1017.44	412
1023.37	345
1029.3	367
1035.22	367
1041.13	379
1047.03	473
1052.93	714
1058.83	1178
1064.71	1204
1070.59	922
1076.47	587
1082.33	549
1088.2	515
1094.05	469
1099.9	407
1105.74	457
1111.58	428
1117.41	645
1123.23	973
1129.05	1324
1134.86	957
1140.67	658
1146.47	438
1152.26	364
1158.05	330
1163.83	418
1169.6	478
1175.37	453
1181.13	284
1186.89	357
1192.64	340
1198.38	235
1204.12	241
1209.85	337
1215.58	307
1221.3	291
1227.02	318
1232.72	357
1238.43	319
1244.12	338
1249.81	338
1255.5	417
1261.17	406
1266.85	411
1272.51	443
1278.17	450
1283.83	686
1289.47	1179
1295.12	1566
1300.75	1307
1306.38	884
1312.01	614
1317.63	537
1323.24	442
1328.85	373
1334.45	421
1340.04	449
1345.63	345
1351.22	354
1356.8	325
1362.37	383
1367.93	478
1373.49	444
1379.05	412
1384.6	459
1390.14	396
1395.68	395
1401.21	499
1406.74	577
1412.26	741
1417.77	831
1423.28	858
1428.78	1012
1434.28	1396
1439.77	1564
1445.26	1443
1450.74	1335
1456.22	1211
1461.68	1112
1467.15	1037
1472.61	862
1478.06	635
1483.51	587
1488.95	497
1494.38	366
1499.81	342
1505.24	458
1510.65	330
1516.07	359
1521.48	368
1526.88	347
1532.27	278
1537.67	361
1543.05	281
1548.43	292
1553.81	256
1559.18	288
1564.54	271
1569.9	347
1575.25	264
1580.6	261
1585.94	256
1591.28	236
1596.61	271
1601.93	207
1607.25	285
1612.57	197
1617.88	288
1623.18	258
1628.48	155
1633.77	288
1639.06	162
1644.34	251
1649.62	203
1654.89	194
1660.16	248
1665.42	228
1670.67	190
1675.92	204
1681.17	196
1686.41	178
1691.64	233
1696.87	181
1702.1	165
1707.32	231
1712.53	182
1717.74	224
1722.94	229
1728.14	211
1733.33	163
1738.52	226
1743.7	222
1748.88	200
1754.05	242
1759.22	235
1764.38	171
1769.53	175
1774.69	132
1779.83	184
1784.97	140
1790.11	200
1795.24	211
1800.36	204
1805.48	149
1810.6	168
1815.71	167
1820.82	165
1825.92	131
1831.01	104
1836.1	137
1841.19	162
1846.26	143
1851.34	95
1856.41	148
1861.47	137
1866.53	157
1871.59	126
1876.64	163
1881.68	158
1886.72	156
1891.76	158
1896.79	152
1901.81	86
1906.83	159
1911.85	57
1916.86	196
1921.86	210
1926.86	163
1931.86	138
1936.85	138
1941.83	181
1946.81	115
1951.79	115
1956.76	144
1961.72	89
1966.68	140
1971.64	145
1976.59	131
1981.54	131
1986.48	66
1991.42	105
1996.35	136
2001.27	165
2006.2	102
2011.11	114
2016.03	115
2020.93	66
2025.84	108
2030.73	138
2035.63	90
2040.52	146
2045.4	170
2050.28	119
2055.15	91
2060.02	78
2064.89	96
2069.75	65
2074.6	56
2079.46	102
2084.3	134
2089.14	160
2093.98	103
2098.81	79
2103.64	123
2108.46	103
2113.28	135
2118.09	160
2122.9	65
2127.7	152
2132.5	38
2137.3	109
2142.09	92
2146.87	102
2151.66	128
2156.43	124
2161.2	163
2165.97	69
2170.73	80
2175.49	110
2180.24	165
2184.99	64
2189.74	114
2194.48	77
2199.21	133
2203.94	19
2208.67	36
2213.39	148
2218.11	84
2222.82	133
2227.53	100
2232.23	136
2236.93	108
2241.63	82
2246.32	125
2251	166
2255.68	157
2260.36	115
2265.03	141
2269.7	89
2274.36	11
2279.02	92
2283.68	116
2288.33	138
2292.97	137
2297.61	116
2302.25	57
2306.88	103
2311.51	90
2316.14	100
2320.75	75
2325.37	63
2329.98	107
2334.59	40
2339.19	124
2343.79	128
2348.38	121
2352.97	93
2357.55	109
2362.13	47
2366.71	52
2371.28	129
2375.85	77
2380.41	87
2384.97	105
2389.52	106
2394.07	52
2398.62	86
2403.16	33
2407.7	101
2412.23	82
2416.76	78
2421.29	66
2425.81	99
2430.32	74
2434.84	128
2439.34	133
2443.85	47
2448.35	108
2452.84	58
2457.33	120
2461.82	93
2466.3	83
2470.78	46
2475.25	107
2479.72	75
2484.19	89
2488.65	22
2493.11	106
2497.56	37
2502.01	115
2506.46	9
2510.9	167
2515.34	45
2519.77	6
2524.2	129
2528.62	83
2533.04	14
2537.46	114
2541.87	76
2546.28	95
2550.68	129
2555.08	35
2559.48	128
2563.87	87
2568.26	141
2572.64	119
2577.02	94
2581.4	101
2585.77	101
2590.14	62
2594.5	121
2598.86	148
2603.22	120
2607.57	80
2611.92	31
2616.26	109
2620.6	106
2624.94	114
2629.27	129
2633.6	123
2637.92	86
2642.24	100
2646.56	40
2650.87	146
2655.18	180
2659.48	166
2663.78	218
2668.08	160
2672.37	126
2676.66	178
2680.95	100
2685.23	147
2689.5	146
2693.78	168
2698.05	130
2702.31	122
2706.57	188
2710.83	216
2715.08	229
2719.33	247
2723.58	198
2727.82	222
2732.06	257
2736.29	250
2740.53	176
2744.75	243
2748.97	169
2753.19	237
2757.41	139
2761.62	217
2765.83	208
2770.03	230
2774.23	248
2778.43	134
2782.62	255
2786.81	264
2791	221
2795.18	214
2799.35	285
2803.53	196
2807.7	245
2811.86	307
2816.03	313
2820.19	396
2824.34	453
2828.49	472
2832.64	637
2836.78	808
2840.92	933
2845.06	1251
2849.19	1344
2853.32	1402
2857.45	1333
2861.57	1308
2865.69	1393
2869.8	1237
2873.91	1348
2878.02	1497
2882.12	1656
2886.22	1655
2890.32	1469
2894.41	1365
2898.5	1179
2902.58	1127
2906.67	1018
2910.74	898
2914.82	939
2918.89	723
2922.96	759
2927.02	640
2931.08	603
2935.13	592
2939.19	545
2943.24	423
2947.28	405
2951.32	300
2955.36	315
2959.4	204
2963.43	256
2967.46	287
2971.48	215
2975.5	151
2979.52	213
2983.53	203
2987.54	144
2991.55	145
2995.55	95
2999.55	145
3003.54	165
3007.54	129
3011.53	137
3015.51	81
3019.49	116
3023.47	104
3027.45	138
3031.42	83
3035.39	91
3039.35	34
3043.31	128
3047.27	91
3051.22	37
3055.17	72
3059.12	77
3063.06	75
3067	84
3070.94	138
3074.87	98
3078.8	50
3082.73	-1
3086.65	3
3090.57	66
3094.49	-8
3098.4	48
3102.31	66
3106.22	49
3110.12	53
3114.02	55
3117.92	50
3121.81	-26
3125.7	22
3129.58	62
3133.47	22
3137.34	62
3141.22	25
3145.09	4
3148.96	0
3152.83	71
3156.69	50
3160.55	105
3164.4	-29
3168.26	-26
3172.1	110
3175.95	115
3179.79	51
3183.63	42
3187.47	65
3191.3	41
3195.13	49
3198.95	14
3202.78	52
3206.6	99
3210.41	55
3214.23	56
3218.03	14
3221.84	9
3225.64	57
3229.44	73
3233.24	39
3237.03	51
3240.82	54
3244.61	4
3248.39	101
3252.17	56
3255.95	112
3259.72	48
3263.49	31
3267.26	38
3271.03	52
3274.79	3
3278.54	54
3282.3	23
3286.05	-41
3289.8	34
3293.54	49
3297.29	32
3301.02	-39
3304.76	10
3308.49	-45
3312.22	67
3315.95	4
3319.67	4
3323.39	70
3327.1	38
3330.82	61
3334.53	5
3338.24	-7
3341.94	13
3345.64	62
3349.34	39
3353.03	51
3356.72	40
3360.41	51
3364.1	65
3367.78	-2
3371.46	19
3375.13	63
3378.81	7
3382.48	16
3386.14	47
3389.81	42
3393.47	54
3397.12	-6
3400.78	8
3404.43	92
3408.08	15
3411.72	22
3415.36	80
3419	-14
3422.64	33
3426.27	27
3429.9	32
3433.53	-12
3437.15	20
3440.77	46
3444.39	43
3448	3
3451.62	48
3455.22	20
3458.83	38
3462.43	44
3466.03	-40
3469.63	77
3473.22	-61
3476.81	-19
3480.4	62
3483.99	-12
3487.57	36
3491.15	37
3494.72	24
3498.29	-24
3501.86	-29
3505.43	21
3508.99	55
3512.56	60
3516.11	-4
3519.67	28
3523.22	24
3526.77	23
3530.32	-17
3533.86	18
3537.4	14
3540.94	11
3544.47	26
3548	4
3551.53	11
3555.06	-30
3558.58	-32
3562.1	-50
3565.62	40
3569.13	31
3572.64	36
3576.15	-33
3579.66	-9
3583.16	98
3586.66	5
3590.16	38
3593.65	13
3597.14	81
3600.63	31
3604.11	13
3607.6	68
3611.08	27
3614.55	19
3618.03	69
3621.5	-14
3624.97	92
3628.43	50
3631.9	42
3635.36	32
3638.81	-26
3642.27	-10
3645.72	20
3649.17	5
3652.61	41
3656.06	6
3659.5	20
3662.93	4
3666.37	11
3669.8	29
3673.23	45
3676.65	-65
3680.08	34
3683.5	25
3686.92	-14
3690.33	-26
3693.74	-59
3697.15	26
3700.56	3
3703.96	45
3707.36	11
3710.76	-21
3714.16	-23
3717.55	8
3720.94	17
3724.33	28
3727.71	41
3731.1	67
3734.48	12
3737.85	7
3741.23	31
3744.6	45
3747.97	5
3751.33	-42
3754.69	10
3758.05	48
3761.41	22
3764.77	-15
3768.12	-2
3771.47	16
3774.82	-1
3778.16	-2
3781.5	1
3784.84	-5
3788.18	-5
