-37534,58	-5,00
-37414,56	2,00
-37295,11	-4,00
-37176,24	0,00
-37057,95	-189,00
-36940,22	-202,00
-36823,05	-306,00
-36706,45	-243,00
-36590,40	-262,00
-36474,90	-378,00
-36359,95	-340,00
-36245,55	-256,00
-36131,68	-297,00
-36018,35	-434,00
-35905,55	-330,00
-35793,29	-319,00
-35681,54	-402,00
-35570,32	-352,00
-35459,62	-280,00
-35349,43	-277,00
-35239,75	-435,00
-35130,58	-320,00
-35021,91	-225,00
-34913,74	-307,00
-34806,07	-87,00
-34698,89	-333,00
-34592,20	-487,00
-34486,00	-107,00
-34380,28	-253,00
-34275,04	-251,00
-34170,27	-216,00
-34065,98	-199,00
-33962,16	-515,00
-33858,81	-333,00
-33755,92	-274,00
-33653,49	-376,00
-33551,52	-355,00
-33450,01	-455,00
-33348,94	-196,00
-33248,33	-406,00
-33148,16	-496,00
-33048,43	-255,00
-32949,14	-309,00
-32850,29	-365,00
-32751,87	-338,00
-32653,89	-237,00
-32556,33	-318,00
-32459,20	-332,00
-32362,49	-341,00
-32266,19	-220,00
-32170,32	-403,00
-32074,86	-352,00
-31979,82	-334,00
-31885,18	-212,00
-31790,95	-311,00
-31697,12	-336,00
-31603,69	-383,00
-31510,67	-286,00
-31418,04	-284,00
-31325,80	-368,00
-31233,95	-357,00
-31142,49	-357,00
-31051,42	-299,00
-30960,73	-439,00
-30870,43	-355,00
-30780,50	-286,00
-30690,95	-317,00
-30601,77	-405,00
-30512,97	-285,00
-30424,53	-423,00
-30336,46	-391,00
-30248,76	-298,00
-30161,42	-448,00
-30074,44	-315,00
-29987,81	-440,00
-29901,55	-361,00
-29815,63	-368,00
-29730,07	-450,00
-29644,86	-204,00
-29560,00	-469,00
-29475,48	-249,00
-29391,30	-382,00
-29307,47	-268,00
-29223,97	-504,00
-29140,81	-307,00
-29057,99	-286,00
-28975,50	-384,00
-28893,34	-426,00
-28811,51	-420,00
-28730,00	-178,00
-28648,82	-264,00
-28567,97	-358,00
-28487,43	-448,00
-28407,21	-448,00
-28327,32	-457,00
-28247,73	-428,00
-28168,46	-231,00
-28089,50	-407,00
-28010,85	-212,00
-27932,51	-424,00
-27854,48	-286,00
-27776,75	-243,00
-27699,32	-295,00
-27622,19	-415,00
-27545,37	-428,00
-27468,84	-322,00
-27392,60	-353,00
-27316,66	-480,00
-27241,01	-371,00
-27165,66	-444,00
-27090,59	-378,00
-27015,81	-481,00
-26941,31	-429,00
-26867,10	-233,00
-26793,17	-190,00
-26719,52	-417,00
-26646,15	-337,00
-26573,06	-235,00
-26500,24	-376,00
-26427,70	-293,00
-26355,43	-341,00
-26283,43	-284,00
-26211,71	-350,00
-26140,25	-450,00
-26069,06	-611,00
-25998,13	-376,00
-25927,46	-329,00
-25857,06	-380,00
-25786,92	-254,00
-25717,04	-381,00
-25647,42	-453,00
-25578,05	-258,00
-25508,94	-404,00
-25440,09	-255,00
-25371,48	-243,00
-25303,13	-427,00
-25235,02	-241,00
-25167,17	-347,00
-25099,56	-398,00
-25032,19	-253,00
-24965,07	-255,00
-24898,20	-288,00
-24831,56	-256,00
-24765,17	-486,00
-24699,01	-327,00
-24633,10	-381,00
-24567,41	-449,00
-24501,97	-253,00
-24436,75	-418,00
-24371,77	-339,00
-24307,03	-427,00
-24242,51	-389,00
-24178,22	-451,00
-24114,16	-334,00
-24050,32	-332,00
-23986,71	-220,00
-23923,32	-412,00
-23860,16	-332,00
-23797,22	-280,00
-23734,50	-470,00
-23672,00	-374,00
-23609,71	-275,00
-23547,65	-366,00
-23485,80	-456,00
-23424,16	-467,00
-23362,74	-270,00
-23301,53	-156,00
-23240,54	-311,00
-23179,75	-352,00
-23119,17	-338,00
-23058,80	-259,00
-22998,64	-308,00
-22938,68	-291,00
-22878,93	-311,00
-22819,39	-250,00
-22760,04	-324,00
-22700,90	-276,00
-22641,96	-355,00
-22583,22	-285,00
-22524,68	-304,00
-22466,33	-245,00
-22408,19	-383,00
-22350,23	-424,00
-22292,48	-489,00
-22234,92	-278,00
-22177,55	-461,00
-22120,37	-396,00
-22063,38	-218,00
-22006,58	-434,00
-21949,98	-244,00
-21893,56	-371,00
-21837,33	-344,00
-21781,28	-552,00
-21725,42	-315,00
-21669,74	-210,00
-21614,25	-299,00
-21558,94	-495,00
-21503,81	-355,00
-21448,86	-377,00
-21394,10	-463,00
-21339,51	-386,00
-21285,10	-391,00
-21230,86	-397,00
-21176,81	-215,00
-21122,93	-251,00
-21069,22	-270,00
-21015,69	-288,00
-20962,33	-320,00
-20909,14	-269,00
-20856,13	-390,00
-20803,28	-369,00
-20750,61	-294,00
-20698,10	-295,00
-20645,76	-319,00
-20593,59	-170,00
-20541,59	-365,00
-20489,75	-427,00
-20438,07	-377,00
-20386,56	-371,00
-20335,22	-372,00
-20284,03	-323,00
-20233,01	-351,00
-20182,15	-530,00
-20131,45	-381,00
-20080,91	-312,00
-20030,52	-307,00
-19980,30	-324,00
-19930,23	-403,00
-19880,32	-316,00
-19830,56	-449,00
-19780,96	-279,00
-19731,52	-369,00
-19682,23	-414,00
-19633,09	-465,00
-19584,10	-130,00
-19535,26	-145,00
-19486,58	-238,00
-19438,04	-373,00
-19389,66	-307,00
-19341,42	-314,00
-19293,33	-356,00
-19245,39	-222,00
-19197,60	-463,00
-19149,95	-424,00
-19102,45	-405,00
-19055,09	-396,00
-19007,87	-423,00
-18960,80	-307,00
-18913,87	-263,00
-18867,09	-316,00
-18820,44	-201,00
-18773,94	-365,00
-18727,57	-303,00
-18681,35	-360,00
-18635,26	-453,00
-18589,31	-355,00
-18543,50	-329,00
-18497,83	-202,00
-18452,29	-366,00
-18406,89	-381,00
-18361,63	-399,00
-18316,50	-280,00
-18271,50	-231,00
-18226,63	-350,00
-18181,90	-279,00
-18137,30	-189,00
-18092,84	-320,00
-18048,50	-433,00
-18004,29	-427,00
-17960,22	-264,00
-17916,27	-330,00
-17872,45	-255,00
-17828,76	-461,00
-17785,20	-337,00
-17741,77	-285,00
-17698,46	-133,00
-17655,28	-400,00
-17612,22	-300,00
-17569,29	-303,00
-17526,48	-302,00
-17483,79	-370,00
-17441,23	-318,00
-17398,79	-238,00
-17356,48	-525,00
-17314,28	-244,00
-17272,21	-263,00
-17230,26	-256,00
-17188,42	-219,00
-17146,71	-361,00
-17105,12	-254,00
-17063,64	-373,00
-17022,28	-366,00
-16981,04	-345,00
-16939,92	-271,00
-16898,91	-464,00
-16858,02	-280,00
-16817,25	-203,00
-16776,59	-479,00
-16736,04	-421,00
-16695,61	-213,00
-16655,29	-314,00
-16615,09	-418,00
-16574,99	-339,00
-16535,01	-341,00
-16495,15	-352,00
-16455,39	-313,00
-16415,74	-456,00
-16376,21	-345,00
-16336,78	-221,00
-16297,46	-333,00
-16258,26	-252,00
-16219,16	-438,00
-16180,17	-313,00
-16141,28	-361,00
-16102,51	-233,00
-16063,84	-427,00
-16025,27	-298,00
-15986,82	-348,00
-15948,46	-410,00
-15910,22	-272,00
-15872,07	-261,00
-15834,04	-188,00
-15796,10	-395,00
-15758,27	-413,00
-15720,54	-235,00
-15682,91	-478,00
-15645,39	-426,00
-15607,97	-311,00
-15570,64	-294,00
-15533,42	-480,00
-15496,30	-215,00
-15459,28	-301,00
-15422,36	-313,00
-15385,54	-245,00
-15348,82	-241,00
-15312,19	-434,00
-15275,66	-395,00
-15239,23	-291,00
-15202,90	-432,00
-15166,67	-399,00
-15130,53	-216,00
-15094,48	-304,00
-15058,54	-254,00
-15022,68	-146,00
-14986,93	-402,00
-14951,26	-314,00
-14915,69	-301,00
-14880,22	-317,00
-14844,84	-242,00
-14809,55	-228,00
-14774,35	-447,00
-14739,25	-289,00
-14704,24	-243,00
-14669,32	-273,00
-14634,49	-288,00
-14599,75	-321,00
-14565,10	-277,00
-14530,55	-437,00
-14496,08	-294,00
-14461,70	-380,00
-14427,41	-310,00
-14393,21	-375,00
-14359,10	-316,00
-14325,07	-267,00
-14291,14	-238,00
-14257,29	-379,00
-14223,52	-392,00
-14189,85	-244,00
-14156,26	-290,00
-14122,76	-143,00
-14089,34	-457,00
-14056,01	-377,00
-14022,76	-470,00
-13989,60	-172,00
-13956,52	-253,00
-13923,53	-291,00
-13890,62	-235,00
-13857,79	-392,00
-13825,05	-410,00
-13792,39	-232,00
-13759,81	-475,00
-13727,31	-362,00
-13694,90	-321,00
-13662,57	-473,00
-13630,31	-413,00
-13598,14	-341,00
-13566,05	-488,00
-13534,05	-313,00
-13502,12	-427,00
-13470,27	-340,00
-13438,50	-500,00
-13406,80	-377,00
-13375,19	-233,00
-13343,66	-311,00
-13312,20	-440,00
-13280,83	-444,00
-13249,53	-220,00
-13218,30	-466,00
-13187,16	-127,00
-13156,09	-390,00
-13125,10	-241,00
-13094,18	-302,00
-13063,34	-337,00
-13032,58	-341,00
-13001,89	-371,00
-12971,28	-251,00
-12940,74	-346,00
-12910,27	-373,00
-12879,88	-314,00
-12849,57	-313,00
-12819,33	-501,00
-12789,16	-389,00
-12759,06	-298,00
-12729,04	-452,00
-12699,09	-843,00
-12669,21	-422,00
-12639,41	-267,00
-12609,68	-256,00
-12580,02	-296,00
-12550,43	-393,00
-12520,91	-355,00
-12491,46	-169,00
-12462,08	-349,00
-12432,77	-349,00
-12403,54	-387,00
-12374,37	-267,00
-12345,27	-384,00
-12316,24	-242,00
-12287,29	-455,00
-12258,40	-321,00
-12229,57	-317,00
-12200,82	-402,00
-12172,14	-366,00
-12143,52	-290,00
-12114,97	-427,00
-12086,49	-321,00
-12058,07	-399,00
-12029,73	-261,00
-12001,44	-370,00
-11973,23	-248,00
-11945,08	-229,00
-11917,00	-191,00
-11888,98	-182,00
-11861,03	-309,00
-11833,15	-175,00
-11805,32	-351,00
-11777,57	-360,00
-11749,88	-365,00
-11722,25	-312,00
-11694,69	-344,00
-11667,19	-232,00
-11639,75	-486,00
-11612,38	-312,00
-11585,07	-300,00
-11557,83	-348,00
-11530,65	-261,00
-11503,53	-354,00
-11476,47	-397,00
-11449,48	-392,00
-11422,54	-91,00
-11395,67	-378,00
-11368,86	-435,00
-11342,11	-244,00
-11315,43	-387,00
-11288,80	-88,00
-11262,23	-313,00
-11235,73	-245,00
-11209,28	-247,00
-11182,90	-244,00
-11156,57	-248,00
-11130,31	-285,00
-11104,10	-272,00
-11077,96	-368,00
-11051,87	-299,00
-11025,84	-457,00
-10999,87	-400,00
-10973,96	-380,00
-10948,11	-310,00
-10922,31	-243,00
-10896,58	-509,00
-10870,90	-404,00
-10845,28	-289,00
-10819,71	-416,00
-10794,20	-290,00
-10768,75	-221,00
-10743,36	-288,00
-10718,02	-96,00
-10692,74	-330,00
-10667,52	-258,00
-10642,35	-304,00
-10617,24	-331,00
-10592,18	-386,00
-10567,18	-231,00
-10542,23	-327,00
-10517,34	-309,00
-10492,51	-192,00
-10467,72	-266,00
-10443,00	-375,00
-10418,32	-249,00
-10393,70	-305,00
-10369,14	-326,00
-10344,63	-385,00
-10320,17	-279,00
-10295,77	-525,00
-10271,42	-382,00
-10247,12	-302,00
-10222,88	-258,00
-10198,68	-256,00
-10174,54	-177,00
-10150,46	-484,00
-10126,42	-316,00
-10102,44	-170,00
-10078,51	-278,00
-10054,63	-337,00
-10030,80	-238,00
-10007,03	-303,00
-9983,30	-133,00
-9959,63	-369,00
-9936,01	-48,00
-9912,44	-135,00
-9888,92	-91,00
-9865,44	-112,00
-9842,02	-114,00
-9818,65	-3,00
-9795,33	51,00
-9772,06	-55,00
-9748,84	-173,00
-9725,67	1,00
-9702,55	9,00
-9679,47	-9,00
-9656,45	48,00
-9633,47	211,00
-9610,55	11,00
-9587,67	145,00
-9564,84	198,00
-9542,06	310,00
-9519,32	426,00
-9496,64	625,00
-9474,00	578,00
-9451,41	573,00
-9428,87	509,00
-9406,37	604,00
-9383,92	512,00
-9361,52	530,00
-9339,17	504,00
-9316,86	807,00
-9294,60	876,00
-9272,38	978,00
-9250,21	1141,00
-9228,09	1351,00
-9206,01	1030,00
-9183,98	1264,00
-9162,00	1022,00
-9140,06	1075,00
-9118,16	1033,00
-9096,31	1135,00
-9074,51	1026,00
-9052,75	1162,00
-9031,04	1108,00
-9009,37	933,00
-8987,74	839,00
-8966,16	786,00
-8944,63	777,00
-8923,14	828,00
-8901,69	678,00
-8880,29	720,00
-8858,93	789,00
-8837,61	889,00
-8816,34	918,00
-8795,11	836,00
-8773,92	936,00
-8752,78	648,00
-8731,68	665,00
-8710,62	538,00
-8689,61	660,00
-8668,63	812,00
-8647,70	481,00
-8626,82	900,00
-8605,97	693,00
-8585,17	798,00
-8564,41	777,00
-8543,69	657,00
-8523,01	645,00
-8502,37	423,00
-8481,78	791,00
-8461,23	866,00
-8440,71	784,00
-8420,24	856,00
-8399,81	907,00
-8379,42	814,00
-8359,08	728,00
-8338,77	648,00
-8318,50	592,00
-8298,27	616,00
-8278,09	637,00
-8257,94	550,00
-8237,83	823,00
-8217,76	740,00
-8197,74	817,00
-8177,75	504,00
-8157,80	616,00
-8137,89	653,00
-8118,02	454,00
-8098,19	284,00
-8078,40	534,00
-8058,65	540,00
-8038,93	590,00
-8019,26	628,00
-7999,62	621,00
-7980,02	412,00
-7960,46	533,00
-7940,94	388,00
-7921,46	354,00
-7902,01	459,00
-7882,60	385,00
-7863,23	364,00
-7843,90	302,00
-7824,61	503,00
-7805,35	515,00
-7786,13	236,00
-7766,95	512,00
-7747,80	300,00
-7728,69	309,00
-7709,62	416,00
-7690,59	414,00
-7671,59	444,00
-7652,63	402,00
-7633,70	568,00
-7614,81	329,00
-7595,96	454,00
-7577,15	389,00
-7558,37	306,00
-7539,62	266,00
-7520,91	415,00
-7502,24	516,00
-7483,60	339,00
-7465,00	661,00
-7446,44	265,00
-7427,91	318,00
-7409,41	333,00
-7390,95	132,00
-7372,53	92,00
-7354,14	277,00
-7335,78	275,00
-7317,46	160,00
-7299,18	264,00
-7280,92	363,00
-7262,71	341,00
-7244,52	371,00
-7226,38	280,00
-7208,26	484,00
-7190,18	474,00
-7172,14	431,00
-7154,12	435,00
-7136,15	369,00
-7118,20	406,00
-7100,29	275,00
-7082,41	521,00
-7064,57	209,00
-7046,76	494,00
-7028,98	113,00
-7011,24	56,00
-6993,53	307,00
-6975,85	117,00
-6958,20	201,00
-6940,59	64,00
-6923,01	215,00
-6905,46	-114,00
-6887,94	463,00
-6870,46	195,00
-6853,01	449,00
-6835,59	385,00
-6818,21	309,00
-6800,85	0,00
-6783,53	71,00
-6766,24	121,00
-6748,98	114,00
-6731,76	137,00
-6714,56	69,00
-6697,40	33,00
-6680,26	204,00
-6663,16	148,00
-6646,09	32,00
-6629,05	240,00
-6612,05	304,00
-6595,07	243,00
-6578,13	207,00
-6561,21	256,00
-6544,33	-29,00
-6527,47	-25,00
-6510,65	57,00
-6493,86	67,00
-6477,10	-56,00
-6460,36	4,00
-6443,66	52,00
-6426,99	-18,00
-6410,35	-72,00
-6393,74	37,00
-6377,16	59,00
-6360,61	106,00
-6344,09	199,00
-6327,59	209,00
-6311,13	89,00
-6294,70	148,00
-6278,29	74,00
-6261,92	273,00
-6245,58	268,00
-6229,26	416,00
-6212,97	96,00
-6196,72	-40,00
-6180,49	6,00
-6164,29	-120,00
-6148,12	-129,00
-6131,98	-96,00
-6115,86	-27,00
-6099,78	-109,00
-6083,72	62,00
-6067,69	-81,00
-6051,69	10,00
-6035,72	-105,00
-6019,78	-175,00
-6003,87	-19,00
-5987,98	85,00
-5972,12	161,00
-5956,29	6,00
-5940,49	209,00
-5924,71	-71,00
-5908,96	-174,00
-5893,24	-188,00
-5877,55	-140,00
-5861,89	-75,00
-5846,25	-28,00
-5830,64	-92,00
-5815,05	-127,00
-5799,50	-49,00
-5783,97	-35,00
-5768,47	-167,00
-5752,99	-57,00
-5737,55	-21,00
-5722,12	1,00
-5706,73	77,00
-5691,36	-40,00
-5676,02	-49,00
-5660,71	-202,00
-5645,42	-36,00
-5630,16	-40,00
-5614,92	-9,00
-5599,71	-16,00
-5584,53	46,00
-5569,37	88,00
-5554,24	1572,00
-5539,14	20,00
-5524,06	31,00
-5509,01	157,00
-5493,98	-53,00
-5478,98	86,00
-5464,00	-37,00
-5449,05	-43,00
-5434,13	-213,00
-5419,23	-206,00
-5404,36	-115,00
-5389,51	212,00
-5374,69	299,00
-5359,89	79,00
-5345,12	162,00
-5330,37	49,00
-5315,65	-26,00
-5300,95	7,00
-5286,28	-120,00
-5271,63	-117,00
-5257,01	15,00
-5242,41	58,00
-5227,84	-21,00
-5213,29	-119,00
-5198,76	-8,00
-5184,26	-124,00
-5169,79	-196,00
-5155,33	-42,00
-5140,91	34,00
-5126,51	49,00
-5112,13	11,00
-5097,77	76,00
-5083,44	-95,00
-5069,13	-25,00
-5054,85	-395,00
-5040,59	-82,00
-5026,36	10,00
-5012,15	11,00
-4997,96	64,00
-4983,80	-86,00
-4969,66	-178,00
-4955,54	-40,00
-4941,44	-147,00
-4927,37	15,00
-4913,33	-104,00
-4899,30	157,00
-4885,30	210,00
-4871,33	97,00
-4857,37	-209,00
-4843,44	-221,00
-4829,53	-125,00
-4815,65	-104,00
-4801,79	13,00
-4787,95	-187,00
-4774,13	-108,00
-4760,34	-75,00
-4746,56	-321,00
-4732,82	-149,00
-4719,09	-278,00
-4705,38	157,00
-4691,70	-71,00
-4678,04	-23,00
-4664,41	-92,00
-4650,79	-288,00
-4637,20	-58,00
-4623,63	-312,00
-4610,08	-200,00
-4596,56	6,00
-4583,05	-56,00
-4569,57	-8,00
-4556,11	-353,00
-4542,67	-145,00
-4529,25	-201,00
-4515,86	-186,00
-4502,49	75,00
-4489,13	112,00
-4475,80	-221,00
-4462,49	-72,00
-4449,21	-409,00
-4435,94	-281,00
-4422,70	-164,00
-4409,47	-88,00
-4396,27	-255,00
-4383,09	-203,00
-4369,93	-5,00
-4356,79	-421,00
-4343,67	-201,00
-4330,58	-164,00
-4317,50	-104,00
-4304,45	-252,00
-4291,41	-185,00
-4278,40	-177,00
-4265,41	-271,00
-4252,44	-222,00
-4239,49	-98,00
-4226,55	-94,00
-4213,65	-33,00
-4200,76	-301,00
-4187,89	-452,00
-4175,04	-277,00
-4162,21	-298,00
-4149,40	-241,00
-4136,61	-217,00
-4123,85	-370,00
-4111,10	-384,00
-4098,37	-475,00
-4085,66	-208,00
-4072,98	-191,00
-4060,31	-162,00
-4047,66	-281,00
-4035,04	-290,00
-4022,43	-228,00
-4009,84	-118,00
-3997,27	-297,00
-3984,72	-334,00
-3972,19	-235,00
-3959,69	-283,00
-3947,20	-68,00
-3934,73	-363,00
-3922,27	-107,00
-3909,84	-477,00
-3897,43	-356,00
-3885,04	-420,00
-3872,67	-439,00
-3860,31	-506,00
-3847,98	-422,00
-3835,66	-371,00
-3823,36	-279,00
-3811,09	-319,00
-3798,83	-407,00
-3786,59	-506,00
-3774,37	-287,00
-3762,17	-203,00
-3749,98	-354,00
-3737,82	-404,00
-3725,67	-420,00
-3713,55	-318,00
-3701,44	-463,00
-3689,35	-333,00
-3677,28	-396,00
-3665,22	-368,00
-3653,19	-224,00
-3641,17	-132,00
-3629,18	-483,00
-3617,20	-255,00
-3605,24	-440,00
-3593,30	-274,00
-3581,37	-512,00
-3569,47	-365,00
-3557,58	-430,00
-3545,71	-354,00
-3533,86	-418,00
-3522,02	-14,00
-3510,21	-295,00
-3498,41	-345,00
-3486,63	-332,00
-3474,87	-418,00
-3463,12	-333,00
-3451,40	-334,00
-3439,69	-262,00
-3428,00	-342,00
-3416,33	-409,00
-3404,67	-418,00
-3393,03	-307,00
-3381,41	-264,00
-3369,81	-285,00
-3358,22	-380,00
-3346,66	-253,00
-3335,10	-271,00
-3323,57	-224,00
-3312,06	-378,00
-3300,56	-222,00
-3289,08	-435,00
-3277,61	-227,00
-3266,16	-495,00
-3254,73	-444,00
-3243,32	-242,00
-3231,92	-320,00
-3220,55	-285,00
-3209,18	-188,00
-3197,84	-322,00
-3186,51	-385,00
-3175,20	-409,00
-3163,90	-378,00
-3152,63	-346,00
-3141,36	-361,00
-3130,12	-387,00
-3118,89	-357,00
-3107,68	-444,00
-3096,49	-325,00
-3085,31	-341,00
-3074,15	-312,00
-3063,00	-299,00
-3051,87	-344,00
-3040,76	-327,00
-3029,67	-502,00
-3018,59	-362,00
-3007,52	-456,00
-2996,48	-342,00
-2985,44	-408,00
-2974,43	-427,00
-2963,43	-442,00
-2952,45	-221,00
-2941,48	-322,00
-2930,53	-323,00
-2919,60	-418,00
-2908,68	-347,00
-2897,78	-352,00
-2886,89	-494,00
-2876,02	-284,00
-2865,17	-369,00
-2854,33	-330,00
-2843,50	-401,00
-2832,70	-250,00
-2821,90	-226,00
-2811,13	-380,00
-2800,37	-322,00
-2789,62	-329,00
-2778,89	-386,00
-2768,18	-328,00
-2757,48	-234,00
-2746,80	-357,00
-2736,13	-284,00
-2725,48	-365,00
-2714,84	-204,00
-2704,22	-310,00
-2693,61	-395,00
-2683,02	-313,00
-2672,45	-503,00
-2661,89	-476,00
-2651,34	-244,00
-2640,81	-401,00
-2630,30	-405,00
-2619,80	-269,00
-2609,31	-374,00
-2598,84	-230,00
-2588,39	-333,00
-2577,95	-341,00
-2567,52	-284,00
-2557,11	-373,00
-2546,71	-308,00
-2536,33	-61,00
-2525,97	-193,00
-2515,62	-410,00
-2505,28	-473,00
-2494,96	-341,00
-2484,65	-289,00
-2474,36	-460,00
-2464,08	-389,00
-2453,82	-488,00
-2443,57	-418,00
-2433,33	-360,00
-2423,11	-357,00
-2412,91	-267,00
-2402,72	-316,00
-2392,54	-452,00
-2382,38	-398,00
-2372,23	-166,00
-2362,09	2450,00
-2351,97	-359,00
-2341,87	-269,00
-2331,78	-272,00
-2321,70	-409,00
-2311,64	-360,00
-2301,59	-360,00
-2291,55	-375,00
-2281,53	-351,00
-2271,53	-351,00
-2261,53	-445,00
-2251,55	-387,00
-2241,59	-250,00
-2231,64	-236,00
-2221,70	-343,00
-2211,78	-330,00
-2201,87	-390,00
-2191,97	-397,00
-2182,09	-212,00
-2172,22	-301,00
-2162,37	-262,00
-2152,53	-344,00
-2142,70	-388,00
-2132,89	-193,00
-2123,09	-404,00
-2113,30	-280,00
-2103,53	-359,00
-2093,77	-320,00
-2084,02	-338,00
-2074,29	-421,00
-2064,57	-404,00
-2054,86	-213,00
-2045,17	-352,00
-2035,49	-250,00
-2025,82	-447,00
-2016,17	-468,00
-2006,53	-245,00
-1996,91	-209,00
-1987,29	-496,00
-1977,69	-378,00
-1968,11	-286,00
-1958,53	-363,00
-1948,97	-353,00
-1939,42	-212,00
-1929,89	-285,00
-1920,37	-501,00
-1910,86	-294,00
-1901,36	-322,00
-1891,88	-311,00
-1882,41	-408,00
-1872,95	-285,00
-1863,51	-254,00
-1854,08	-299,00
-1844,66	-432,00
-1835,26	-288,00
-1825,86	-378,00
-1816,48	-375,00
-1807,11	-250,00
-1797,76	-405,00
-1788,42	-305,00
-1779,09	-372,00
-1769,77	-191,00
-1760,47	-453,00
-1751,17	-362,00
-1741,89	-326,00
-1732,63	-364,00
-1723,37	-408,00
-1714,13	-455,00
-1704,90	-171,00
-1695,68	-463,00
-1686,48	-188,00
-1677,29	-277,00
-1668,11	-496,00
-1658,94	-336,00
-1649,78	-252,00
-1640,64	-231,00
-1631,51	-398,00
-1622,39	-184,00
-1613,28	-308,00
-1604,19	-195,00
-1595,10	-204,00
-1586,03	-382,00
-1576,97	-315,00
-1567,93	-103,00
-1558,89	-189,00
-1549,87	-433,00
-1540,86	-325,00
-1531,86	-268,00
-1522,87	-389,00
-1513,90	-232,00
-1504,93	-287,00
-1495,98	-368,00
-1487,04	-383,00
-1478,12	-398,00
-1469,20	-392,00
-1460,30	-518,00
-1451,40	-442,00
-1442,52	-415,00
-1433,65	-453,00
-1424,80	-316,00
-1415,95	-442,00
-1407,12	-357,00
-1398,30	-364,00
-1389,48	-345,00
-1380,69	-128,00
-1371,90	-252,00
-1363,12	-384,00
-1354,36	-316,00
-1345,60	-435,00
-1336,86	-231,00
-1328,13	-550,00
-1319,41	-481,00
-1310,70	-398,00
-1302,01	-298,00
-1293,32	-441,00
-1284,65	-376,00
-1275,99	-268,00
-1267,33	-245,00
-1258,69	-319,00
-1250,06	-269,00
-1241,45	-501,00
-1232,84	-302,00
-1224,25	-398,00
-1215,66	-249,00
-1207,09	-486,00
-1198,53	-312,00
-1189,97	-325,00
-1181,43	-346,00
-1172,91	-336,00
-1164,39	-274,00
-1155,88	-310,00
-1147,38	-219,00
-1138,90	-378,00
-1130,43	-235,00
-1121,96	-387,00
-1113,51	-246,00
-1105,07	-341,00
-1096,64	-557,00
-1088,22	-442,00
-1079,81	-404,00
-1071,41	-320,00
-1063,02	-232,00
-1054,65	-319,00
-1046,28	-258,00
-1037,92	-426,00
-1029,58	-291,00
-1021,24	-310,00
-1012,92	-243,00
-1004,61	-361,00
-996,30	-85,00
-988,01	-426,00
-979,73	-246,00
-971,46	-333,00
-963,20	-378,00
-954,95	-275,00
-946,71	-231,00
-938,48	-480,00
-930,26	-319,00
-922,06	-280,00
-913,86	-364,00
-905,67	-263,00
-897,49	-203,00
-889,33	-311,00
-881,17	-407,00
-873,02	-471,00
-864,89	-332,00
-856,76	-197,00
-848,65	-304,00
-840,54	-443,00
-832,45	-310,00
-824,36	-307,00
-816,29	-336,00
-808,22	-350,00
-800,17	-263,00
-792,12	-345,00
-784,09	-375,00
-776,06	-151,00
-768,05	-302,00
-760,04	-383,00
-752,05	-226,00
-744,07	-315,00
-736,09	-470,00
-728,13	-350,00
-720,17	-142,00
-712,23	-326,00
-704,29	-271,00
-696,37	-296,00
-688,45	-149,00
-680,55	-373,00
-672,65	-318,00
-664,77	-289,00
-656,89	-342,00
-649,03	-428,00
-641,17	-337,00
-633,32	-428,00
-625,49	-174,00
-617,66	-434,00
-609,84	-367,00
-602,03	-331,00
-594,23	-265,00
-586,45	-318,00
-578,67	-208,00
-570,90	-337,00
-563,14	-200,00
-555,39	-195,00
-547,65	-359,00
-539,91	-397,00
-532,19	-435,00
-524,48	-386,00
-516,78	-330,00
-509,08	-292,00
-501,40	-415,00
-493,72	-367,00
-486,06	-260,00
-478,40	-388,00
-470,76	-197,00
-463,12	-223,00
-455,49	-394,00
-447,87	-333,00
-440,26	-248,00
-432,66	-324,00
-425,07	-389,00
-417,49	-268,00
-409,92	-253,00
-402,35	-90,00
-394,80	-243,00
-387,25	-215,00
-379,72	-392,00
-372,19	-430,00
-364,67	-253,00
-357,17	-367,00
-349,67	-403,00
-342,18	-237,00
-334,69	-296,00
-327,22	-351,00
-319,76	-389,00
-312,30	-248,00
-304,86	-174,00
-297,42	-280,00
-290,00	-388,00
-282,58	-168,00
-275,17	-197,00
-267,77	-378,00
-260,37	-272,00
-252,99	-105,00
-245,62	-201,00
-238,25	-209,00
-230,90	-65,00
-223,55	-133,00
-216,21	-151,00
-208,88	-318,00
-201,56	-29,00
-194,25	5,00
-186,94	-15,00
-179,65	100,00
-172,36	190,00
-165,08	132,00
-157,81	-44,00
-150,55	189,00
-143,30	256,00
-136,06	212,00
-128,82	327,00
-121,60	390,00
-114,38	552,00
-107,17	568,00
-99,97	686,00
-92,78	669,00
-85,60	1129,00
-78,42	1304,00
-71,25	1547,00
-64,10	1784,00
-56,95	2291,00
-49,81	2529,00
-42,67	3206,00
-35,55	4132,00
-28,43	5635,00
-21,33	9870,00
-14,23	32781,00
-7,14	50179,00
-0,05	49721,00
7,02	49075,00
14,09	49817,00
21,14	28504,00
28,19	12142,00
35,23	7517,00
42,27	5454,00
49,29	4318,00
56,31	3629,00
63,32	2796,00
70,32	2419,00
77,31	2105,00
84,29	1795,00
91,27	1488,00
98,23	1387,00
105,19	1080,00
112,14	1105,00
119,09	1785,00
126,02	3082,00
132,95	3818,00
139,87	3774,00
146,78	3612,00
153,68	3528,00
160,58	3389,00
167,46	3242,00
174,34	3073,00
181,21	3102,00
188,08	3094,00
194,93	2810,00
201,78	2915,00
208,62	3092,00
215,45	2954,00
222,27	3028,00
229,09	2922,00
235,90	2917,00
242,70	2893,00
249,49	2876,00
256,27	2766,00
263,05	2639,00
269,82	2698,00
276,58	2523,00
283,33	2466,00
290,08	2317,00
296,82	2352,00
303,55	2299,00
310,27	2365,00
316,98	2322,00
323,69	2169,00
330,39	2144,00
337,08	2235,00
343,76	2232,00
350,44	2238,00
357,11	2065,00
363,77	2173,00
370,42	2126,00
377,07	2186,00
383,71	2084,00
390,34	2198,00
396,96	2072,00
403,58	2094,00
410,19	2273,00
416,79	1959,00
423,38	1975,00
429,97	2172,00
436,55	1914,00
443,12	1867,00
449,68	1579,00
456,24	1797,00
462,79	1871,00
469,33	1796,00
475,86	1636,00
482,39	1775,00
488,91	1744,00
495,42	1676,00
501,93	1751,00
508,42	1633,00
514,91	1590,00
521,40	1603,00
527,87	1659,00
534,34	1690,00
540,80	1623,00
547,25	1699,00
553,70	1488,00
560,14	1613,00
566,57	1556,00
573,00	1623,00
579,41	1481,00
585,83	1451,00
592,23	1313,00
598,62	1574,00
605,01	1507,00
611,40	1539,00
617,77	1403,00
624,14	1445,00
630,50	1541,00
636,85	1515,00
643,20	1528,00
649,54	1540,00
655,87	1583,00
662,20	1241,00
668,52	1316,00
674,83	1347,00
681,13	1502,00
687,43	1404,00
693,72	1224,00
700,00	1478,00
706,28	1287,00
712,55	1527,00
718,81	1394,00
725,07	1386,00
731,32	1316,00
737,56	1304,00
743,79	1541,00
750,02	1401,00
756,24	1566,00
762,46	1463,00
768,67	1373,00
774,87	1460,00
781,06	1412,00
787,25	1364,00
793,43	1246,00
799,60	1459,00
805,77	1215,00
811,93	1457,00
818,08	1432,00
824,23	1461,00
830,37	1242,00
836,50	1401,00
842,63	1443,00
848,75	1399,00
854,87	1361,00
860,97	1390,00
867,07	1329,00
873,17	1466,00
879,25	1510,00
885,33	1552,00
891,41	1527,00
897,47	1374,00
903,53	1508,00
909,59	1318,00
915,63	1369,00
921,67	1434,00
927,71	1333,00
933,74	1430,00
939,76	1222,00
945,77	1317,00
951,78	1241,00
957,78	1335,00
963,78	1328,00
969,77	1236,00
975,75	1331,00
981,72	1278,00
987,69	1241,00
993,66	1123,00
999,61	1435,00
1005,56	1306,00
1011,51	1425,00
1017,44	1448,00
1023,37	1432,00
1029,30	1362,00
1035,22	1266,00
1041,13	1547,00
1047,03	1499,00
1052,93	2028,00
1058,83	2799,00
1064,71	3272,00
1070,59	2593,00
1076,47	2069,00
1082,33	1814,00
1088,20	1691,00
1094,05	1478,00
1099,90	1661,00
1105,74	1634,00
1111,58	1668,00
1117,41	2123,00
1123,23	2555,00
1129,05	3407,00
1134,86	2852,00
1140,67	2118,00
1146,47	1635,00
1152,26	1364,00
1158,05	1320,00
1163,83	1459,00
1169,60	1513,00
1175,37	1464,00
1181,13	1167,00
1186,89	1064,00
1192,64	1211,00
1198,38	1183,00
1204,12	1394,00
1209,85	1152,00
1215,58	1173,00
1221,30	1093,00
1227,02	1219,00
1232,72	1182,00
1238,43	1164,00
1244,12	1104,00
1249,81	1271,00
1255,50	1403,00
1261,17	1372,00
1266,85	1544,00
1272,51	1699,00
1278,17	1552,00
1283,83	1884,00
1289,47	2937,00
1295,12	4288,00
1300,75	3682,00
1306,38	2666,00
1312,01	2279,00
1317,63	1875,00
1323,24	1764,00
1328,85	1711,00
1334,45	1516,00
1340,04	1785,00
1345,63	1732,00
1351,22	1602,00
1356,80	1685,00
1362,37	1754,00
1367,93	1894,00
1373,49	1807,00
1379,05	1944,00
1384,60	1803,00
1390,14	1827,00
1395,68	1999,00
1401,21	1870,00
1406,74	1989,00
1412,26	2239,00
1417,77	2640,00
1423,28	2880,00
1428,78	2990,00
1434,28	3618,00
1439,77	4326,00
1445,26	4305,00
1450,74	3765,00
1456,22	3712,00
1461,68	3394,00
1467,15	3087,00
1472,61	2828,00
1478,06	2265,00
1483,51	1696,00
1488,95	1792,00
1494,38	1585,00
1499,81	1440,00
1505,24	1406,00
1510,65	1185,00
1516,07	1358,00
1521,48	1396,00
1526,88	1238,00
1532,27	1202,00
1537,67	1115,00
1543,05	1160,00
1548,43	1195,00
1553,81	1081,00
1559,18	1157,00
1564,54	1265,00
1569,90	1089,00
1575,25	1250,00
1580,60	1196,00
1585,94	995,00
1591,28	1207,00
1596,61	1084,00
1601,93	1053,00
1607,25	1001,00
1612,57	967,00
1617,88	936,00
1623,18	1019,00
1628,48	968,00
1633,77	974,00
1639,06	912,00
1644,34	929,00
1649,62	749,00
1654,89	895,00
1660,16	809,00
1665,42	697,00
1670,67	975,00
1675,92	811,00
1681,17	823,00
1686,41	685,00
1691,64	845,00
1696,87	912,00
1702,10	811,00
1707,32	709,00
1712,53	692,00
1717,74	665,00
1722,94	769,00
1728,14	582,00
1733,33	743,00
1738,52	573,00
1743,70	598,00
1748,88	663,00
1754,05	787,00
1759,22	903,00
1764,38	2598,00
1769,53	825,00
1774,69	679,00
1779,83	650,00
1784,97	628,00
1790,11	390,00
1795,24	711,00
1800,36	501,00
1805,48	664,00
1810,60	726,00
1815,71	589,00
1820,82	702,00
1825,92	631,00
1831,01	502,00
1836,10	752,00
1841,19	523,00
1846,26	638,00
1851,34	562,00
1856,41	625,00
1861,47	467,00
1866,53	662,00
1871,59	406,00
1876,64	610,00
1881,68	697,00
1886,72	490,00
1891,76	761,00
1896,79	506,00
1901,81	661,00
1906,83	439,00
1911,85	395,00
1916,86	442,00
1921,86	412,00
1926,86	554,00
1931,86	381,00
1936,85	288,00
1941,83	256,00
1946,81	332,00
1951,79	637,00
1956,76	287,00
1961,72	427,00
1966,68	301,00
1971,64	413,00
1976,59	316,00
1981,54	385,00
1986,48	364,00
1991,42	459,00
1996,35	153,00
2001,27	325,00
2006,20	535,00
2011,11	210,00
2016,03	411,00
2020,93	276,00
2025,84	199,00
2030,73	377,00
2035,63	208,00
2040,52	203,00
2045,40	307,00
2050,28	278,00
2055,15	362,00
2060,02	253,00
2064,89	247,00
2069,75	272,00
2074,60	357,00
2079,46	306,00
2084,30	362,00
2089,14	179,00
2093,98	336,00
2098,81	346,00
2103,64	385,00
2108,46	197,00
2113,28	298,00
2118,09	210,00
2122,90	227,00
2127,70	269,00
2132,50	228,00
2137,30	272,00
2142,09	256,00
2146,87	175,00
2151,66	217,00
2156,43	118,00
2161,20	300,00
2165,97	96,00
2170,73	48,00
2175,49	160,00
2180,24	400,00
2184,99	167,00
2189,74	16,00
2194,48	216,00
2199,21	192,00
2203,94	287,00
2208,67	191,00
2213,39	151,00
2218,11	153,00
2222,82	65,00
2227,53	7,00
2232,23	205,00
2236,93	150,00
2241,63	121,00
2246,32	156,00
2251,00	36,00
2255,68	104,00
2260,36	44,00
2265,03	96,00
2269,70	99,00
2274,36	228,00
2279,02	87,00
2283,68	166,00
2288,33	258,00
2292,97	188,00
2297,61	83,00
2302,25	48,00
2306,88	165,00
2311,51	59,00
2316,14	177,00
2320,75	121,00
2325,37	120,00
2329,98	114,00
2334,59	248,00
2339,19	193,00
2343,79	190,00
2348,38	231,00
2352,97	127,00
2357,55	-63,00
2362,13	128,00
2366,71	194,00
2371,28	95,00
2375,85	119,00
2380,41	85,00
2384,97	109,00
2389,52	229,00
2394,07	59,00
2398,62	45,00
2403,16	-27,00
2407,70	23,00
2412,23	93,00
2416,76	95,00
2421,29	117,00
2425,81	38,00
2430,32	-205,00
2434,84	-43,00
2439,34	-51,00
2443,85	-19,00
2448,35	125,00
2452,84	-4,00
2457,33	-105,00
2461,82	21,00
2466,30	-28,00
2470,78	100,00
2475,25	88,00
2479,72	-8,00
2484,19	24,00
2488,65	0,00
2493,11	118,00
2497,56	59,00
2502,01	112,00
2506,46	173,00
2510,90	63,00
2515,34	15,00
2519,77	-69,00
2524,20	68,00
2528,62	144,00
2533,04	78,00
2537,46	-114,00
2541,87	-12,00
2546,28	-27,00
2550,68	111,00
2555,08	-39,00
2559,48	-14,00
2563,87	-185,00
2568,26	25,00
2572,64	-83,00
2577,02	-36,00
2581,40	60,00
2585,77	17,00
2590,14	-105,00
2594,50	146,00
2598,86	36,00
2603,22	102,00
2607,57	163,00
2611,92	108,00
2616,26	-24,00
2620,60	-32,00
2624,94	167,00
2629,27	53,00
2633,60	22,00
2637,92	-111,00
2642,24	-27,00
2646,56	106,00
2650,87	195,00
2655,18	-27,00
2659,48	248,00
2663,78	159,00
2668,08	65,00
2672,37	7,00
2676,66	95,00
2680,95	35,00
2685,23	245,00
2689,50	191,00
2693,78	175,00
2698,05	176,00
2702,31	90,00
2706,57	244,00
2710,83	164,00
2715,08	339,00
2719,33	89,00
2723,58	291,00
2727,82	295,00
2732,06	230,00
2736,29	243,00
2740,53	242,00
2744,75	154,00
2748,97	293,00
2753,19	219,00
2757,41	141,00
2761,62	139,00
2765,83	171,00
2770,03	39,00
2774,23	318,00
2778,43	257,00
2782,62	161,00
2786,81	326,00
2791,00	294,00
2795,18	290,00
2799,35	251,00
2803,53	443,00
2807,70	561,00
2811,86	278,00
2816,03	455,00
2820,19	727,00
2824,34	703,00
2828,49	755,00
2832,64	1015,00
2836,78	1412,00
2840,92	2002,00
2845,06	2343,00
2849,19	2726,00
2853,32	2934,00
2857,45	3002,00
2861,57	2834,00
2865,69	2562,00
2869,80	2694,00
2873,91	2749,00
2878,02	3046,00
2882,12	3443,00
2886,22	3528,00
2890,32	3149,00
2894,41	2924,00
2898,50	2711,00
2902,58	2280,00
2906,67	1848,00
2910,74	1998,00
2914,82	1698,00
2918,89	1517,00
2922,96	1338,00
2927,02	1324,00
2931,08	1111,00
2935,13	1123,00
2939,19	863,00
2943,24	849,00
2947,28	743,00
2951,32	620,00
2955,36	593,00
2959,40	373,00
2963,43	312,00
2967,46	183,00
2971,48	66,00
2975,50	75,00
2979,52	212,00
2983,53	82,00
2987,54	4,00
2991,55	17,00
2995,55	235,00
2999,55	8,00
3003,54	25,00
3007,54	136,00
3011,53	53,00
3015,51	-173,00
3019,49	91,00
3023,47	-183,00
3027,45	101,00
3031,42	6,00
3035,39	-37,00
3039,35	-82,00
3043,31	-33,00
3047,27	-97,00
3051,22	-19,00
3055,17	-73,00
3059,12	-109,00
3063,06	-88,00
3067,00	-93,00
3070,94	36,00
3074,87	-145,00
3078,80	-195,00
3082,73	-173,00
3086,65	-85,00
3090,57	-85,00
3094,49	-124,00
3098,40	-277,00
3102,31	-220,00
3106,22	-218,00
3110,12	-194,00
3114,02	-221,00
3117,92	-167,00
3121,81	-168,00
3125,70	-120,00
3129,58	-162,00
3133,47	-188,00
3137,34	-295,00
3141,22	-207,00
3145,09	-262,00
3148,96	-285,00
3152,83	-404,00
3156,69	-123,00
3160,55	-143,00
3164,40	-159,00
3168,26	-226,00
3172,10	-115,00
3175,95	-329,00
3179,79	-243,00
3183,63	-290,00
3187,47	-287,00
3191,30	-226,00
3195,13	-235,00
3198,95	-175,00
3202,78	-289,00
3206,60	-225,00
3210,41	-181,00
3214,23	-48,00
3218,03	-236,00
3221,84	-361,00
3225,64	-212,00
3229,44	-188,00
3233,24	-263,00
3237,03	-119,00
3240,82	-120,00
3244,61	-214,00
3248,39	-330,00
3252,17	-363,00
3255,95	-167,00
3259,72	-157,00
3263,49	-230,00
3267,26	-368,00
3271,03	-357,00
3274,79	-223,00
3278,54	-266,00
3282,30	-247,00
3286,05	-67,00
3289,80	-329,00
3293,54	-97,00
3297,29	-200,00
3301,02	-144,00
3304,76	-91,00
3308,49	-277,00
3312,22	-165,00
3315,95	-333,00
3319,67	-209,00
3323,39	-175,00
3327,10	-193,00
3330,82	-168,00
3334,53	-224,00
3338,24	-138,00
3341,94	-106,00
3345,64	-299,00
3349,34	-143,00
3353,03	-190,00
3356,72	-168,00
3360,41	-266,00
3364,10	-273,00
3367,78	-71,00
3371,46	-295,00
3375,13	-244,00
3378,81	-82,00
3382,48	-254,00
3386,14	-142,00
3389,81	-149,00
3393,47	-334,00
3397,12	-354,00
3400,78	-212,00
3404,43	-206,00
3408,08	-123,00
3411,72	-222,00
3415,36	-309,00
3419,00	-170,00
3422,64	-165,00
3426,27	-89,00
3429,90	-230,00
3433,53	-366,00
3437,15	-384,00
3440,77	-196,00
3444,39	-372,00
3448,00	-252,00
3451,62	-241,00
3455,22	-314,00
3458,83	-379,00
3462,43	-564,00
3466,03	-237,00
3469,63	-336,00
3473,22	-236,00
3476,81	-358,00
3480,40	-229,00
3483,99	-97,00
3487,57	-382,00
3491,15	-176,00
3494,72	-200,00
3498,29	-353,00
3501,86	-343,00
3505,43	-318,00
3508,99	-246,00
3512,56	-279,00
3516,11	-267,00
3519,67	-354,00
3523,22	-389,00
3526,77	-76,00
3530,32	-318,00
3533,86	-147,00
3537,40	-213,00
3540,94	-439,00
3544,47	-197,00
3548,00	-198,00
3551,53	-219,00
3555,06	-222,00
3558,58	-273,00
3562,10	-369,00
3565,62	-162,00
3569,13	-215,00
3572,64	-236,00
3576,15	-214,00
3579,66	-323,00
3583,16	-447,00
3586,66	-292,00
3590,16	-263,00
3593,65	-239,00
3597,14	-259,00
3600,63	-294,00
3604,11	-395,00
3607,60	-311,00
3611,08	-310,00
3614,55	-286,00
3618,03	-370,00
3621,50	-256,00
3624,97	-335,00
3628,43	-270,00
3631,90	-218,00
3635,36	-418,00
3638,81	-445,00
3642,27	-395,00
3645,72	-287,00
3649,17	-429,00
3652,61	-441,00
3656,06	-298,00
3659,50	-300,00
3662,93	-275,00
3666,37	-331,00
3669,80	-411,00
3673,23	-476,00
3676,65	-343,00
3680,08	-393,00
3683,50	-361,00
3686,92	-374,00
3690,33	-384,00
3693,74	-286,00
3697,15	-238,00
3700,56	-271,00
3703,96	-371,00
3707,36	-372,00
3710,76	-518,00
3714,16	-135,00
3717,55	-201,00
3720,94	-363,00
3724,33	-281,00
3727,71	-323,00
3731,10	-287,00
3734,48	-279,00
3737,85	-250,00
3741,23	-280,00
3744,60	-271,00
3747,97	-292,00
3751,33	-344,00
3754,69	-277,00
3758,05	-311,00
3761,41	-385,00
3764,77	-253,00
3768,12	-258,00
3771,47	-277,00
3774,82	-326,00
3778,16	3,00
3781,50	-6,00
3784,84	-1,00
3788,18	-2,00
