-37534,58	13,00
-37414,56	6,00
-37295,11	1,00
-37176,24	5,00
-37057,95	345,00
-36940,22	274,00
-36823,05	312,00
-36706,45	385,00
-36590,40	432,00
-36474,90	350,00
-36359,95	462,00
-36245,55	454,00
-36131,68	400,00
-36018,35	391,00
-35905,55	470,00
-35793,29	382,00
-35681,54	398,00
-35570,32	468,00
-35459,62	535,00
-35349,43	333,00
-35239,75	480,00
-35130,58	588,00
-35021,91	454,00
-34913,74	467,00
-34806,07	403,00
-34698,89	392,00
-34592,20	597,00
-34486,00	306,00
-34380,28	539,00
-34275,04	450,00
-34170,27	226,00
-34065,98	442,00
-33962,16	473,00
-33858,81	431,00
-33755,92	344,00
-33653,49	494,00
-33551,52	497,00
-33450,01	480,00
-33348,94	389,00
-33248,33	348,00
-33148,16	558,00
-33048,43	526,00
-32949,14	542,00
-32850,29	460,00
-32751,87	453,00
-32653,89	421,00
-32556,33	568,00
-32459,20	394,00
-32362,49	530,00
-32266,19	423,00
-32170,32	460,00
-32074,86	498,00
-31979,82	293,00
-31885,18	570,00
-31790,95	581,00
-31697,12	502,00
-31603,69	525,00
-31510,67	623,00
-31418,04	450,00
-31325,80	482,00
-31233,95	633,00
-31142,49	328,00
-31051,42	443,00
-30960,73	528,00
-30870,43	658,00
-30780,50	457,00
-30690,95	572,00
-30601,77	463,00
-30512,97	481,00
-30424,53	448,00
-30336,46	497,00
-30248,76	527,00
-30161,42	450,00
-30074,44	427,00
-29987,81	477,00
-29901,55	599,00
-29815,63	454,00
-29730,07	559,00
-29644,86	393,00
-29560,00	518,00
-29475,48	517,00
-29391,30	560,00
-29307,47	391,00
-29223,97	456,00
-29140,81	440,00
-29057,99	440,00
-28975,50	588,00
-28893,34	480,00
-28811,51	368,00
-28730,00	352,00
-28648,82	496,00
-28567,97	579,00
-28487,43	460,00
-28407,21	589,00
-28327,32	423,00
-28247,73	646,00
-28168,46	366,00
-28089,50	481,00
-28010,85	460,00
-27932,51	584,00
-27854,48	642,00
-27776,75	399,00
-27699,32	472,00
-27622,19	527,00
-27545,37	457,00
-27468,84	432,00
-27392,60	478,00
-27316,66	502,00
-27241,01	624,00
-27165,66	322,00
-27090,59	413,00
-27015,81	363,00
-26941,31	568,00
-26867,10	558,00
-26793,17	602,00
-26719,52	396,00
-26646,15	579,00
-26573,06	347,00
-26500,24	509,00
-26427,70	497,00
-26355,43	493,00
-26283,43	480,00
-26211,71	450,00
-26140,25	510,00
-26069,06	646,00
-25998,13	440,00
-25927,46	458,00
-25857,06	386,00
-25786,92	585,00
-25717,04	419,00
-25647,42	573,00
-25578,05	411,00
-25508,94	582,00
-25440,09	403,00
-25371,48	455,00
-25303,13	596,00
-25235,02	448,00
-25167,17	519,00
-25099,56	645,00
-25032,19	426,00
-24965,07	431,00
-24898,20	531,00
-24831,56	567,00
-24765,17	436,00
-24699,01	440,00
-24633,10	482,00
-24567,41	510,00
-24501,97	602,00
-24436,75	415,00
-24371,77	538,00
-24307,03	441,00
-24242,51	335,00
-24178,22	535,00
-24114,16	477,00
-24050,32	661,00
-23986,71	512,00
-23923,32	445,00
-23860,16	376,00
-23797,22	457,00
-23734,50	510,00
-23672,00	428,00
-23609,71	400,00
-23547,65	353,00
-23485,80	598,00
-23424,16	480,00
-23362,74	533,00
-23301,53	620,00
-23240,54	389,00
-23179,75	375,00
-23119,17	467,00
-23058,80	446,00
-22998,64	466,00
-22938,68	395,00
-22878,93	463,00
-22819,39	512,00
-22760,04	378,00
-22700,90	625,00
-22641,96	461,00
-22583,22	602,00
-22524,68	485,00
-22466,33	511,00
-22408,19	444,00
-22350,23	603,00
-22292,48	545,00
-22234,92	485,00
-22177,55	381,00
-22120,37	464,00
-22063,38	433,00
-22006,58	423,00
-21949,98	366,00
-21893,56	304,00
-21837,33	479,00
-21781,28	401,00
-21725,42	408,00
-21669,74	433,00
-21614,25	605,00
-21558,94	448,00
-21503,81	482,00
-21448,86	632,00
-21394,10	525,00
-21339,51	407,00
-21285,10	458,00
-21230,86	376,00
-21176,81	467,00
-21122,93	488,00
-21069,22	324,00
-21015,69	496,00
-20962,33	505,00
-20909,14	373,00
-20856,13	508,00
-20803,28	544,00
-20750,61	440,00
-20698,10	458,00
-20645,76	351,00
-20593,59	425,00
-20541,59	415,00
-20489,75	540,00
-20438,07	336,00
-20386,56	480,00
-20335,22	446,00
-20284,03	493,00
-20233,01	392,00
-20182,15	352,00
-20131,45	586,00
-20080,91	382,00
-20030,52	363,00
-19980,30	408,00
-19930,23	440,00
-19880,32	553,00
-19830,56	563,00
-19780,96	541,00
-19731,52	428,00
-19682,23	435,00
-19633,09	469,00
-19584,10	479,00
-19535,26	487,00
-19486,58	360,00
-19438,04	600,00
-19389,66	423,00
-19341,42	392,00
-19293,33	422,00
-19245,39	585,00
-19197,60	339,00
-19149,95	472,00
-19102,45	474,00
-19055,09	408,00
-19007,87	540,00
-18960,80	497,00
-18913,87	404,00
-18867,09	472,00
-18820,44	383,00
-18773,94	517,00
-18727,57	366,00
-18681,35	254,00
-18635,26	512,00
-18589,31	398,00
-18543,50	305,00
-18497,83	496,00
-18452,29	531,00
-18406,89	333,00
-18361,63	426,00
-18316,50	550,00
-18271,50	486,00
-18226,63	515,00
-18181,90	557,00
-18137,30	501,00
-18092,84	498,00
-18048,50	436,00
-18004,29	420,00
-17960,22	487,00
-17916,27	447,00
-17872,45	513,00
-17828,76	437,00
-17785,20	523,00
-17741,77	333,00
-17698,46	515,00
-17655,28	525,00
-17612,22	386,00
-17569,29	421,00
-17526,48	701,00
-17483,79	486,00
-17441,23	294,00
-17398,79	369,00
-17356,48	521,00
-17314,28	462,00
-17272,21	322,00
-17230,26	459,00
-17188,42	495,00
-17146,71	533,00
-17105,12	515,00
-17063,64	433,00
-17022,28	566,00
-16981,04	446,00
-16939,92	355,00
-16898,91	656,00
-16858,02	316,00
-16817,25	539,00
-16776,59	596,00
-16736,04	399,00
-16695,61	563,00
-16655,29	470,00
-16615,09	529,00
-16574,99	572,00
-16535,01	250,00
-16495,15	406,00
-16455,39	427,00
-16415,74	368,00
-16376,21	448,00
-16336,78	413,00
-16297,46	553,00
-16258,26	523,00
-16219,16	446,00
-16180,17	428,00
-16141,28	611,00
-16102,51	360,00
-16063,84	419,00
-16025,27	341,00
-15986,82	474,00
-15948,46	385,00
-15910,22	300,00
-15872,07	457,00
-15834,04	465,00
-15796,10	569,00
-15758,27	402,00
-15720,54	302,00
-15682,91	411,00
-15645,39	343,00
-15607,97	544,00
-15570,64	552,00
-15533,42	599,00
-15496,30	449,00
-15459,28	428,00
-15422,36	556,00
-15385,54	617,00
-15348,82	457,00
-15312,19	356,00
-15275,66	502,00
-15239,23	370,00
-15202,90	552,00
-15166,67	370,00
-15130,53	338,00
-15094,48	492,00
-15058,54	513,00
-15022,68	409,00
-14986,93	564,00
-14951,26	474,00
-14915,69	401,00
-14880,22	621,00
-14844,84	407,00
-14809,55	395,00
-14774,35	505,00
-14739,25	449,00
-14704,24	413,00
-14669,32	278,00
-14634,49	305,00
-14599,75	449,00
-14565,10	497,00
-14530,55	381,00
-14496,08	396,00
-14461,70	370,00
-14427,41	377,00
-14393,21	328,00
-14359,10	523,00
-14325,07	531,00
-14291,14	472,00
-14257,29	587,00
-14223,52	464,00
-14189,85	467,00
-14156,26	516,00
-14122,76	357,00
-14089,34	436,00
-14056,01	499,00
-14022,76	476,00
-13989,60	411,00
-13956,52	386,00
-13923,53	487,00
-13890,62	451,00
-13857,79	607,00
-13825,05	490,00
-13792,39	471,00
-13759,81	417,00
-13727,31	476,00
-13694,90	351,00
-13662,57	409,00
-13630,31	567,00
-13598,14	547,00
-13566,05	406,00
-13534,05	403,00
-13502,12	513,00
-13470,27	492,00
-13438,50	449,00
-13406,80	394,00
-13375,19	266,00
-13343,66	647,00
-13312,20	630,00
-13280,83	533,00
-13249,53	309,00
-13218,30	501,00
-13187,16	356,00
-13156,09	454,00
-13125,10	456,00
-13094,18	482,00
-13063,34	411,00
-13032,58	379,00
-13001,89	295,00
-12971,28	307,00
-12940,74	305,00
-12910,27	421,00
-12879,88	426,00
-12849,57	634,00
-12819,33	410,00
-12789,16	404,00
-12759,06	454,00
-12729,04	574,00
-12699,09	1015,00
-12669,21	439,00
-12639,41	425,00
-12609,68	434,00
-12580,02	525,00
-12550,43	421,00
-12520,91	333,00
-12491,46	430,00
-12462,08	369,00
-12432,77	524,00
-12403,54	459,00
-12374,37	498,00
-12345,27	499,00
-12316,24	502,00
-12287,29	446,00
-12258,40	445,00
-12229,57	520,00
-12200,82	478,00
-12172,14	350,00
-12143,52	470,00
-12114,97	375,00
-12086,49	439,00
-12058,07	403,00
-12029,73	471,00
-12001,44	632,00
-11973,23	235,00
-11945,08	407,00
-11917,00	523,00
-11888,98	485,00
-11861,03	502,00
-11833,15	575,00
-11805,32	474,00
-11777,57	452,00
-11749,88	354,00
-11722,25	278,00
-11694,69	590,00
-11667,19	462,00
-11639,75	412,00
-11612,38	384,00
-11585,07	541,00
-11557,83	399,00
-11530,65	498,00
-11503,53	418,00
-11476,47	558,00
-11449,48	416,00
-11422,54	593,00
-11395,67	514,00
-11368,86	444,00
-11342,11	607,00
-11315,43	570,00
-11288,80	435,00
-11262,23	436,00
-11235,73	500,00
-11209,28	576,00
-11182,90	487,00
-11156,57	517,00
-11130,31	379,00
-11104,10	432,00
-11077,96	406,00
-11051,87	481,00
-11025,84	426,00
-10999,87	437,00
-10973,96	497,00
-10948,11	437,00
-10922,31	341,00
-10896,58	430,00
-10870,90	659,00
-10845,28	421,00
-10819,71	456,00
-10794,20	517,00
-10768,75	622,00
-10743,36	301,00
-10718,02	426,00
-10692,74	400,00
-10667,52	427,00
-10642,35	419,00
-10617,24	521,00
-10592,18	419,00
-10567,18	465,00
-10542,23	515,00
-10517,34	409,00
-10492,51	484,00
-10467,72	303,00
-10443,00	379,00
-10418,32	482,00
-10393,70	509,00
-10369,14	397,00
-10344,63	224,00
-10320,17	308,00
-10295,77	384,00
-10271,42	247,00
-10247,12	394,00
-10222,88	403,00
-10198,68	394,00
-10174,54	284,00
-10150,46	214,00
-10126,42	428,00
-10102,44	365,00
-10078,51	254,00
-10054,63	238,00
-10030,80	429,00
-10007,03	456,00
-9983,30	235,00
-9959,63	251,00
-9936,01	178,00
-9912,44	217,00
-9888,92	177,00
-9865,44	170,00
-9842,02	176,00
-9818,65	197,00
-9795,33	141,00
-9772,06	10,00
-9748,84	193,00
-9725,67	53,00
-9702,55	-90,00
-9679,47	214,00
-9656,45	-168,00
-9633,47	-169,00
-9610,55	-253,00
-9587,67	-133,00
-9564,84	-114,00
-9542,06	-339,00
-9519,32	-273,00
-9496,64	-413,00
-9474,00	-714,00
-9451,41	-799,00
-9428,87	-673,00
-9406,37	-498,00
-9383,92	-598,00
-9361,52	-472,00
-9339,17	-668,00
-9316,86	-653,00
-9294,60	-1020,00
-9272,38	-1243,00
-9250,21	-1369,00
-9228,09	-1452,00
-9206,01	-1202,00
-9183,98	-1232,00
-9162,00	-958,00
-9140,06	-1013,00
-9118,16	-1032,00
-9096,31	-1096,00
-9074,51	-1439,00
-9052,75	-1082,00
-9031,04	-1126,00
-9009,37	-1076,00
-8987,74	-831,00
-8966,16	-515,00
-8944,63	-532,00
-8923,14	-294,00
-8901,69	-683,00
-8880,29	-772,00
-8858,93	-838,00
-8837,61	-1077,00
-8816,34	-1262,00
-8795,11	-999,00
-8773,92	-1063,00
-8752,78	-885,00
-8731,68	-750,00
-8710,62	-611,00
-8689,61	-868,00
-8668,63	-933,00
-8647,70	-958,00
-8626,82	-941,00
-8605,97	-932,00
-8585,17	-625,00
-8564,41	-585,00
-8543,69	-400,00
-8523,01	-474,00
-8502,37	-527,00
-8481,78	-731,00
-8461,23	-853,00
-8440,71	-906,00
-8420,24	-984,00
-8399,81	-1071,00
-8379,42	-1116,00
-8359,08	-955,00
-8338,77	-660,00
-8318,50	-666,00
-8298,27	-813,00
-8278,09	-708,00
-8257,94	-887,00
-8237,83	-969,00
-8217,76	-952,00
-8197,74	-1125,00
-8177,75	-931,00
-8157,80	-802,00
-8137,89	-700,00
-8118,02	-626,00
-8098,19	-565,00
-8078,40	-470,00
-8058,65	-709,00
-8038,93	-921,00
-8019,26	-767,00
-7999,62	-622,00
-7980,02	-578,00
-7960,46	-495,00
-7940,94	-331,00
-7921,46	-345,00
-7902,01	-447,00
-7882,60	-458,00
-7863,23	-432,00
-7843,90	-401,00
-7824,61	-706,00
-7805,35	-604,00
-7786,13	-669,00
-7766,95	-570,00
-7747,80	-499,00
-7728,69	-298,00
-7709,62	-281,00
-7690,59	-493,00
-7671,59	-354,00
-7652,63	-665,00
-7633,70	-568,00
-7614,81	-653,00
-7595,96	-597,00
-7577,15	-335,00
-7558,37	-318,00
-7539,62	-300,00
-7520,91	-473,00
-7502,24	-484,00
-7483,60	-622,00
-7465,00	-417,00
-7446,44	-431,00
-7427,91	-188,00
-7409,41	-140,00
-7390,95	-16,00
-7372,53	29,00
-7354,14	24,00
-7335,78	-172,00
-7317,46	-268,00
-7299,18	-177,00
-7280,92	-309,00
-7262,71	-152,00
-7244,52	-263,00
-7226,38	-490,00
-7208,26	-351,00
-7190,18	-396,00
-7172,14	-358,00
-7154,12	-207,00
-7136,15	-331,00
-7118,20	-366,00
-7100,29	-292,00
-7082,41	-362,00
-7064,57	-320,00
-7046,76	-248,00
-7028,98	-127,00
-7011,24	-62,00
-6993,53	14,00
-6975,85	346,00
-6958,20	94,00
-6940,59	196,00
-6923,01	79,00
-6905,46	-213,00
-6887,94	-151,00
-6870,46	-3235,00
-6853,01	-182,00
-6835,59	-344,00
-6818,21	-181,00
-6800,85	18,00
-6783,53	203,00
-6766,24	149,00
-6748,98	166,00
-6731,76	316,00
-6714,56	220,00
-6697,40	388,00
-6680,26	300,00
-6663,16	89,00
-6646,09	200,00
-6629,05	-30,00
-6612,05	-121,00
-6595,07	5,00
-6578,13	-135,00
-6561,21	216,00
-6544,33	164,00
-6527,47	250,00
-6510,65	264,00
-6493,86	391,00
-6477,10	229,00
-6460,36	399,00
-6443,66	306,00
-6426,99	196,00
-6410,35	151,00
-6393,74	324,00
-6377,16	323,00
-6360,61	142,00
-6344,09	28,00
-6327,59	84,00
-6311,13	137,00
-6294,70	75,00
-6278,29	33,00
-6261,92	-61,00
-6245,58	-1,00
-6229,26	-19,00
-6212,97	33,00
-6196,72	185,00
-6180,49	273,00
-6164,29	318,00
-6148,12	433,00
-6131,98	424,00
-6115,86	549,00
-6099,78	476,00
-6083,72	479,00
-6067,69	431,00
-6051,69	417,00
-6035,72	432,00
-6019,78	385,00
-6003,87	258,00
-5987,98	256,00
-5972,12	201,00
-5956,29	204,00
-5940,49	260,00
-5924,71	307,00
-5908,96	306,00
-5893,24	297,00
-5877,55	303,00
-5861,89	256,00
-5846,25	414,00
-5830,64	356,00
-5815,05	408,00
-5799,50	363,00
-5783,97	356,00
-5768,47	254,00
-5752,99	227,00
-5737,55	226,00
-5722,12	205,00
-5706,73	318,00
-5691,36	60,00
-5676,02	253,00
-5660,71	424,00
-5645,42	289,00
-5630,16	264,00
-5614,92	416,00
-5599,71	321,00
-5584,53	181,00
-5569,37	368,00
-5554,24	-1021,00
-5539,14	452,00
-5524,06	242,00
-5509,01	232,00
-5493,98	223,00
-5478,98	504,00
-5464,00	285,00
-5449,05	297,00
-5434,13	416,00
-5419,23	457,00
-5404,36	293,00
-5389,51	237,00
-5374,69	116,00
-5359,89	287,00
-5345,12	114,00
-5330,37	170,00
-5315,65	148,00
-5300,95	316,00
-5286,28	387,00
-5271,63	264,00
-5257,01	305,00
-5242,41	384,00
-5227,84	259,00
-5213,29	345,00
-5198,76	385,00
-5184,26	512,00
-5169,79	406,00
-5155,33	286,00
-5140,91	465,00
-5126,51	335,00
-5112,13	328,00
-5097,77	290,00
-5083,44	283,00
-5069,13	369,00
-5054,85	325,00
-5040,59	182,00
-5026,36	361,00
-5012,15	395,00
-4997,96	240,00
-4983,80	422,00
-4969,66	357,00
-4955,54	380,00
-4941,44	291,00
-4927,37	265,00
-4913,33	219,00
-4899,30	128,00
-4885,30	22,00
-4871,33	267,00
-4857,37	405,00
-4843,44	398,00
-4829,53	343,00
-4815,65	476,00
-4801,79	347,00
-4787,95	327,00
-4774,13	303,00
-4760,34	454,00
-4746,56	304,00
-4732,82	415,00
-4719,09	260,00
-4705,38	297,00
-4691,70	265,00
-4678,04	56,00
-4664,41	350,00
-4650,79	297,00
-4637,20	312,00
-4623,63	411,00
-4610,08	303,00
-4596,56	380,00
-4583,05	281,00
-4569,57	330,00
-4556,11	415,00
-4542,67	251,00
-4529,25	414,00
-4515,86	269,00
-4502,49	280,00
-4489,13	184,00
-4475,80	186,00
-4462,49	394,00
-4449,21	308,00
-4435,94	415,00
-4422,70	251,00
-4409,47	153,00
-4396,27	305,00
-4383,09	401,00
-4369,93	381,00
-4356,79	590,00
-4343,67	427,00
-4330,58	285,00
-4317,50	287,00
-4304,45	350,00
-4291,41	472,00
-4278,40	506,00
-4265,41	465,00
-4252,44	418,00
-4239,49	393,00
-4226,55	362,00
-4213,65	449,00
-4200,76	415,00
-4187,89	442,00
-4175,04	513,00
-4162,21	606,00
-4149,40	222,00
-4136,61	490,00
-4123,85	388,00
-4111,10	434,00
-4098,37	535,00
-4085,66	502,00
-4072,98	426,00
-4060,31	503,00
-4047,66	619,00
-4035,04	398,00
-4022,43	540,00
-4009,84	507,00
-3997,27	465,00
-3984,72	453,00
-3972,19	435,00
-3959,69	453,00
-3947,20	441,00
-3934,73	447,00
-3922,27	383,00
-3909,84	474,00
-3897,43	411,00
-3885,04	461,00
-3872,67	519,00
-3860,31	528,00
-3847,98	360,00
-3835,66	416,00
-3823,36	538,00
-3811,09	557,00
-3798,83	358,00
-3786,59	500,00
-3774,37	510,00
-3762,17	350,00
-3749,98	416,00
-3737,82	429,00
-3725,67	614,00
-3713,55	370,00
-3701,44	520,00
-3689,35	518,00
-3677,28	508,00
-3665,22	436,00
-3653,19	565,00
-3641,17	527,00
-3629,18	381,00
-3617,20	485,00
-3605,24	457,00
-3593,30	602,00
-3581,37	379,00
-3569,47	556,00
-3557,58	443,00
-3545,71	585,00
-3533,86	452,00
-3522,02	528,00
-3510,21	569,00
-3498,41	480,00
-3486,63	580,00
-3474,87	461,00
-3463,12	523,00
-3451,40	584,00
-3439,69	521,00
-3428,00	353,00
-3416,33	585,00
-3404,67	421,00
-3393,03	313,00
-3381,41	474,00
-3369,81	492,00
-3358,22	575,00
-3346,66	714,00
-3335,10	440,00
-3323,57	311,00
-3312,06	433,00
-3300,56	554,00
-3289,08	418,00
-3277,61	380,00
-3266,16	542,00
-3254,73	513,00
-3243,32	390,00
-3231,92	559,00
-3220,55	430,00
-3209,18	412,00
-3197,84	466,00
-3186,51	587,00
-3175,20	527,00
-3163,90	386,00
-3152,63	550,00
-3141,36	415,00
-3130,12	525,00
-3118,89	232,00
-3107,68	590,00
-3096,49	567,00
-3085,31	481,00
-3074,15	445,00
-3063,00	462,00
-3051,87	652,00
-3040,76	354,00
-3029,67	434,00
-3018,59	463,00
-3007,52	499,00
-2996,48	559,00
-2985,44	385,00
-2974,43	333,00
-2963,43	389,00
-2952,45	410,00
-2941,48	451,00
-2930,53	412,00
-2919,60	493,00
-2908,68	520,00
-2897,78	571,00
-2886,89	562,00
-2876,02	537,00
-2865,17	417,00
-2854,33	453,00
-2843,50	541,00
-2832,70	492,00
-2821,90	470,00
-2811,13	375,00
-2800,37	423,00
-2789,62	555,00
-2778,89	514,00
-2768,18	467,00
-2757,48	487,00
-2746,80	481,00
-2736,13	524,00
-2725,48	404,00
-2714,84	529,00
-2704,22	487,00
-2693,61	500,00
-2683,02	486,00
-2672,45	286,00
-2661,89	586,00
-2651,34	533,00
-2640,81	498,00
-2630,30	648,00
-2619,80	494,00
-2609,31	380,00
-2598,84	422,00
-2588,39	497,00
-2577,95	478,00
-2567,52	292,00
-2557,11	447,00
-2546,71	552,00
-2536,33	308,00
-2525,97	459,00
-2515,62	643,00
-2505,28	521,00
-2494,96	416,00
-2484,65	386,00
-2474,36	675,00
-2464,08	609,00
-2453,82	442,00
-2443,57	544,00
-2433,33	421,00
-2423,11	446,00
-2412,91	594,00
-2402,72	417,00
-2392,54	526,00
-2382,38	391,00
-2372,23	517,00
-2362,09	4140,00
-2351,97	511,00
-2341,87	463,00
-2331,78	532,00
-2321,70	482,00
-2311,64	490,00
-2301,59	618,00
-2291,55	430,00
-2281,53	430,00
-2271,53	511,00
-2261,53	426,00
-2251,55	506,00
-2241,59	306,00
-2231,64	565,00
-2221,70	367,00
-2211,78	432,00
-2201,87	423,00
-2191,97	653,00
-2182,09	609,00
-2172,22	522,00
-2162,37	488,00
-2152,53	394,00
-2142,70	563,00
-2132,89	234,00
-2123,09	378,00
-2113,30	488,00
-2103,53	504,00
-2093,77	316,00
-2084,02	467,00
-2074,29	370,00
-2064,57	391,00
-2054,86	544,00
-2045,17	428,00
-2035,49	678,00
-2025,82	464,00
-2016,17	520,00
-2006,53	337,00
-1996,91	381,00
-1987,29	377,00
-1977,69	448,00
-1968,11	547,00
-1958,53	405,00
-1948,97	395,00
-1939,42	307,00
-1929,89	443,00
-1920,37	492,00
-1910,86	598,00
-1901,36	604,00
-1891,88	675,00
-1882,41	448,00
-1872,95	549,00
-1863,51	482,00
-1854,08	507,00
-1844,66	574,00
-1835,26	423,00
-1825,86	592,00
-1816,48	398,00
-1807,11	469,00
-1797,76	436,00
-1788,42	467,00
-1779,09	599,00
-1769,77	480,00
-1760,47	512,00
-1751,17	401,00
-1741,89	691,00
-1732,63	468,00
-1723,37	534,00
-1714,13	515,00
-1704,90	517,00
-1695,68	598,00
-1686,48	572,00
-1677,29	322,00
-1668,11	610,00
-1658,94	552,00
-1649,78	412,00
-1640,64	396,00
-1631,51	402,00
-1622,39	397,00
-1613,28	580,00
-1604,19	456,00
-1595,10	479,00
-1586,03	362,00
-1576,97	423,00
-1567,93	513,00
-1558,89	472,00
-1549,87	451,00
-1540,86	581,00
-1531,86	554,00
-1522,87	443,00
-1513,90	606,00
-1504,93	559,00
-1495,98	567,00
-1487,04	378,00
-1478,12	486,00
-1469,20	441,00
-1460,30	535,00
-1451,40	466,00
-1442,52	424,00
-1433,65	586,00
-1424,80	303,00
-1415,95	490,00
-1407,12	566,00
-1398,30	491,00
-1389,48	298,00
-1380,69	459,00
-1371,90	440,00
-1363,12	439,00
-1354,36	629,00
-1345,60	420,00
-1336,86	531,00
-1328,13	496,00
-1319,41	454,00
-1310,70	516,00
-1302,01	493,00
-1293,32	414,00
-1284,65	371,00
-1275,99	602,00
-1267,33	499,00
-1258,69	532,00
-1250,06	385,00
-1241,45	541,00
-1232,84	414,00
-1224,25	432,00
-1215,66	595,00
-1207,09	629,00
-1198,53	514,00
-1189,97	390,00
-1181,43	419,00
-1172,91	478,00
-1164,39	659,00
-1155,88	540,00
-1147,38	412,00
-1138,90	455,00
-1130,43	382,00
-1121,96	475,00
-1113,51	493,00
-1105,07	475,00
-1096,64	613,00
-1088,22	612,00
-1079,81	518,00
-1071,41	522,00
-1063,02	466,00
-1054,65	509,00
-1046,28	552,00
-1037,92	459,00
-1029,58	504,00
-1021,24	442,00
-1012,92	426,00
-1004,61	423,00
-996,30	604,00
-988,01	549,00
-979,73	389,00
-971,46	604,00
-963,20	500,00
-954,95	421,00
-946,71	566,00
-938,48	490,00
-930,26	528,00
-922,06	411,00
-913,86	519,00
-905,67	535,00
-897,49	540,00
-889,33	369,00
-881,17	479,00
-873,02	480,00
-864,89	544,00
-856,76	473,00
-848,65	460,00
-840,54	563,00
-832,45	446,00
-824,36	405,00
-816,29	565,00
-808,22	449,00
-800,17	706,00
-792,12	714,00
-784,09	659,00
-776,06	459,00
-768,05	519,00
-760,04	466,00
-752,05	575,00
-744,07	540,00
-736,09	452,00
-728,13	476,00
-720,17	457,00
-712,23	434,00
-704,29	440,00
-696,37	358,00
-688,45	613,00
-680,55	411,00
-672,65	537,00
-664,77	503,00
-656,89	423,00
-649,03	411,00
-641,17	488,00
-633,32	551,00
-625,49	520,00
-617,66	463,00
-609,84	617,00
-602,03	478,00
-594,23	510,00
-586,45	373,00
-578,67	465,00
-570,90	492,00
-563,14	441,00
-555,39	565,00
-547,65	583,00
-539,91	398,00
-532,19	392,00
-524,48	606,00
-516,78	515,00
-509,08	520,00
-501,40	431,00
-493,72	537,00
-486,06	449,00
-478,40	462,00
-470,76	501,00
-463,12	440,00
-455,49	293,00
-447,87	422,00
-440,26	418,00
-432,66	602,00
-425,07	449,00
-417,49	523,00
-409,92	430,00
-402,35	364,00
-394,80	460,00
-387,25	413,00
-379,72	587,00
-372,19	457,00
-364,67	463,00
-357,17	486,00
-349,67	407,00
-342,18	590,00
-334,69	518,00
-327,22	474,00
-319,76	579,00
-312,30	734,00
-304,86	525,00
-297,42	622,00
-290,00	681,00
-282,58	530,00
-275,17	535,00
-267,77	418,00
-260,37	608,00
-252,99	538,00
-245,62	656,00
-238,25	580,00
-230,90	643,00
-223,55	707,00
-216,21	608,00
-208,88	717,00
-201,56	757,00
-194,25	763,00
-186,94	697,00
-179,65	899,00
-172,36	795,00
-165,08	820,00
-157,81	820,00
-150,55	976,00
-143,30	1025,00
-136,06	1002,00
-128,82	1193,00
-121,60	1322,00
-114,38	1393,00
-107,17	1424,00
-99,97	1629,00
-92,78	1674,00
-85,60	1882,00
-78,42	2262,00
-71,25	2510,00
-64,10	2636,00
-56,95	3248,00
-49,81	3770,00
-42,67	4587,00
-35,55	5469,00
-28,43	7326,00
-21,33	12177,00
-14,23	40090,00
-7,14	52288,00
-0,05	51937,00
7,02	51328,00
14,09	51858,00
21,14	29690,00
28,19	13502,00
35,23	8759,00
42,27	6700,00
49,29	5564,00
56,31	4649,00
63,32	4212,00
70,32	3481,00
77,31	2874,00
84,29	2627,00
91,27	2392,00
98,23	2250,00
105,19	2264,00
112,14	2284,00
119,09	3543,00
126,02	5535,00
132,95	6325,00
139,87	6446,00
146,78	6365,00
153,68	6151,00
160,58	5975,00
167,46	5948,00
174,34	5757,00
181,21	5715,00
188,08	5788,00
194,93	5640,00
201,78	5599,00
208,62	5648,00
215,45	5795,00
222,27	5759,00
229,09	5962,00
235,90	5688,00
242,70	5636,00
249,49	5562,00
256,27	5581,00
263,05	5425,00
269,82	5344,00
276,58	5206,00
283,33	5181,00
290,08	5133,00
296,82	5039,00
303,55	4965,00
310,27	4858,00
316,98	4888,00
323,69	5087,00
330,39	4973,00
337,08	5038,00
343,76	5011,00
350,44	4858,00
357,11	4859,00
363,77	4763,00
370,42	4764,00
377,07	4974,00
383,71	4969,00
390,34	4876,00
396,96	4491,00
403,58	4562,00
410,19	4556,00
416,79	4573,00
423,38	4809,00
429,97	4688,00
436,55	4672,00
443,12	4645,00
449,68	4439,00
456,24	4408,00
462,79	4375,00
469,33	4212,00
475,86	4101,00
482,39	4006,00
488,91	4186,00
495,42	4035,00
501,93	3845,00
508,42	3988,00
514,91	3985,00
521,40	3989,00
527,87	3899,00
534,34	3763,00
540,80	3790,00
547,25	3862,00
553,70	3761,00
560,14	3830,00
566,57	3819,00
573,00	3933,00
579,41	3710,00
585,83	3784,00
592,23	3674,00
598,62	3631,00
605,01	3683,00
611,40	3702,00
617,77	3623,00
624,14	3666,00
630,50	3667,00
636,85	3689,00
643,20	3532,00
649,54	3504,00
655,87	3382,00
662,20	3478,00
668,52	3470,00
674,83	3534,00
681,13	3406,00
687,43	3575,00
693,72	3342,00
700,00	3519,00
706,28	3432,00
712,55	3483,00
718,81	3318,00
725,07	3432,00
731,32	3382,00
737,56	3469,00
743,79	3373,00
750,02	3310,00
756,24	3290,00
762,46	3348,00
768,67	3381,00
774,87	3322,00
781,06	3231,00
787,25	3314,00
793,43	3514,00
799,60	3305,00
805,77	3468,00
811,93	3314,00
818,08	3335,00
824,23	3274,00
830,37	3398,00
836,50	3207,00
842,63	3380,00
848,75	3221,00
854,87	3287,00
860,97	3249,00
867,07	3208,00
873,17	3304,00
879,25	3469,00
885,33	3347,00
891,41	3492,00
897,47	3384,00
903,53	3325,00
909,59	3353,00
915,63	3313,00
921,67	3339,00
927,71	3251,00
933,74	3412,00
939,76	3295,00
945,77	3107,00
951,78	3257,00
957,78	3289,00
963,78	3239,00
969,77	3093,00
975,75	3182,00
981,72	3043,00
987,69	3602,00
993,66	3427,00
999,61	3217,00
1005,56	3184,00
1011,51	3142,00
1017,44	3252,00
1023,37	3259,00
1029,30	3281,00
1035,22	3494,00
1041,13	3398,00
1047,03	3470,00
1052,93	3911,00
1058,83	4415,00
1064,71	4951,00
1070,59	4364,00
1076,47	4080,00
1082,33	3840,00
1088,20	4120,00
1094,05	4326,00
1099,90	4267,00
1105,74	3987,00
1111,58	3756,00
1117,41	4455,00
1123,23	4772,00
1129,05	5139,00
1134,86	4678,00
1140,67	3972,00
1146,47	3528,00
1152,26	3435,00
1158,05	3475,00
1163,83	3428,00
1169,60	3232,00
1175,37	3211,00
1181,13	3169,00
1186,89	2971,00
1192,64	3095,00
1198,38	2864,00
1204,12	2921,00
1209,85	2734,00
1215,58	3014,00
1221,30	2860,00
1227,02	2842,00
1232,72	2990,00
1238,43	3006,00
1244,12	2889,00
1249,81	2959,00
1255,50	3004,00
1261,17	3027,00
1266,85	3077,00
1272,51	3273,00
1278,17	3275,00
1283,83	3562,00
1289,47	4530,00
1295,12	5326,00
1300,75	5078,00
1306,38	4206,00
1312,01	3603,00
1317,63	3449,00
1323,24	3491,00
1328,85	3467,00
1334,45	3542,00
1340,04	3618,00
1345,63	3534,00
1351,22	3501,00
1356,80	3446,00
1362,37	3648,00
1367,93	3690,00
1373,49	3901,00
1379,05	3950,00
1384,60	3734,00
1390,14	3742,00
1395,68	3561,00
1401,21	3569,00
1406,74	3590,00
1412,26	3946,00
1417,77	4218,00
1423,28	4189,00
1428,78	4237,00
1434,28	4782,00
1439,77	5378,00
1445,26	5192,00
1450,74	4936,00
1456,22	4597,00
1461,68	4652,00
1467,15	4498,00
1472,61	4203,00
1478,06	3848,00
1483,51	3404,00
1488,95	3093,00
1494,38	3195,00
1499,81	3010,00
1505,24	2877,00
1510,65	2845,00
1516,07	2866,00
1521,48	2753,00
1526,88	2684,00
1532,27	2682,00
1537,67	2546,00
1543,05	2610,00
1548,43	2562,00
1553,81	2612,00
1559,18	2586,00
1564,54	2661,00
1569,90	2617,00
1575,25	2478,00
1580,60	2558,00
1585,94	2440,00
1591,28	2481,00
1596,61	2357,00
1601,93	2535,00
1607,25	2555,00
1612,57	2387,00
1617,88	2444,00
1623,18	2324,00
1628,48	2386,00
1633,77	2302,00
1639,06	2364,00
1644,34	2399,00
1649,62	2243,00
1654,89	2396,00
1660,16	2368,00
1665,42	2290,00
1670,67	2181,00
1675,92	2302,00
1681,17	2040,00
1686,41	2244,00
1691,64	2128,00
1696,87	2124,00
1702,10	2095,00
1707,32	1971,00
1712,53	2117,00
1717,74	2206,00
1722,94	1929,00
1728,14	2248,00
1733,33	2144,00
1738,52	2001,00
1743,70	2214,00
1748,88	1867,00
1754,05	1997,00
1759,22	2055,00
1764,38	2207,00
1769,53	1921,00
1774,69	1949,00
1779,83	1813,00
1784,97	1918,00
1790,11	1829,00
1795,24	1831,00
1800,36	1876,00
1805,48	1810,00
1810,60	1894,00
1815,71	1982,00
1820,82	1893,00
1825,92	1722,00
1831,01	1789,00
1836,10	1830,00
1841,19	1898,00
1846,26	1681,00
1851,34	1851,00
1856,41	1951,00
1861,47	1743,00
1866,53	1935,00
1871,59	1871,00
1876,64	1818,00
1881,68	1639,00
1886,72	1880,00
1891,76	1790,00
1896,79	1803,00
1901,81	1727,00
1906,83	1876,00
1911,85	1707,00
1916,86	1836,00
1921,86	1825,00
1926,86	1714,00
1931,86	1537,00
1936,85	1651,00
1941,83	1811,00
1946,81	1713,00
1951,79	1640,00
1956,76	1720,00
1961,72	1601,00
1966,68	1558,00
1971,64	1570,00
1976,59	1674,00
1981,54	1394,00
1986,48	1438,00
1991,42	1543,00
1996,35	1662,00
2001,27	1476,00
2006,20	1506,00
2011,11	1567,00
2016,03	1465,00
2020,93	1349,00
2025,84	1471,00
2030,73	1504,00
2035,63	1428,00
2040,52	1538,00
2045,40	1355,00
2050,28	1364,00
2055,15	1554,00
2060,02	1414,00
2064,89	1512,00
2069,75	1421,00
2074,60	1679,00
2079,46	1347,00
2084,30	1520,00
2089,14	1416,00
2093,98	1535,00
2098,81	1390,00
2103,64	1444,00
2108,46	1470,00
2113,28	1384,00
2118,09	1333,00
2122,90	1521,00
2127,70	1463,00
2132,50	1325,00
2137,30	1441,00
2142,09	1371,00
2146,87	1372,00
2151,66	1391,00
2156,43	1473,00
2161,20	1343,00
2165,97	1326,00
2170,73	1285,00
2175,49	1457,00
2180,24	1361,00
2184,99	1337,00
2189,74	1413,00
2194,48	1321,00
2199,21	1221,00
2203,94	1352,00
2208,67	1307,00
2213,39	1210,00
2218,11	1242,00
2222,82	1378,00
2227,53	1222,00
2232,23	1221,00
2236,93	1195,00
2241,63	1304,00
2246,32	1136,00
2251,00	1247,00
2255,68	1232,00
2260,36	1140,00
2265,03	1315,00
2269,70	1245,00
2274,36	1134,00
2279,02	1189,00
2283,68	1151,00
2288,33	1181,00
2292,97	1110,00
2297,61	1314,00
2302,25	1244,00
2306,88	1068,00
2311,51	959,00
2316,14	1121,00
2320,75	1101,00
2325,37	1189,00
2329,98	1274,00
2334,59	1119,00
2339,19	1107,00
2343,79	996,00
2348,38	1114,00
2352,97	1195,00
2357,55	1209,00
2362,13	1075,00
2366,71	1178,00
2371,28	1200,00
2375,85	988,00
2380,41	1136,00
2384,97	1149,00
2389,52	977,00
2394,07	1194,00
2398,62	1026,00
2403,16	1189,00
2407,70	1119,00
2412,23	1087,00
2416,76	1247,00
2421,29	1000,00
2425,81	1115,00
2430,32	1023,00
2434,84	912,00
2439,34	1119,00
2443,85	1130,00
2448,35	1035,00
2452,84	1108,00
2457,33	1141,00
2461,82	1085,00
2466,30	1135,00
2470,78	975,00
2475,25	1014,00
2479,72	1090,00
2484,19	1063,00
2488,65	938,00
2493,11	1045,00
2497,56	992,00
2502,01	1067,00
2506,46	970,00
2510,90	954,00
2515,34	964,00
2519,77	1021,00
2524,20	997,00
2528,62	956,00
2533,04	1214,00
2537,46	1018,00
2541,87	958,00
2546,28	929,00
2550,68	934,00
2555,08	1048,00
2559,48	987,00
2563,87	808,00
2568,26	925,00
2572,64	987,00
2577,02	1005,00
2581,40	893,00
2585,77	854,00
2590,14	845,00
2594,50	990,00
2598,86	990,00
2603,22	1013,00
2607,57	1026,00
2611,92	955,00
2616,26	1009,00
2620,60	993,00
2624,94	1020,00
2629,27	1021,00
2633,60	960,00
2637,92	1109,00
2642,24	1197,00
2646,56	968,00
2650,87	994,00
2655,18	1024,00
2659,48	1209,00
2663,78	951,00
2668,08	1014,00
2672,37	969,00
2676,66	1131,00
2680,95	1031,00
2685,23	1171,00
2689,50	991,00
2693,78	1059,00
2698,05	997,00
2702,31	1064,00
2706,57	1041,00
2710,83	1089,00
2715,08	1248,00
2719,33	1204,00
2723,58	1101,00
2727,82	1179,00
2732,06	1080,00
2736,29	1300,00
2740,53	1116,00
2744,75	1190,00
2748,97	1179,00
2753,19	980,00
2757,41	1050,00
2761,62	1030,00
2765,83	999,00
2770,03	985,00
2774,23	1034,00
2778,43	1083,00
2782,62	1131,00
2786,81	1083,00
2791,00	1086,00
2795,18	1140,00
2799,35	1194,00
2803,53	1204,00
2807,70	1273,00
2811,86	1207,00
2816,03	1475,00
2820,19	1372,00
2824,34	1482,00
2828,49	1579,00
2832,64	1833,00
2836,78	2022,00
2840,92	2295,00
2845,06	2781,00
2849,19	3133,00
2853,32	3345,00
2857,45	3174,00
2861,57	3076,00
2865,69	2979,00
2869,80	2931,00
2873,91	2976,00
2878,02	3279,00
2882,12	3633,00
2886,22	3555,00
2890,32	3529,00
2894,41	3337,00
2898,50	3063,00
2902,58	2784,00
2906,67	2725,00
2910,74	2509,00
2914,82	2436,00
2918,89	2300,00
2922,96	2142,00
2927,02	1972,00
2931,08	1926,00
2935,13	1848,00
2939,19	1849,00
2943,24	1606,00
2947,28	1493,00
2951,32	1396,00
2955,36	1222,00
2959,40	1458,00
2963,43	1301,00
2967,46	1258,00
2971,48	1224,00
2975,50	997,00
2979,52	994,00
2983,53	1052,00
2987,54	946,00
2991,55	867,00
2995,55	840,00
2999,55	725,00
3003,54	948,00
3007,54	756,00
3011,53	890,00
3015,51	811,00
3019,49	803,00
3023,47	880,00
3027,45	816,00
3031,42	752,00
3035,39	660,00
3039,35	725,00
3043,31	862,00
3047,27	781,00
3051,22	830,00
3055,17	530,00
3059,12	700,00
3063,06	699,00
3067,00	564,00
3070,94	716,00
3074,87	730,00
3078,80	670,00
3082,73	622,00
3086,65	813,00
3090,57	599,00
3094,49	656,00
3098,40	656,00
3102,31	779,00
3106,22	683,00
3110,12	784,00
3114,02	684,00
3117,92	804,00
3121,81	672,00
3125,70	777,00
3129,58	684,00
3133,47	678,00
3137,34	701,00
3141,22	673,00
3145,09	664,00
3148,96	644,00
3152,83	642,00
3156,69	546,00
3160,55	547,00
3164,40	543,00
3168,26	628,00
3172,10	646,00
3175,95	668,00
3179,79	594,00
3183,63	679,00
3187,47	464,00
3191,30	657,00
3195,13	820,00
3198,95	640,00
3202,78	524,00
3206,60	675,00
3210,41	646,00
3214,23	527,00
3218,03	612,00
3221,84	562,00
3225,64	655,00
3229,44	740,00
3233,24	711,00
3237,03	714,00
3240,82	519,00
3244,61	601,00
3248,39	590,00
3252,17	519,00
3255,95	730,00
3259,72	563,00
3263,49	782,00
3267,26	610,00
3271,03	652,00
3274,79	521,00
3278,54	553,00
3282,30	623,00
3286,05	702,00
3289,80	524,00
3293,54	636,00
3297,29	549,00
3301,02	716,00
3304,76	623,00
3308,49	652,00
3312,22	755,00
3315,95	610,00
3319,67	663,00
3323,39	799,00
3327,10	566,00
3330,82	682,00
3334,53	721,00
3338,24	524,00
3341,94	755,00
3345,64	709,00
3349,34	630,00
3353,03	567,00
3356,72	573,00
3360,41	675,00
3364,10	660,00
3367,78	672,00
3371,46	720,00
3375,13	591,00
3378,81	623,00
3382,48	690,00
3386,14	531,00
3389,81	653,00
3393,47	581,00
3397,12	572,00
3400,78	560,00
3404,43	657,00
3408,08	682,00
3411,72	376,00
3415,36	645,00
3419,00	583,00
3422,64	483,00
3426,27	524,00
3429,90	451,00
3433,53	494,00
3437,15	562,00
3440,77	454,00
3444,39	426,00
3448,00	604,00
3451,62	637,00
3455,22	506,00
3458,83	420,00
3462,43	528,00
3466,03	709,00
3469,63	643,00
3473,22	474,00
3476,81	449,00
3480,40	450,00
3483,99	429,00
3487,57	544,00
3491,15	414,00
3494,72	512,00
3498,29	517,00
3501,86	469,00
3505,43	594,00
3508,99	612,00
3512,56	523,00
3516,11	577,00
3519,67	418,00
3523,22	563,00
3526,77	568,00
3530,32	499,00
3533,86	457,00
3537,40	440,00
3540,94	510,00
3544,47	412,00
3548,00	375,00
3551,53	591,00
3555,06	494,00
3558,58	450,00
3562,10	518,00
3565,62	406,00
3569,13	407,00
3572,64	391,00
3576,15	474,00
3579,66	384,00
3583,16	503,00
3586,66	499,00
3590,16	452,00
3593,65	405,00
3597,14	355,00
3600,63	531,00
3604,11	473,00
3607,60	522,00
3611,08	500,00
3614,55	604,00
3618,03	478,00
3621,50	456,00
3624,97	605,00
3628,43	582,00
3631,90	596,00
3635,36	342,00
3638,81	427,00
3642,27	390,00
3645,72	416,00
3649,17	448,00
3652,61	582,00
3656,06	474,00
3659,50	396,00
3662,93	334,00
3666,37	378,00
3669,80	539,00
3673,23	469,00
3676,65	584,00
3680,08	660,00
3683,50	397,00
3686,92	415,00
3690,33	305,00
3693,74	509,00
3697,15	476,00
3700,56	449,00
3703,96	420,00
3707,36	441,00
3710,76	436,00
3714,16	427,00
3717,55	499,00
3720,94	480,00
3724,33	457,00
3727,71	379,00
3731,10	363,00
3734,48	438,00
3737,85	404,00
3741,23	284,00
3744,60	472,00
3747,97	437,00
3751,33	426,00
3754,69	500,00
3758,05	430,00
3761,41	356,00
3764,77	416,00
3768,12	368,00
3771,47	240,00
3774,82	379,00
3778,16	-6,00
3781,50	-3,00
3784,84	5,00
3788,18	3,00
