-37534.58	7
-37414.56	2
-37295.11	6
-37176.24	-11
-37057.95	42
-36940.22	-28
-36823.05	60
-36706.45	84
-36590.4	37
-36474.9	66
-36359.95	30
-36245.55	29
-36131.68	-21
-36018.35	51
-35905.55	61
-35793.29	13
-35681.54	-12
-35570.32	19
-35459.62	51
-35349.43	68
-35239.75	12
-35130.58	-10
-35021.91	45
-34913.74	71
-34806.07	95
-34698.89	50
-34592.2	62
-34486	12
-34380.28	39
-34275.04	60
-34170.27	32
-34065.98	-16
-33962.16	100
-33858.81	49
-33755.92	78
-33653.49	24
-33551.52	53
-33450.01	13
-33348.94	30
-33248.33	16
-33148.16	38
-33048.43	117
-32949.14	27
-32850.29	33
-32751.87	72
-32653.89	58
-32556.33	89
-32459.2	59
-32362.49	46
-32266.19	35
-32170.32	-24
-32074.86	107
-31979.82	80
-31885.18	32
-31790.95	37
-31697.12	31
-31603.69	-17
-31510.67	0
-31418.04	61
-31325.8	24
-31233.95	39
-31142.49	22
-31051.42	74
-30960.73	68
-30870.43	97
-30780.5	42
-30690.95	45
-30601.77	49
-30512.97	104
-30424.53	31
-30336.46	65
-30248.76	37
-30161.42	44
-30074.44	54
-29987.81	77
-29901.55	110
-29815.63	94
-29730.07	28
-29644.86	17
-29560	16
-29475.48	54
-29391.3	-21
-29307.47	98
-29223.97	107
-29140.81	28
-29057.99	102
-28975.5	43
-28893.34	61
-28811.51	33
-28730	62
-28648.82	73
-28567.97	18
-28487.43	109
-28407.21	75
-28327.32	-5
-28247.73	71
-28168.46	53
-28089.5	77
-28010.85	40
-27932.51	44
-27854.48	18
-27776.75	106
-27699.32	38
-27622.19	74
-27545.37	27
-27468.84	44
-27392.6	67
-27316.66	39
-27241.01	26
-27165.66	101
-27090.59	13
-27015.81	12
-26941.31	-11
-26867.1	40
-26793.17	58
-26719.52	16
-26646.15	47
-26573.06	13
-26500.24	29
-26427.7	55
-26355.43	43
-26283.43	1
-26211.71	63
-26140.25	96
-26069.06	-29
-25998.13	29
-25927.46	35
-25857.06	58
-25786.92	28
-25717.04	-5
-25647.42	37
-25578.05	52
-25508.94	158
-25440.09	25
-25371.48	82
-25303.13	-50
-25235.02	56
-25167.17	59
-25099.56	41
-25032.19	48
-24965.07	0
-24898.2	36
-24831.56	51
-24765.17	98
-24699.01	59
-24633.1	31
-24567.41	-2
-24501.97	61
-24436.75	3
-24371.77	63
-24307.03	32
-24242.51	73
-24178.22	103
-24114.16	41
-24050.32	42
-23986.71	-5
-23923.32	63
-23860.16	34
-23797.22	85
-23734.5	62
-23672	69
-23609.71	55
-23547.65	46
-23485.8	28
-23424.16	59
-23362.74	99
-23301.53	45
-23240.54	52
-23179.75	34
-23119.17	51
-23058.8	39
-22998.64	34
-22938.68	54
-22878.93	76
-22819.39	45
-22760.04	95
-22700.9	129
-22641.96	69
-22583.22	77
-22524.68	47
-22466.33	67
-22408.19	46
-22350.23	-34
-22292.48	83
-22234.92	-13
-22177.55	98
-22120.37	43
-22063.38	7
-22006.58	31
-21949.98	25
-21893.56	39
-21837.33	52
-21781.28	93
-21725.42	58
-21669.74	5
-21614.25	37
-21558.94	54
-21503.81	75
-21448.86	22
-21394.1	7
-21339.51	50
-21285.1	89
-21230.86	21
-21176.81	55
-21122.93	48
-21069.22	80
-21015.69	12
-20962.33	32
-20909.14	120
-20856.13	36
-20803.28	28
-20750.61	62
-20698.1	52
-20645.76	48
-20593.59	45
-20541.59	56
-20489.75	35
-20438.07	62
-20386.56	47
-20335.22	-9
-20284.03	47
-20233.01	40
-20182.15	59
-20131.45	73
-20080.91	-11
-20030.52	92
-19980.3	89
-19930.23	6
-19880.32	69
-19830.56	52
-19780.96	67
-19731.52	24
-19682.23	54
-19633.09	-8
-19584.1	66
-19535.26	32
-19486.58	102
-19438.04	-18
-19389.66	47
-19341.42	40
-19293.33	105
-19245.39	19
-19197.6	111
-19149.95	71
-19102.45	13
-19055.09	110
-19007.87	27
-18960.8	27
-18913.87	31
-18867.09	54
-18820.44	83
-18773.94	-22
-18727.57	112
-18681.35	25
-18635.26	20
-18589.31	60
-18543.5	73
-18497.83	11
-18452.29	36
-18406.89	64
-18361.63	47
-18316.5	43
-18271.5	2
-18226.63	65
-18181.9	35
-18137.3	47
-18092.84	49
-18048.5	101
-18004.29	50
-17960.22	7
-17916.27	46
-17872.45	38
-17828.76	70
-17785.2	35
-17741.77	12
-17698.46	-4
-17655.28	5
-17612.22	58
-17569.29	-3
-17526.48	77
-17483.79	84
-17441.23	9
-17398.79	31
-17356.48	67
-17314.28	34
-17272.21	58
-17230.26	8
-17188.42	45
-17146.71	49
-17105.12	71
-17063.64	72
-17022.28	71
-16981.04	58
-16939.92	28
-16898.91	29
-16858.02	21
-16817.25	62
-16776.59	12
-16736.04	47
-16695.61	71
-16655.29	37
-16615.09	83
-16574.99	30
-16535.01	36
-16495.15	18
-16455.39	70
-16415.74	45
-16376.21	50
-16336.78	32
-16297.46	86
-16258.26	35
-16219.16	89
-16180.17	61
-16141.28	52
-16102.51	-11
-16063.84	72
-16025.27	50
-15986.82	64
-15948.46	80
-15910.22	68
-15872.07	0
-15834.04	62
-15796.1	74
-15758.27	98
-15720.54	106
-15682.91	70
-15645.39	105
-15607.97	38
-15570.64	-8
-15533.42	98
-15496.3	54
-15459.28	42
-15422.36	13
-15385.54	48
-15348.82	22
-15312.19	102
-15275.66	10
-15239.23	45
-15202.9	49
-15166.67	64
-15130.53	24
-15094.48	20
-15058.54	-17
-15022.68	19
-14986.93	30
-14951.26	36
-14915.69	36
-14880.22	53
-14844.84	65
-14809.55	46
-14774.35	60
-14739.25	71
-14704.24	49
-14669.32	54
-14634.49	52
-14599.75	23
-14565.1	71
-14530.55	75
-14496.08	80
-14461.7	15
-14427.41	19
-14393.21	43
-14359.1	60
-14325.07	61
-14291.14	-14
-14257.29	21
-14223.52	98
-14189.85	57
-14156.26	101
-14122.76	74
-14089.34	100
-14056.01	26
-14022.76	35
-13989.6	-26
-13956.52	19
-13923.53	70
-13890.62	70
-13857.79	-2
-13825.05	108
-13792.39	65
-13759.81	36
-13727.31	8
-13694.9	62
-13662.57	40
-13630.31	18
-13598.14	14
-13566.05	74
-13534.05	78
-13502.12	28
-13470.27	5
-13438.5	54
-13406.8	45
-13375.19	39
-13343.66	79
-13312.2	15
-13280.83	56
-13249.53	20
-13218.3	38
-13187.16	70
-13156.09	62
-13125.1	36
-13094.18	100
-13063.34	59
-13032.58	41
-13001.89	87
-12971.28	92
-12940.74	53
-12910.27	61
-12879.88	-20
-12849.57	6
-12819.33	-2
-12789.16	63
-12759.06	105
-12729.04	113
-12699.09	383
-12669.21	19
-12639.41	23
-12609.68	56
-12580.02	70
-12550.43	76
-12520.91	59
-12491.46	-4
-12462.08	25
-12432.77	8
-12403.54	35
-12374.37	83
-12345.27	25
-12316.24	43
-12287.29	50
-12258.4	97
-12229.57	79
-12200.82	27
-12172.14	40
-12143.52	68
-12114.97	61
-12086.49	64
-12058.07	-23
-12029.73	65
-12001.44	57
-11973.23	51
-11945.08	42
-11917	70
-11888.98	25
-11861.03	41
-11833.15	52
-11805.32	135
-11777.57	0
-11749.88	36
-11722.25	60
-11694.69	16
-11667.19	53
-11639.75	45
-11612.38	1
-11585.07	6
-11557.83	33
-11530.65	49
-11503.53	33
-11476.47	95
-11449.48	52
-11422.54	25
-11395.67	71
-11368.86	62
-11342.11	20
-11315.43	31
-11288.8	69
-11262.23	10
-11235.73	80
-11209.28	74
-11182.9	75
-11156.57	-25
-11130.31	16
-11104.1	85
-11077.96	69
-11051.87	105
-11025.84	21
-10999.87	48
-10973.96	89
-10948.11	62
-10922.31	21
-10896.58	37
-10870.9	48
-10845.28	144
-10819.71	19
-10794.2	66
-10768.75	48
-10743.36	62
-10718.02	49
-10692.74	68
-10667.52	39
-10642.35	103
-10617.24	-19
-10592.18	38
-10567.18	55
-10542.23	9
-10517.34	73
-10492.51	52
-10467.72	80
-10443	44
-10418.32	83
-10393.7	32
-10369.14	62
-10344.63	24
-10320.17	78
-10295.77	4
-10271.42	52
-10247.12	74
-10222.88	31
-10198.68	24
-10174.54	60
-10150.46	-2
-10126.42	53
-10102.44	48
-10078.51	0
-10054.63	49
-10030.8	37
-10007.03	70
-9983.3	69
-9959.63	52
-9936.01	107
-9912.44	103
-9888.92	66
-9865.44	100
-9842.02	120
-9818.65	-18
-9795.33	45
-9772.06	143
-9748.84	108
-9725.67	143
-9702.55	115
-9679.47	80
-9656.45	87
-9633.47	137
-9610.55	177
-9587.67	120
-9564.84	140
-9542.06	182
-9519.32	89
-9496.64	116
-9474	140
-9451.41	182
-9428.87	142
-9406.37	197
-9383.92	173
-9361.52	134
-9339.17	168
-9316.86	169
-9294.6	196
-9272.38	249
-9250.21	262
-9228.09	308
-9206.01	211
-9183.98	148
-9162	217
-9140.06	249
-9118.16	234
-9096.31	246
-9074.51	235
-9052.75	240
-9031.04	224
-9009.37	209
-8987.74	150
-8966.16	129
-8944.63	188
-8923.14	138
-8901.69	203
-8880.29	233
-8858.93	144
-8837.61	245
-8816.34	279
-8795.11	240
-8773.92	258
-8752.78	189
-8731.68	208
-8710.62	195
-8689.61	224
-8668.63	176
-8647.7	229
-8626.82	225
-8605.97	257
-8585.17	99
-8564.41	152
-8543.69	160
-8523.01	188
-8502.37	236
-8481.78	199
-8461.23	187
-8440.71	240
-8420.24	227
-8399.81	204
-8379.42	274
-8359.08	250
-8338.77	162
-8318.5	180
-8298.27	223
-8278.09	78
-8257.94	220
-8237.83	148
-8217.76	200
-8197.74	235
-8177.75	247
-8157.8	225
-8137.89	173
-8118.02	125
-8098.19	192
-8078.4	174
-8058.65	240
-8038.93	126
-8019.26	245
-7999.62	209
-7980.02	181
-7960.46	168
-7940.94	179
-7921.46	196
-7902.01	186
-7882.6	113
-7863.23	171
-7843.9	181
-7824.61	157
-7805.35	159
-7786.13	206
-7766.95	131
-7747.8	148
-7728.69	186
-7709.62	178
-7690.59	142
-7671.59	168
-7652.63	169
-7633.7	154
-7614.81	156
-7595.96	148
-7577.15	136
-7558.37	158
-7539.62	178
-7520.91	189
-7502.24	175
-7483.6	179
-7465	106
-7446.44	170
-7427.91	151
-7409.41	99
-7390.95	166
-7372.53	150
-7354.14	94
-7335.78	72
-7317.46	99
-7299.18	177
-7280.92	186
-7262.71	209
-7244.52	201
-7226.38	188
-7208.26	141
-7190.18	115
-7172.14	159
-7154.12	123
-7136.15	147
-7118.2	161
-7100.29	162
-7082.41	154
-7064.57	199
-7046.76	150
-7028.98	107
-7011.24	108
-6993.53	165
-6975.85	123
-6958.2	82
-6940.59	131
-6923.01	138
-6905.46	187
-6887.94	140
-6870.46	1048
-6853.01	132
-6835.59	201
-6818.21	156
-6800.85	115
-6783.53	132
-6766.24	84
-6748.98	121
-6731.76	93
-6714.56	75
-6697.4	134
-6680.26	110
-6663.16	101
-6646.09	74
-6629.05	149
-6612.05	140
-6595.07	155
-6578.13	107
-6561.21	125
-6544.33	158
-6527.47	135
-6510.65	209
-6493.86	84
-6477.1	79
-6460.36	115
-6443.66	49
-6426.99	147
-6410.35	48
-6393.74	63
-6377.16	167
-6360.61	62
-6344.09	139
-6327.59	69
-6311.13	79
-6294.7	121
-6278.29	131
-6261.92	153
-6245.58	171
-6229.26	123
-6212.97	118
-6196.72	118
-6180.49	67
-6164.29	52
-6148.12	57
-6131.98	85
-6115.86	61
-6099.78	114
-6083.72	83
-6067.69	94
-6051.69	63
-6035.72	122
-6019.78	102
-6003.87	63
-5987.98	138
-5972.12	99
-5956.29	139
-5940.49	102
-5924.71	88
-5908.96	55
-5893.24	69
-5877.55	43
-5861.89	53
-5846.25	69
-5830.64	83
-5815.05	85
-5799.5	107
-5783.97	28
-5768.47	60
-5752.99	144
-5737.55	136
-5722.12	97
-5706.73	59
-5691.36	95
-5676.02	138
-5660.71	61
-5645.42	67
-5630.16	120
-5614.92	96
-5599.71	80
-5584.53	28
-5569.37	140
-5554.24	90
-5539.14	60
-5524.06	23
-5509.01	39
-5493.98	129
-5478.98	127
-5464	71
-5449.05	96
-5434.13	112
-5419.23	127
-5404.36	49
-5389.51	131
-5374.69	23
-5359.89	115
-5345.12	95
-5330.37	131
-5315.65	96
-5300.95	69
-5286.28	93
-5271.63	91
-5257.01	101
-5242.41	75
-5227.84	72
-5213.29	99
-5198.76	116
-5184.26	129
-5169.79	91
-5155.33	51
-5140.91	67
-5126.51	138
-5112.13	93
-5097.77	75
-5083.44	18
-5069.13	82
-5054.85	97
-5040.59	54
-5026.36	60
-5012.15	104
-4997.96	99
-4983.8	24
-4969.66	59
-4955.54	67
-4941.44	48
-4927.37	106
-4913.33	121
-4899.3	153
-4885.3	123
-4871.33	89
-4857.37	75
-4843.44	34
-4829.53	58
-4815.65	90
-4801.79	135
-4787.95	87
-4774.13	125
-4760.34	141
-4746.56	75
-4732.82	61
-4719.09	74
-4705.38	189
-4691.7	116
-4678.04	87
-4664.41	92
-4650.79	60
-4637.2	158
-4623.63	58
-4610.08	9
-4596.56	97
-4583.05	43
-4569.57	83
-4556.11	102
-4542.67	74
-4529.25	36
-4515.86	141
-4502.49	124
-4489.13	144
-4475.8	96
-4462.49	104
-4449.21	20
-4435.94	66
-4422.7	66
-4409.47	83
-4396.27	126
-4383.09	151
-4369.93	94
-4356.79	51
-4343.67	62
-4330.58	51
-4317.5	124
-4304.45	45
-4291.41	64
-4278.4	57
-4265.41	13
-4252.44	52
-4239.49	24
-4226.55	73
-4213.65	8
-4200.76	7
-4187.89	77
-4175.04	86
-4162.21	7
-4149.4	54
-4136.61	42
-4123.85	103
-4111.1	58
-4098.37	47
-4085.66	13
-4072.98	25
-4060.31	25
-4047.66	72
-4035.04	64
-4022.43	41
-4009.84	14
-3997.27	67
-3984.72	89
-3972.19	43
-3959.69	126
-3947.2	-30
-3934.73	34
-3922.27	53
-3909.84	126
-3897.43	8
-3885.04	17
-3872.67	76
-3860.31	55
-3847.98	48
-3835.66	40
-3823.36	26
-3811.09	78
-3798.83	54
-3786.59	17
-3774.37	100
-3762.17	35
-3749.98	60
-3737.82	41
-3725.67	67
-3713.55	45
-3701.44	24
-3689.35	109
-3677.28	33
-3665.22	56
-3653.19	46
-3641.17	48
-3629.18	-6
-3617.2	28
-3605.24	60
-3593.3	63
-3581.37	34
-3569.47	32
-3557.58	98
-3545.71	61
-3533.86	63
-3522.02	96
-3510.21	20
-3498.41	78
-3486.63	81
-3474.87	33
-3463.12	50
-3451.4	21
-3439.69	-16
-3428	88
-3416.33	11
-3404.67	71
-3393.03	51
-3381.41	12
-3369.81	59
-3358.22	10
-3346.66	87
-3335.1	60
-3323.57	80
-3312.06	29
-3300.56	11
-3289.08	3
-3277.61	9
-3266.16	47
-3254.73	31
-3243.32	40
-3231.92	40
-3220.55	43
-3209.18	56
-3197.84	80
-3186.51	28
-3175.2	93
-3163.9	55
-3152.63	52
-3141.36	63
-3130.12	64
-3118.89	35
-3107.68	20
-3096.49	35
-3085.31	57
-3074.15	20
-3063	60
-3051.87	94
-3040.76	20
-3029.67	60
-3018.59	57
-3007.52	103
-2996.48	0
-2985.44	69
-2974.43	38
-2963.43	42
-2952.45	73
-2941.48	17
-2930.53	108
-2919.6	24
-2908.68	15
-2897.78	34
-2886.89	53
-2876.02	67
-2865.17	38
-2854.33	59
-2843.5	110
-2832.7	101
-2821.9	43
-2811.13	88
-2800.37	63
-2789.62	29
-2778.89	11
-2768.18	77
-2757.48	54
-2746.8	-7
-2736.13	8
-2725.48	54
-2714.84	22
-2704.22	36
-2693.61	69
-2683.02	56
-2672.45	-6
-2661.89	72
-2651.34	19
-2640.81	39
-2630.3	14
-2619.8	102
-2609.31	45
-2598.84	49
-2588.39	39
-2577.95	27
-2567.52	54
-2557.11	24
-2546.71	67
-2536.33	65
-2525.97	85
-2515.62	23
-2505.28	90
-2494.96	72
-2484.65	62
-2474.36	429
-2464.08	35
-2453.82	72
-2443.57	5
-2433.33	46
-2423.11	25
-2412.91	23
-2402.72	-7
-2392.54	39
-2382.38	55
-2372.23	42
-2362.09	86
-2351.97	62
-2341.87	50
-2331.78	51
-2321.7	76
-2311.64	13
-2301.59	72
-2291.55	17
-2281.53	36
-2271.53	48
-2261.53	29
-2251.55	25
-2241.59	83
-2231.64	15
-2221.7	64
-2211.78	34
-2201.87	70
-2191.97	57
-2182.09	7
-2172.22	51
-2162.37	54
-2152.53	71
-2142.7	55
-2132.89	80
-2123.09	37
-2113.3	91
-2103.53	95
-2093.77	96
-2084.02	87
-2074.29	78
-2064.57	58
-2054.86	12
-2045.17	75
-2035.49	63
-2025.82	118
-2016.17	60
-2006.53	25
-1996.91	60
-1987.29	45
-1977.69	33
-1968.11	76
-1958.53	13
-1948.97	22
-1939.42	-4
-1929.89	30
-1920.37	48
-1910.86	-14
-1901.36	54
-1891.88	70
-1882.41	22
-1872.95	83
-1863.51	46
-1854.08	61
-1844.66	59
-1835.26	23
-1825.86	64
-1816.48	40
-1807.11	26
-1797.76	58
-1788.42	36
-1779.09	12
-1769.77	78
-1760.47	19
-1751.17	-14
-1741.89	-10
-1732.63	26
-1723.37	-9
-1714.13	62
-1704.9	24
-1695.68	89
-1686.48	83
-1677.29	30
-1668.11	22
-1658.94	42
-1649.78	55
-1640.64	34
-1631.51	67
-1622.39	62
-1613.28	20
-1604.19	54
-1595.1	58
-1586.03	25
-1576.97	38
-1567.93	-24
-1558.89	117
-1549.87	67
-1540.86	62
-1531.86	76
-1522.87	40
-1513.9	11
-1504.93	43
-1495.98	21
-1487.04	20
-1478.12	32
-1469.2	37
-1460.3	91
-1451.4	35
-1442.52	74
-1433.65	32
-1424.8	21
-1415.95	47
-1407.12	134
-1398.3	38
-1389.48	49
-1380.69	44
-1371.9	86
-1363.12	-4
-1354.36	12
-1345.6	37
-1336.86	-3
-1328.13	63
-1319.41	91
-1310.7	44
-1302.01	37
-1293.32	-8
-1284.65	92
-1275.99	43
-1267.33	42
-1258.69	77
-1250.06	75
-1241.45	10
-1232.84	26
-1224.25	19
-1215.66	4
-1207.09	42
-1198.53	53
-1189.97	24
-1181.43	38
-1172.91	-2
-1164.39	74
-1155.88	43
-1147.38	41
-1138.9	70
-1130.43	52
-1121.96	30
-1113.51	10
-1105.07	87
-1096.64	40
-1088.22	50
-1079.81	8
-1071.41	62
-1063.02	-2
-1054.65	71
-1046.28	4
-1037.92	18
-1029.58	92
-1021.24	101
-1012.92	32
-1004.61	-10
-996.3	96
-988.01	57
-979.73	-3
-971.46	51
-963.2	48
-954.95	51
-946.71	50
-938.48	36
-930.26	46
-922.06	79
-913.86	20
-905.67	41
-897.49	26
-889.33	69
-881.17	-4
-873.02	55
-864.89	27
-856.76	-26
-848.65	59
-840.54	52
-832.45	35
-824.36	57
-816.29	39
-808.22	18
-800.17	47
-792.12	23
-784.09	91
-776.06	2
-768.05	75
-760.04	-3
-752.05	42
-744.07	69
-736.09	61
-728.13	79
-720.17	109
-712.23	87
-704.29	51
-696.37	76
-688.45	87
-680.55	62
-672.65	81
-664.77	18
-656.89	107
-649.03	12
-641.17	53
-633.32	77
-625.49	31
-617.66	68
-609.84	-2
-602.03	2
-594.23	32
-586.45	11
-578.67	56
-570.9	69
-563.14	71
-555.39	63
-547.65	55
-539.91	38
-532.19	38
-524.48	36
-516.78	19
-509.08	36
-501.4	41
-493.72	29
-486.06	-12
-478.4	77
-470.76	61
-463.12	55
-455.49	34
-447.87	86
-440.26	47
-432.66	22
-425.07	65
-417.49	71
-409.92	47
-402.35	28
-394.8	108
-387.25	63
-379.72	56
-372.19	39
-364.67	78
-357.17	98
-349.67	20
-342.18	86
-334.69	45
-327.22	34
-319.76	70
-312.3	57
-304.86	41
-297.42	61
-290	26
-282.58	46
-275.17	23
-267.77	72
-260.37	22
-252.99	58
-245.62	63
-238.25	60
-230.9	26
-223.55	93
-216.21	41
-208.88	106
-201.56	76
-194.25	23
-186.94	116
-179.65	130
-172.36	71
-165.08	15
-157.81	103
-150.55	146
-143.3	80
-136.06	101
-128.82	125
-121.6	143
-114.38	193
-107.17	139
-99.97	168
-92.78	235
-85.6	200
-78.42	213
-71.25	203
-64.1	213
-56.95	322
-49.81	345
-42.67	468
-35.55	530
-28.43	634
-21.33	977
-14.23	3114
-7.14	19816
-0.05	51229
7.02	40926
14.09	11747
21.14	2729
28.19	1215
35.23	864
42.27	649
49.29	557
56.31	432
63.32	414
70.32	329
77.31	249
84.29	258
91.27	176
98.23	258
105.19	165
112.14	230
119.09	300
126.02	392
132.95	462
139.87	492
146.78	516
153.68	438
160.58	413
167.46	382
174.34	396
181.21	410
188.08	407
194.93	381
201.78	432
208.62	417
215.45	423
222.27	382
229.09	312
235.9	393
242.7	402
249.49	367
256.27	379
263.05	324
269.82	346
276.58	284
283.33	289
290.08	313
296.82	260
303.55	310
310.27	311
316.98	305
323.69	296
330.39	300
337.08	322
343.76	302
350.44	284
357.11	288
363.77	242
370.42	276
377.07	284
383.71	313
390.34	273
396.96	258
403.58	324
410.19	329
416.79	197
423.38	285
429.97	217
436.55	202
443.12	233
449.68	221
456.24	281
462.79	189
469.33	191
475.86	191
482.39	197
488.91	193
495.42	252
501.93	239
508.42	283
514.91	236
521.4	238
527.87	231
534.34	150
540.8	222
547.25	202
553.7	226
560.14	197
566.57	211
573	245
579.41	237
585.83	197
592.23	227
598.62	169
605.01	173
611.4	185
617.77	150
624.14	224
630.5	167
636.85	227
643.2	176
649.54	177
655.87	202
662.2	180
668.52	206
674.83	228
681.13	231
687.43	224
693.72	190
700	170
706.28	232
712.55	197
718.81	168
725.07	235
731.32	219
737.56	167
743.79	230
750.02	204
756.24	230
762.46	228
768.67	236
774.87	197
781.06	185
787.25	182
793.43	200
799.6	215
805.77	225
811.93	191
818.08	193
824.23	185
830.37	218
836.5	226
842.63	233
848.75	244
854.87	226
860.97	229
867.07	216
873.17	214
879.25	241
885.33	176
891.41	231
897.47	169
903.53	222
909.59	259
915.63	178
921.67	261
927.71	200
933.74	192
939.76	196
945.77	238
951.78	202
957.78	235
963.78	154
969.77	149
975.75	206
981.72	150
987.69	323
993.66	244
999.61	155
1005.56	234
1011.51	202
1017.44	250
1023.37	245
1029.3	235
1035.22	270
1041.13	277
1047.03	228
1052.93	294
1058.83	577
1064.71	680
1070.59	469
1076.47	440
1082.33	303
1088.2	306
1094.05	289
1099.9	265
1105.74	300
1111.58	346
1117.41	304
1123.23	511
1129.05	696
1134.86	614
1140.67	400
1146.47	276
1152.26	230
1158.05	216
1163.83	229
1169.6	327
1175.37	217
1181.13	237
1186.89	250
1192.64	174
1198.38	197
1204.12	181
1209.85	177
1215.58	179
1221.3	204
1227.02	246
1232.72	238
1238.43	162
1244.12	224
1249.81	163
1255.5	250
1261.17	211
1266.85	270
1272.51	231
1278.17	277
1283.83	361
1289.47	504
1295.12	872
1300.75	730
1306.38	478
1312.01	359
1317.63	341
1323.24	299
1328.85	298
1334.45	235
1340.04	209
1345.63	240
1351.22	195
1356.8	211
1362.37	265
1367.93	300
1373.49	239
1379.05	251
1384.6	242
1390.14	224
1395.68	263
1401.21	256
1406.74	250
1412.26	394
1417.77	461
1423.28	524
1428.78	496
1434.28	675
1439.77	864
1445.26	810
1450.74	738
1456.22	609
1461.68	702
1467.15	642
1472.61	620
1478.06	420
1483.51	359
1488.95	342
1494.38	195
1499.81	205
1505.24	164
1510.65	220
1516.07	203
1521.48	222
1526.88	154
1532.27	210
1537.67	201
1543.05	171
1548.43	234
1553.81	175
1559.18	219
1564.54	178
1569.9	180
1575.25	78
1580.6	169
1585.94	146
1591.28	157
1596.61	177
1601.93	133
1607.25	78
1612.57	175
1617.88	182
1623.18	124
1628.48	176
1633.77	121
1639.06	150
1644.34	253
1649.62	211
1654.89	164
1660.16	138
1665.42	161
1670.67	126
1675.92	162
1681.17	152
1686.41	126
1691.64	119
1696.87	156
1702.1	91
1707.32	143
1712.53	137
1717.74	137
1722.94	134
1728.14	151
1733.33	113
1738.52	181
1743.7	181
1748.88	164
1754.05	76
1759.22	145
1764.38	142
1769.53	172
1774.69	178
1779.83	109
1784.97	163
1790.11	94
1795.24	139
1800.36	143
1805.48	105
1810.6	123
1815.71	90
1820.82	47
1825.92	121
1831.01	94
1836.1	161
1841.19	67
1846.26	50
1851.34	153
1856.41	116
1861.47	74
1866.53	126
1871.59	82
1876.64	126
1881.68	110
1886.72	100
1891.76	129
1896.79	72
1901.81	119
1906.83	105
1911.85	81
1916.86	76
1921.86	115
1926.86	98
1931.86	155
1936.85	118
1941.83	85
1946.81	59
1951.79	102
1956.76	93
1961.72	67
1966.68	50
1971.64	173
1976.59	101
1981.54	140
1986.48	143
1991.42	123
1996.35	82
2001.27	73
2006.2	103
2011.11	82
2016.03	105
2020.93	38
2025.84	45
2030.73	138
2035.63	101
2040.52	162
2045.4	60
2050.28	41
2055.15	48
2060.02	64
2064.89	115
2069.75	133
2074.6	58
2079.46	59
2084.3	119
2089.14	95
2093.98	120
2098.81	74
2103.64	93
2108.46	68
2113.28	127
2118.09	129
2122.9	91
2127.7	131
2132.5	76
2137.3	157
2142.09	123
2146.87	138
2151.66	125
2156.43	70
2161.2	50
2165.97	108
2170.73	57
2175.49	122
2180.24	37
2184.99	106
2189.74	115
2194.48	170
2199.21	141
2203.94	123
2208.67	97
2213.39	95
2218.11	75
2222.82	39
2227.53	94
2232.23	105
2236.93	145
2241.63	69
2246.32	102
2251	22
2255.68	79
2260.36	106
2265.03	135
2269.7	131
2274.36	83
2279.02	54
2283.68	102
2288.33	44
2292.97	90
2297.61	91
2302.25	56
2306.88	89
2311.51	33
2316.14	57
2320.75	145
2325.37	43
2329.98	53
2334.59	110
2339.19	85
2343.79	88
2348.38	12
2352.97	68
2357.55	132
2362.13	45
2366.71	151
2371.28	103
2375.85	6
2380.41	42
2384.97	88
2389.52	104
2394.07	132
2398.62	88
2403.16	130
2407.7	98
2412.23	157
2416.76	63
2421.29	122
2425.81	108
2430.32	97
2434.84	122
2439.34	127
2443.85	76
2448.35	57
2452.84	66
2457.33	59
2461.82	19
2466.3	76
2470.78	74
2475.25	116
2479.72	75
2484.19	96
2488.65	80
2493.11	59
2497.56	101
2502.01	96
2506.46	59
2510.9	84
2515.34	46
2519.77	108
2524.2	107
2528.62	54
2533.04	36
2537.46	74
2541.87	97
2546.28	86
2550.68	51
2555.08	107
2559.48	45
2563.87	51
2568.26	129
2572.64	96
2577.02	135
2581.4	46
2585.77	73
2590.14	97
2594.5	132
2598.86	67
2603.22	87
2607.57	97
2611.92	131
2616.26	76
2620.6	73
2624.94	106
2629.27	134
2633.6	138
2637.92	67
2642.24	140
2646.56	97
2650.87	85
2655.18	145
2659.48	92
2663.78	116
2668.08	81
2672.37	129
2676.66	92
2680.95	191
2685.23	154
2689.5	130
2693.78	99
2698.05	114
2702.31	127
2706.57	170
2710.83	182
2715.08	182
2719.33	142
2723.58	182
2727.82	192
2732.06	195
2736.29	192
2740.53	126
2744.75	178
2748.97	162
2753.19	129
2757.41	144
2761.62	200
2765.83	153
2770.03	135
2774.23	146
2778.43	147
2782.62	90
2786.81	130
2791	124
2795.18	210
2799.35	212
2803.53	228
2807.7	177
2811.86	181
2816.03	219
2820.19	291
2824.34	286
2828.49	305
2832.64	315
2836.78	414
2840.92	515
2845.06	729
2849.19	831
2853.32	801
2857.45	800
2861.57	839
2865.69	801
2869.8	772
2873.91	729
2878.02	886
2882.12	986
2886.22	1009
2890.32	872
2894.41	843
2898.5	735
2902.58	623
2906.67	609
2910.74	571
2914.82	479
2918.89	536
2922.96	465
2927.02	408
2931.08	401
2935.13	302
2939.19	334
2943.24	289
2947.28	319
2951.32	226
2955.36	136
2959.4	176
2963.43	178
2967.46	165
2971.48	130
2975.5	195
2979.52	152
2983.53	126
2987.54	78
2991.55	104
2995.55	137
2999.55	84
3003.54	105
3007.54	115
3011.53	170
3015.51	48
3019.49	86
3023.47	114
3027.45	79
3031.42	74
3035.39	73
3039.35	65
3043.31	36
3047.27	44
3051.22	57
3055.17	82
3059.12	61
3063.06	56
3067	60
3070.94	86
3074.87	29
3078.8	19
3082.73	44
3086.65	91
3090.57	6
3094.49	43
3098.4	62
3102.31	52
3106.22	29
3110.12	111
3114.02	43
3117.92	62
3121.81	78
3125.7	70
3129.58	96
3133.47	4
3137.34	10
3141.22	24
3145.09	5
3148.96	98
3152.83	-10
3156.69	-4
3160.55	60
3164.4	84
3168.26	34
3172.1	35
3175.95	51
3179.79	113
3183.63	118
3187.47	54
3191.3	33
3195.13	56
3198.95	51
3202.78	77
3206.6	50
3210.41	50
3214.23	52
3218.03	21
3221.84	68
3225.64	26
3229.44	86
3233.24	84
3237.03	29
3240.82	127
3244.61	61
3248.39	101
3252.17	53
3255.95	58
3259.72	67
3263.49	98
3267.26	19
3271.03	-5
3274.79	36
3278.54	43
3282.3	80
3286.05	-4
3289.8	110
3293.54	17
3297.29	45
3301.02	62
3304.76	36
3308.49	68
3312.22	-19
3315.95	-38
3319.67	22
3323.39	66
3327.1	42
3330.82	82
3334.53	34
3338.24	15
3341.94	37
3345.64	72
3349.34	115
3353.03	59
3356.72	8
3360.41	119
3364.1	89
3367.78	22
3371.46	35
3375.13	-2
3378.81	84
3382.48	51
3386.14	140
3389.81	66
3393.47	44
3397.12	106
3400.78	66
3404.43	108
3408.08	2
3411.72	9
3415.36	94
3419	52
3422.64	45
3426.27	43
3429.9	48
3433.53	15
3437.15	108
3440.77	27
3444.39	31
3448	44
3451.62	73
3455.22	50
3458.83	54
3462.43	40
3466.03	50
3469.63	23
3473.22	73
3476.81	-1
3480.4	31
3483.99	10
3487.57	65
3491.15	17
3494.72	21
3498.29	65
3501.86	39
3505.43	15
3508.99	46
3512.56	94
3516.11	26
3519.67	35
3523.22	37
3526.77	72
3530.32	51
3533.86	97
3537.4	34
3540.94	17
3544.47	111
3548	-25
3551.53	47
3555.06	79
3558.58	93
3562.1	41
3565.62	70
3569.13	38
3572.64	86
3576.15	70
3579.66	60
3583.16	50
3586.66	62
3590.16	57
3593.65	49
3597.14	39
3600.63	26
3604.11	14
3607.6	17
3611.08	61
3614.55	23
3618.03	97
3621.5	67
3624.97	49
3628.43	64
3631.9	32
3635.36	66
3638.81	95
3642.27	10
3645.72	76
3649.17	43
3652.61	-37
3656.06	49
3659.5	20
3662.93	34
3666.37	85
3669.8	14
3673.23	71
3676.65	53
3680.08	23
3683.5	112
3686.92	58
3690.33	-13
3693.74	31
3697.15	97
3700.56	33
3703.96	43
3707.36	35
3710.76	53
3714.16	67
3717.55	39
3720.94	78
3724.33	77
3727.71	70
3731.1	51
3734.48	37
3737.85	17
3741.23	19
3744.6	-17
3747.97	15
3751.33	38
3754.69	42
3758.05	1
3761.41	-4
3764.77	61
3768.12	24
3771.47	14
3774.82	13
3778.16	2
3781.5	-4
3784.84	5
3788.18	2
