-37534.58	0
-37414.56	9
-37295.11	5
-37176.24	0
-37057.95	42
-36940.22	10
-36823.05	45
-36706.45	43
-36590.4	41
-36474.9	59
-36359.95	56
-36245.55	23
-36131.68	17
-36018.35	31
-35905.55	48
-35793.29	41
-35681.54	47
-35570.32	-13
-35459.62	5
-35349.43	51
-35239.75	62
-35130.58	62
-35021.91	46
-34913.74	31
-34806.07	57
-34698.89	61
-34592.2	44
-34486	-13
-34380.28	57
-34275.04	29
-34170.27	22
-34065.98	-2
-33962.16	49
-33858.81	-5
-33755.92	41
-33653.49	40
-33551.52	56
-33450.01	-2
-33348.94	47
-33248.33	48
-33148.16	25
-33048.43	101
-32949.14	23
-32850.29	61
-32751.87	63
-32653.89	59
-32556.33	43
-32459.2	55
-32362.49	6
-32266.19	23
-32170.32	35
-32074.86	11
-31979.82	48
-31885.18	20
-31790.95	83
-31697.12	62
-31603.69	38
-31510.67	56
-31418.04	50
-31325.8	23
-31233.95	38
-31142.49	44
-31051.42	38
-30960.73	46
-30870.43	48
-30780.5	27
-30690.95	33
-30601.77	28
-30512.97	15
-30424.53	18
-30336.46	36
-30248.76	14
-30161.42	2
-30074.44	27
-29987.81	17
-29901.55	96
-29815.63	22
-29730.07	14
-29644.86	40
-29560	80
-29475.48	56
-29391.3	54
-29307.47	-2
-29223.97	15
-29140.81	6
-29057.99	13
-28975.5	57
-28893.34	10
-28811.51	21
-28730	3
-28648.82	48
-28567.97	28
-28487.43	-19
-28407.21	46
-28327.32	4
-28247.73	70
-28168.46	49
-28089.5	7
-28010.85	-3
-27932.51	-4
-27854.48	-18
-27776.75	13
-27699.32	25
-27622.19	65
-27545.37	59
-27468.84	-13
-27392.6	29
-27316.66	81
-27241.01	25
-27165.66	44
-27090.59	11
-27015.81	60
-26941.31	15
-26867.1	51
-26793.17	17
-26719.52	81
-26646.15	46
-26573.06	14
-26500.24	62
-26427.7	14
-26355.43	103
-26283.43	47
-26211.71	29
-26140.25	57
-26069.06	45
-25998.13	32
-25927.46	37
-25857.06	85
-25786.92	67
-25717.04	28
-25647.42	22
-25578.05	46
-25508.94	-5
-25440.09	41
-25371.48	69
-25303.13	29
-25235.02	36
-25167.17	14
-25099.56	76
-25032.19	29
-24965.07	12
-24898.2	33
-24831.56	77
-24765.17	40
-24699.01	57
-24633.1	48
-24567.41	16
-24501.97	8
-24436.75	70
-24371.77	-11
-24307.03	11
-24242.51	71
-24178.22	-8
-24114.16	46
-24050.32	62
-23986.71	13
-23923.32	19
-23860.16	106
-23797.22	46
-23734.5	43
-23672	74
-23609.71	48
-23547.65	42
-23485.8	-19
-23424.16	28
-23362.74	54
-23301.53	12
-23240.54	44
-23179.75	-33
-23119.17	17
-23058.8	54
-22998.64	37
-22938.68	63
-22878.93	57
-22819.39	5
-22760.04	22
-22700.9	45
-22641.96	54
-22583.22	47
-22524.68	53
-22466.33	-43
-22408.19	44
-22350.23	38
-22292.48	112
-22234.92	54
-22177.55	70
-22120.37	50
-22063.38	31
-22006.58	10
-21949.98	30
-21893.56	6
-21837.33	17
-21781.28	41
-21725.42	61
-21669.74	50
-21614.25	41
-21558.94	53
-21503.81	13
-21448.86	23
-21394.1	7
-21339.51	25
-21285.1	59
-21230.86	24
-21176.81	-10
-21122.93	64
-21069.22	21
-21015.69	14
-20962.33	57
-20909.14	-33
-20856.13	71
-20803.28	-24
-20750.61	42
-20698.1	28
-20645.76	17
-20593.59	48
-20541.59	38
-20489.75	21
-20438.07	2
-20386.56	15
-20335.22	72
-20284.03	31
-20233.01	43
-20182.15	58
-20131.45	-2
-20080.91	26
-20030.52	-11
-19980.3	42
-19930.23	15
-19880.32	35
-19830.56	48
-19780.96	72
-19731.52	14
-19682.23	67
-19633.09	29
-19584.1	51
-19535.26	38
-19486.58	37
-19438.04	32
-19389.66	-41
-19341.42	14
-19293.33	3
-19245.39	3
-19197.6	52
-19149.95	66
-19102.45	-15
-19055.09	21
-19007.87	50
-18960.8	21
-18913.87	-30
-18867.09	-45
-18820.44	49
-18773.94	-1
-18727.57	25
-18681.35	42
-18635.26	38
-18589.31	64
-18543.5	24
-18497.83	12
-18452.29	32
-18406.89	-6
-18361.63	28
-18316.5	34
-18271.5	73
-18226.63	13
-18181.9	35
-18137.3	25
-18092.84	8
-18048.5	72
-18004.29	72
-17960.22	45
-17916.27	11
-17872.45	26
-17828.76	41
-17785.2	71
-17741.77	62
-17698.46	45
-17655.28	51
-17612.22	6
-17569.29	7
-17526.48	82
-17483.79	17
-17441.23	14
-17398.79	28
-17356.48	9
-17314.28	-7
-17272.21	31
-17230.26	-9
-17188.42	19
-17146.71	43
-17105.12	74
-17063.64	43
-17022.28	42
-16981.04	21
-16939.92	51
-16898.91	43
-16858.02	83
-16817.25	5
-16776.59	-5
-16736.04	-12
-16695.61	27
-16655.29	30
-16615.09	-11
-16574.99	68
-16535.01	9
-16495.15	76
-16455.39	-37
-16415.74	19
-16376.21	43
-16336.78	23
-16297.46	24
-16258.26	19
-16219.16	43
-16180.17	-5
-16141.28	-13
-16102.51	49
-16063.84	34
-16025.27	25
-15986.82	52
-15948.46	119
-15910.22	95
-15872.07	89
-15834.04	7
-15796.1	16
-15758.27	39
-15720.54	58
-15682.91	45
-15645.39	72
-15607.97	33
-15570.64	13
-15533.42	5
-15496.3	45
-15459.28	18
-15422.36	21
-15385.54	101
-15348.82	17
-15312.19	-19
-15275.66	21
-15239.23	27
-15202.9	31
-15166.67	14
-15130.53	-30
-15094.48	4
-15058.54	24
-15022.68	24
-14986.93	30
-14951.26	50
-14915.69	48
-14880.22	50
-14844.84	13
-14809.55	-40
-14774.35	-13
-14739.25	29
-14704.24	25
-14669.32	116
-14634.49	32
-14599.75	41
-14565.1	19
-14530.55	40
-14496.08	72
-14461.7	44
-14427.41	91
-14393.21	9
-14359.1	-41
-14325.07	-3
-14291.14	17
-14257.29	27
-14223.52	25
-14189.85	13
-14156.26	-11
-14122.76	7
-14089.34	9
-14056.01	18
-14022.76	72
-13989.6	-3
-13956.52	30
-13923.53	53
-13890.62	30
-13857.79	70
-13825.05	62
-13792.39	-31
-13759.81	-20
-13727.31	-26
-13694.9	46
-13662.57	48
-13630.31	67
-13598.14	35
-13566.05	19
-13534.05	34
-13502.12	-45
-13470.27	2
-13438.5	37
-13406.8	2
-13375.19	58
-13343.66	34
-13312.2	33
-13280.83	60
-13249.53	-45
-13218.3	24
-13187.16	47
-13156.09	42
-13125.1	13
-13094.18	13
-13063.34	40
-13032.58	18
-13001.89	74
-12971.28	-19
-12940.74	47
-12910.27	59
-12879.88	12
-12849.57	17
-12819.33	20
-12789.16	38
-12759.06	33
-12729.04	55
-12699.09	280
-12669.21	10
-12639.41	13
-12609.68	41
-12580.02	56
-12550.43	30
-12520.91	58
-12491.46	53
-12462.08	46
-12432.77	53
-12403.54	61
-12374.37	9
-12345.27	32
-12316.24	57
-12287.29	66
-12258.4	30
-12229.57	12
-12200.82	38
-12172.14	27
-12143.52	23
-12114.97	23
-12086.49	12
-12058.07	30
-12029.73	55
-12001.44	66
-11973.23	10
-11945.08	76
-11917	16
-11888.98	6
-11861.03	47
-11833.15	21
-11805.32	34
-11777.57	53
-11749.88	26
-11722.25	65
-11694.69	-18
-11667.19	38
-11639.75	9
-11612.38	4
-11585.07	34
-11557.83	72
-11530.65	38
-11503.53	46
-11476.47	91
-11449.48	63
-11422.54	24
-11395.67	19
-11368.86	-5
-11342.11	64
-11315.43	-4
-11288.8	56
-11262.23	16
-11235.73	80
-11209.28	25
-11182.9	27
-11156.57	48
-11130.31	37
-11104.1	21
-11077.96	71
-11051.87	39
-11025.84	44
-10999.87	97
-10973.96	0
-10948.11	-7
-10922.31	-3
-10896.58	59
-10870.9	61
-10845.28	9
-10819.71	11
-10794.2	16
-10768.75	71
-10743.36	61
-10718.02	4
-10692.74	14
-10667.52	41
-10642.35	48
-10617.24	46
-10592.18	101
-10567.18	106
-10542.23	10
-10517.34	100
-10492.51	45
-10467.72	35
-10443	59
-10418.32	105
-10393.7	43
-10369.14	112
-10344.63	69
-10320.17	21
-10295.77	29
-10271.42	108
-10247.12	80
-10222.88	34
-10198.68	36
-10174.54	137
-10150.46	60
-10126.42	56
-10102.44	38
-10078.51	38
-10054.63	104
-10030.8	66
-10007.03	69
-9983.3	96
-9959.63	108
-9936.01	116
-9912.44	130
-9888.92	109
-9865.44	87
-9842.02	162
-9818.65	158
-9795.33	115
-9772.06	119
-9748.84	134
-9725.67	184
-9702.55	199
-9679.47	189
-9656.45	225
-9633.47	287
-9610.55	307
-9587.67	292
-9564.84	305
-9542.06	283
-9519.32	325
-9496.64	341
-9474	390
-9451.41	344
-9428.87	333
-9406.37	394
-9383.92	412
-9361.52	409
-9339.17	475
-9316.86	495
-9294.6	450
-9272.38	609
-9250.21	604
-9228.09	678
-9206.01	662
-9183.98	545
-9162	611
-9140.06	624
-9118.16	568
-9096.31	573
-9074.51	647
-9052.75	607
-9031.04	617
-9009.37	504
-8987.74	499
-8966.16	482
-8944.63	381
-8923.14	414
-8901.69	438
-8880.29	406
-8858.93	478
-8837.61	445
-8816.34	552
-8795.11	547
-8773.92	555
-8752.78	472
-8731.68	492
-8710.62	420
-8689.61	409
-8668.63	469
-8647.7	550
-8626.82	598
-8605.97	460
-8585.17	452
-8564.41	404
-8543.69	407
-8523.01	414
-8502.37	445
-8481.78	446
-8461.23	476
-8440.71	443
-8420.24	501
-8399.81	503
-8379.42	545
-8359.08	518
-8338.77	462
-8318.5	426
-8298.27	433
-8278.09	485
-8257.94	431
-8237.83	506
-8217.76	479
-8197.74	498
-8177.75	581
-8157.8	450
-8137.89	385
-8118.02	388
-8098.19	502
-8078.4	381
-8058.65	470
-8038.93	442
-8019.26	441
-7999.62	435
-7980.02	382
-7960.46	383
-7940.94	326
-7921.46	382
-7902.01	364
-7882.6	339
-7863.23	282
-7843.9	348
-7824.61	323
-7805.35	372
-7786.13	405
-7766.95	416
-7747.8	379
-7728.69	324
-7709.62	383
-7690.59	375
-7671.59	451
-7652.63	420
-7633.7	438
-7614.81	450
-7595.96	347
-7577.15	319
-7558.37	289
-7539.62	278
-7520.91	356
-7502.24	373
-7483.6	374
-7465	404
-7446.44	367
-7427.91	240
-7409.41	166
-7390.95	195
-7372.53	244
-7354.14	225
-7335.78	180
-7317.46	267
-7299.18	281
-7280.92	272
-7262.71	325
-7244.52	369
-7226.38	346
-7208.26	336
-7190.18	335
-7172.14	208
-7154.12	286
-7136.15	317
-7118.2	284
-7100.29	358
-7082.41	340
-7064.57	332
-7046.76	302
-7028.98	251
-7011.24	278
-6993.53	197
-6975.85	198
-6958.2	146
-6940.59	134
-6923.01	222
-6905.46	202
-6887.94	223
-6870.46	300
-6853.01	331
-6835.59	302
-6818.21	279
-6800.85	224
-6783.53	211
-6766.24	154
-6748.98	151
-6731.76	186
-6714.56	109
-6697.4	158
-6680.26	149
-6663.16	178
-6646.09	174
-6629.05	283
-6612.05	307
-6595.07	236
-6578.13	186
-6561.21	135
-6544.33	164
-6527.47	149
-6510.65	143
-6493.86	111
-6477.1	116
-6460.36	164
-6443.66	121
-6426.99	69
-6410.35	108
-6393.74	119
-6377.16	145
-6360.61	184
-6344.09	156
-6327.59	254
-6311.13	133
-6294.7	163
-6278.29	241
-6261.92	220
-6245.58	224
-6229.26	234
-6212.97	184
-6196.72	185
-6180.49	144
-6164.29	29
-6148.12	55
-6131.98	66
-6115.86	81
-6099.78	72
-6083.72	121
-6067.69	86
-6051.69	89
-6035.72	63
-6019.78	108
-6003.87	86
-5987.98	184
-5972.12	171
-5956.29	177
-5940.49	113
-5924.71	186
-5908.96	109
-5893.24	121
-5877.55	70
-5861.89	68
-5846.25	65
-5830.64	124
-5815.05	90
-5799.5	46
-5783.97	138
-5768.47	102
-5752.99	112
-5737.55	157
-5722.12	129
-5706.73	146
-5691.36	149
-5676.02	96
-5660.71	82
-5645.42	58
-5630.16	126
-5614.92	131
-5599.71	97
-5584.53	127
-5569.37	116
-5554.24	116
-5539.14	141
-5524.06	78
-5509.01	118
-5493.98	60
-5478.98	106
-5464	128
-5449.05	64
-5434.13	117
-5419.23	107
-5404.36	68
-5389.51	167
-5374.69	138
-5359.89	133
-5345.12	181
-5330.37	146
-5315.65	160
-5300.95	156
-5286.28	147
-5271.63	161
-5257.01	147
-5242.41	125
-5227.84	42
-5213.29	74
-5198.76	64
-5184.26	14
-5169.79	139
-5155.33	85
-5140.91	148
-5126.51	112
-5112.13	95
-5097.77	67
-5083.44	51
-5069.13	102
-5054.85	132
-5040.59	111
-5026.36	64
-5012.15	148
-4997.96	119
-4983.8	29
-4969.66	87
-4955.54	126
-4941.44	97
-4927.37	173
-4913.33	141
-4899.3	239
-4885.3	171
-4871.33	166
-4857.37	171
-4843.44	110
-4829.53	80
-4815.65	72
-4801.79	105
-4787.95	129
-4774.13	100
-4760.34	66
-4746.56	47
-4732.82	95
-4719.09	126
-4705.38	121
-4691.7	145
-4678.04	187
-4664.41	168
-4650.79	99
-4637.2	96
-4623.63	93
-4610.08	83
-4596.56	134
-4583.05	124
-4569.57	111
-4556.11	56
-4542.67	87
-4529.25	83
-4515.86	69
-4502.49	137
-4489.13	137
-4475.8	91
-4462.49	66
-4449.21	46
-4435.94	86
-4422.7	32
-4409.47	55
-4396.27	117
-4383.09	105
-4369.93	76
-4356.79	32
-4343.67	99
-4330.58	49
-4317.5	109
-4304.45	115
-4291.41	107
-4278.4	32
-4265.41	76
-4252.44	74
-4239.49	92
-4226.55	106
-4213.65	94
-4200.76	93
-4187.89	2
-4175.04	91
-4162.21	79
-4149.4	-4
-4136.61	27
-4123.85	14
-4111.1	-15
-4098.37	22
-4085.66	48
-4072.98	31
-4060.31	21
-4047.66	73
-4035.04	-3
-4022.43	55
-4009.84	78
-3997.27	-12
-3984.72	64
-3972.19	40
-3959.69	47
-3947.2	22
-3934.73	41
-3922.27	-40
-3909.84	75
-3897.43	-33
-3885.04	82
-3872.67	-3
-3860.31	13
-3847.98	79
-3835.66	97
-3823.36	25
-3811.09	31
-3798.83	34
-3786.59	51
-3774.37	62
-3762.17	48
-3749.98	48
-3737.82	78
-3725.67	65
-3713.55	-8
-3701.44	22
-3689.35	34
-3677.28	52
-3665.22	40
-3653.19	79
-3641.17	4
-3629.18	9
-3617.2	52
-3605.24	55
-3593.3	50
-3581.37	18
-3569.47	5
-3557.58	6
-3545.71	74
-3533.86	23
-3522.02	21
-3510.21	48
-3498.41	102
-3486.63	65
-3474.87	7
-3463.12	6
-3451.4	46
-3439.69	50
-3428	53
-3416.33	45
-3404.67	22
-3393.03	9
-3381.41	18
-3369.81	33
-3358.22	58
-3346.66	57
-3335.1	16
-3323.57	58
-3312.06	31
-3300.56	27
-3289.08	-9
-3277.61	48
-3266.16	94
-3254.73	64
-3243.32	-36
-3231.92	87
-3220.55	100
-3209.18	6
-3197.84	27
-3186.51	38
-3175.2	72
-3163.9	82
-3152.63	11
-3141.36	23
-3130.12	63
-3118.89	-10
-3107.68	16
-3096.49	89
-3085.31	76
-3074.15	67
-3063	56
-3051.87	109
-3040.76	38
-3029.67	64
-3018.59	33
-3007.52	34
-2996.48	81
-2985.44	3
-2974.43	26
-2963.43	-11
-2952.45	-12
-2941.48	22
-2930.53	16
-2919.6	12
-2908.68	59
-2897.78	41
-2886.89	41
-2876.02	-8
-2865.17	5
-2854.33	58
-2843.5	64
-2832.7	45
-2821.9	28
-2811.13	2
-2800.37	63
-2789.62	41
-2778.89	-8
-2768.18	33
-2757.48	72
-2746.8	38
-2736.13	75
-2725.48	3
-2714.84	55
-2704.22	57
-2693.61	78
-2683.02	59
-2672.45	-9
-2661.89	5
-2651.34	48
-2640.81	96
-2630.3	18
-2619.8	2
-2609.31	25
-2598.84	15
-2588.39	59
-2577.95	91
-2567.52	26
-2557.11	18
-2546.71	55
-2536.33	3
-2525.97	57
-2515.62	-12
-2505.28	55
-2494.96	27
-2484.65	19
-2474.36	118
-2464.08	41
-2453.82	47
-2443.57	52
-2433.33	17
-2423.11	61
-2412.91	25
-2402.72	34
-2392.54	48
-2382.38	5
-2372.23	50
-2362.09	161
-2351.97	59
-2341.87	48
-2331.78	22
-2321.7	36
-2311.64	16
-2301.59	23
-2291.55	46
-2281.53	30
-2271.53	6
-2261.53	54
-2251.55	4
-2241.59	7
-2231.64	28
-2221.7	-21
-2211.78	86
-2201.87	47
-2191.97	12
-2182.09	-32
-2172.22	108
-2162.37	48
-2152.53	11
-2142.7	26
-2132.89	10
-2123.09	54
-2113.3	14
-2103.53	62
-2093.77	52
-2084.02	60
-2074.29	50
-2064.57	12
-2054.86	15
-2045.17	17
-2035.49	89
-2025.82	57
-2016.17	79
-2006.53	25
-1996.91	3
-1987.29	35
-1977.69	64
-1968.11	51
-1958.53	-9
-1948.97	17
-1939.42	10
-1929.89	27
-1920.37	12
-1910.86	38
-1901.36	49
-1891.88	56
-1882.41	25
-1872.95	28
-1863.51	25
-1854.08	66
-1844.66	0
-1835.26	26
-1825.86	66
-1816.48	-17
-1807.11	9
-1797.76	52
-1788.42	81
-1779.09	115
-1769.77	48
-1760.47	35
-1751.17	52
-1741.89	33
-1732.63	-34
-1723.37	41
-1714.13	109
-1704.9	55
-1695.68	61
-1686.48	10
-1677.29	67
-1668.11	28
-1658.94	3
-1649.78	46
-1640.64	13
-1631.51	13
-1622.39	46
-1613.28	-1
-1604.19	65
-1595.1	52
-1586.03	41
-1576.97	17
-1567.93	26
-1558.89	-8
-1549.87	76
-1540.86	39
-1531.86	-20
-1522.87	67
-1513.9	10
-1504.93	16
-1495.98	79
-1487.04	61
-1478.12	54
-1469.2	53
-1460.3	61
-1451.4	62
-1442.52	11
-1433.65	39
-1424.8	22
-1415.95	90
-1407.12	6
-1398.3	80
-1389.48	44
-1380.69	91
-1371.9	13
-1363.12	115
-1354.36	66
-1345.6	29
-1336.86	36
-1328.13	21
-1319.41	24
-1310.7	20
-1302.01	33
-1293.32	24
-1284.65	69
-1275.99	59
-1267.33	-24
-1258.69	87
-1250.06	40
-1241.45	27
-1232.84	29
-1224.25	47
-1215.66	53
-1207.09	3
-1198.53	47
-1189.97	40
-1181.43	-45
-1172.91	100
-1164.39	12
-1155.88	27
-1147.38	12
-1138.9	54
-1130.43	78
-1121.96	38
-1113.51	33
-1105.07	60
-1096.64	-2
-1088.22	37
-1079.81	93
-1071.41	68
-1063.02	19
-1054.65	3
-1046.28	74
-1037.92	14
-1029.58	59
-1021.24	73
-1012.92	55
-1004.61	64
-996.3	41
-988.01	21
-979.73	67
-971.46	30
-963.2	34
-954.95	17
-946.71	37
-938.48	-6
-930.26	72
-922.06	56
-913.86	17
-905.67	7
-897.49	86
-889.33	51
-881.17	-4
-873.02	105
-864.89	15
-856.76	60
-848.65	68
-840.54	16
-832.45	93
-824.36	55
-816.29	-37
-808.22	31
-800.17	11
-792.12	10
-784.09	43
-776.06	17
-768.05	93
-760.04	11
-752.05	24
-744.07	30
-736.09	67
-728.13	26
-720.17	17
-712.23	71
-704.29	-1
-696.37	-22
-688.45	40
-680.55	49
-672.65	78
-664.77	43
-656.89	59
-649.03	-2
-641.17	-5
-633.32	54
-625.49	49
-617.66	28
-609.84	44
-602.03	16
-594.23	69
-586.45	-36
-578.67	22
-570.9	3
-563.14	-15
-555.39	2
-547.65	12
-539.91	19
-532.19	64
-524.48	9
-516.78	33
-509.08	25
-501.4	35
-493.72	-22
-486.06	5
-478.4	21
-470.76	72
-463.12	-9
-455.49	12
-447.87	72
-440.26	42
-432.66	19
-425.07	91
-417.49	88
-409.92	53
-402.35	56
-394.8	52
-387.25	29
-379.72	18
-372.19	38
-364.67	-19
-357.17	82
-349.67	24
-342.18	38
-334.69	29
-327.22	56
-319.76	67
-312.3	32
-304.86	55
-297.42	26
-290	32
-282.58	56
-275.17	86
-267.77	-3
-260.37	38
-252.99	48
-245.62	93
-238.25	51
-230.9	106
-223.55	54
-216.21	29
-208.88	52
-201.56	93
-194.25	76
-186.94	72
-179.65	99
-172.36	113
-165.08	88
-157.81	108
-150.55	142
-143.3	157
-136.06	133
-128.82	154
-121.6	209
-114.38	183
-107.17	198
-99.97	223
-92.78	360
-85.6	322
-78.42	356
-71.25	403
-64.1	426
-56.95	546
-49.81	612
-42.67	798
-35.55	1041
-28.43	1295
-21.33	2197
-14.23	7235
-7.14	45584
-0.05	59986
7.02	59930
14.09	23983
21.14	5571
28.19	2426
35.23	1594
42.27	1219
49.29	1065
56.31	835
63.32	725
70.32	646
77.31	562
84.29	488
91.27	472
98.23	326
105.19	319
112.14	392
119.09	441
126.02	659
132.95	759
139.87	725
146.78	773
153.68	762
160.58	683
167.46	756
174.34	653
181.21	786
188.08	714
194.93	623
201.78	681
208.62	691
215.45	696
222.27	709
229.09	626
235.9	649
242.7	630
249.49	676
256.27	614
263.05	636
269.82	563
276.58	654
283.33	659
290.08	567
296.82	583
303.55	513
310.27	574
316.98	514
323.69	556
330.39	583
337.08	532
343.76	559
350.44	566
357.11	504
363.77	506
370.42	460
377.07	549
383.71	541
390.34	520
396.96	481
403.58	501
410.19	443
416.79	528
423.38	561
429.97	536
436.55	475
443.12	475
449.68	409
456.24	505
462.79	485
469.33	418
475.86	430
482.39	448
488.91	425
495.42	437
501.93	420
508.42	426
514.91	464
521.4	453
527.87	498
534.34	403
540.8	408
547.25	460
553.7	414
560.14	397
566.57	401
573	398
579.41	409
585.83	407
592.23	403
598.62	357
605.01	321
611.4	399
617.77	363
624.14	389
630.5	372
636.85	402
643.2	402
649.54	392
655.87	364
662.2	385
668.52	349
674.83	362
681.13	370
687.43	416
693.72	344
700	320
706.28	392
712.55	296
718.81	345
725.07	389
731.32	364
737.56	355
743.79	360
750.02	361
756.24	380
762.46	290
768.67	361
774.87	375
781.06	396
787.25	340
793.43	374
799.6	354
805.77	296
811.93	330
818.08	299
824.23	347
830.37	375
836.5	394
842.63	327
848.75	341
854.87	382
860.97	362
867.07	372
873.17	375
879.25	375
885.33	393
891.41	388
897.47	363
903.53	389
909.59	346
915.63	379
921.67	324
927.71	350
933.74	383
939.76	344
945.77	342
951.78	323
957.78	315
963.78	295
969.77	328
975.75	302
981.72	305
987.69	411
993.66	375
999.61	342
1005.56	384
1011.51	382
1017.44	341
1023.37	340
1029.3	336
1035.22	346
1041.13	392
1047.03	408
1052.93	442
1058.83	643
1064.71	716
1070.59	613
1076.47	484
1082.33	459
1088.2	462
1094.05	379
1099.9	344
1105.74	332
1111.58	376
1117.41	404
1123.23	527
1129.05	737
1134.86	624
1140.67	504
1146.47	395
1152.26	338
1158.05	360
1163.83	373
1169.6	330
1175.37	396
1181.13	335
1186.89	303
1192.64	329
1198.38	303
1204.12	326
1209.85	315
1215.58	316
1221.3	293
1227.02	328
1232.72	343
1238.43	236
1244.12	318
1249.81	279
1255.5	336
1261.17	359
1266.85	363
1272.51	406
1278.17	417
1283.83	449
1289.47	707
1295.12	915
1300.75	794
1306.38	627
1312.01	488
1317.63	465
1323.24	404
1328.85	376
1334.45	320
1340.04	445
1345.63	352
1351.22	314
1356.8	349
1362.37	317
1367.93	440
1373.49	419
1379.05	407
1384.6	410
1390.14	339
1395.68	368
1401.21	408
1406.74	421
1412.26	526
1417.77	569
1423.28	616
1428.78	680
1434.28	799
1439.77	859
1445.26	897
1450.74	845
1456.22	755
1461.68	771
1467.15	726
1472.61	533
1478.06	512
1483.51	456
1488.95	385
1494.38	355
1499.81	358
1505.24	342
1510.65	374
1516.07	305
1521.48	371
1526.88	296
1532.27	369
1537.67	321
1543.05	261
1548.43	307
1553.81	277
1559.18	251
1564.54	276
1569.9	296
1575.25	305
1580.6	323
1585.94	270
1591.28	274
1596.61	284
1601.93	264
1607.25	301
1612.57	287
1617.88	267
1623.18	205
1628.48	265
1633.77	252
1639.06	200
1644.34	305
1649.62	228
1654.89	243
1660.16	231
1665.42	259
1670.67	259
1675.92	258
1681.17	199
1686.41	221
1691.64	216
1696.87	225
1702.1	244
1707.32	199
1712.53	193
1717.74	212
1722.94	197
1728.14	305
1733.33	176
1738.52	215
1743.7	232
1748.88	186
1754.05	232
1759.22	218
1764.38	214
1769.53	176
1774.69	227
1779.83	209
1784.97	207
1790.11	207
1795.24	174
1800.36	235
1805.48	217
1810.6	230
1815.71	199
1820.82	215
1825.92	180
1831.01	185
1836.1	144
1841.19	143
1846.26	253
1851.34	216
1856.41	153
1861.47	195
1866.53	204
1871.59	181
1876.64	181
1881.68	193
1886.72	162
1891.76	177
1896.79	156
1901.81	196
1906.83	180
1911.85	194
1916.86	157
1921.86	131
1926.86	147
1931.86	199
1936.85	128
1941.83	183
1946.81	176
1951.79	95
1956.76	170
1961.72	89
1966.68	174
1971.64	194
1976.59	140
1981.54	163
1986.48	178
1991.42	113
1996.35	126
2001.27	177
2006.2	99
2011.11	126
2016.03	130
2020.93	158
2025.84	81
2030.73	116
2035.63	151
2040.52	153
2045.4	131
2050.28	152
2055.15	137
2060.02	178
2064.89	143
2069.75	141
2074.6	131
2079.46	140
2084.3	106
2089.14	172
2093.98	92
2098.81	144
2103.64	135
2108.46	124
2113.28	87
2118.09	121
2122.9	158
2127.7	111
2132.5	147
2137.3	134
2142.09	132
2146.87	138
2151.66	147
2156.43	81
2161.2	130
2165.97	109
2170.73	111
2175.49	152
2180.24	122
2184.99	97
2189.74	177
2194.48	101
2199.21	157
2203.94	107
2208.67	107
2213.39	110
2218.11	85
2222.82	82
2227.53	83
2232.23	100
2236.93	144
2241.63	85
2246.32	88
2251	104
2255.68	88
2260.36	135
2265.03	146
2269.7	101
2274.36	89
2279.02	137
2283.68	93
2288.33	113
2292.97	100
2297.61	148
2302.25	90
2306.88	89
2311.51	81
2316.14	124
2320.75	96
2325.37	172
2329.98	79
2334.59	164
2339.19	136
2343.79	140
2348.38	39
2352.97	127
2357.55	95
2362.13	92
2366.71	123
2371.28	97
2375.85	98
2380.41	115
2384.97	107
2389.52	89
2394.07	96
2398.62	103
2403.16	116
2407.7	99
2412.23	194
2416.76	193
2421.29	137
2425.81	115
2430.32	69
2434.84	121
2439.34	161
2443.85	81
2448.35	73
2452.84	79
2457.33	62
2461.82	92
2466.3	126
2470.78	86
2475.25	143
2479.72	87
2484.19	103
2488.65	53
2493.11	100
2497.56	111
2502.01	42
2506.46	93
2510.9	81
2515.34	86
2519.77	109
2524.2	117
2528.62	56
2533.04	71
2537.46	78
2541.87	91
2546.28	57
2550.68	81
2555.08	154
2559.48	78
2563.87	90
2568.26	40
2572.64	69
2577.02	99
2581.4	50
2585.77	105
2590.14	116
2594.5	123
2598.86	108
2603.22	202
2607.57	91
2611.92	69
2616.26	131
2620.6	127
2624.94	115
2629.27	100
2633.6	134
2637.92	122
2642.24	148
2646.56	147
2650.87	90
2655.18	112
2659.48	50
2663.78	119
2668.08	155
2672.37	88
2676.66	85
2680.95	116
2685.23	78
2689.5	72
2693.78	134
2698.05	64
2702.31	151
2706.57	85
2710.83	169
2715.08	112
2719.33	217
2723.58	165
2727.82	151
2732.06	169
2736.29	141
2740.53	138
2744.75	167
2748.97	149
2753.19	115
2757.41	112
2761.62	88
2765.83	201
2770.03	165
2774.23	140
2778.43	159
2782.62	105
2786.81	121
2791	171
2795.18	109
2799.35	198
2803.53	138
2807.7	185
2811.86	216
2816.03	157
2820.19	256
2824.34	244
2828.49	235
2832.64	290
2836.78	388
2840.92	487
2845.06	584
2849.19	590
2853.32	639
2857.45	647
2861.57	669
2865.69	574
2869.8	604
2873.91	638
2878.02	732
2882.12	810
2886.22	742
2890.32	813
2894.41	648
2898.5	548
2902.58	480
2906.67	529
2910.74	471
2914.82	452
2918.89	427
2922.96	367
2927.02	396
2931.08	322
2935.13	333
2939.19	302
2943.24	294
2947.28	228
2951.32	205
2955.36	148
2959.4	219
2963.43	172
2967.46	98
2971.48	166
2975.5	162
2979.52	217
2983.53	124
2987.54	77
2991.55	137
2995.55	78
2999.55	83
3003.54	122
3007.54	94
3011.53	141
3015.51	104
3019.49	79
3023.47	70
3027.45	41
3031.42	75
3035.39	77
3039.35	93
3043.31	163
3047.27	76
3051.22	66
3055.17	72
3059.12	56
3063.06	76
3067	67
3070.94	78
3074.87	56
3078.8	-12
3082.73	46
3086.65	101
3090.57	58
3094.49	52
3098.4	79
3102.31	79
3106.22	46
3110.12	53
3114.02	32
3117.92	105
3121.81	37
3125.7	58
3129.58	27
3133.47	75
3137.34	26
3141.22	33
3145.09	76
3148.96	66
3152.83	10
3156.69	36
3160.55	64
3164.4	73
3168.26	58
3172.1	28
3175.95	77
3179.79	85
3183.63	12
3187.47	-19
3191.3	10
3195.13	86
3198.95	99
3202.78	101
3206.6	132
3210.41	57
3214.23	40
3218.03	36
3221.84	0
3225.64	62
3229.44	95
3233.24	40
3237.03	42
3240.82	47
3244.61	83
3248.39	2
3252.17	69
3255.95	80
3259.72	64
3263.49	56
3267.26	34
3271.03	60
3274.79	-18
3278.54	43
3282.3	56
3286.05	112
3289.8	22
3293.54	21
3297.29	52
3301.02	72
3304.76	48
3308.49	51
3312.22	0
3315.95	67
3319.67	9
3323.39	58
3327.1	26
3330.82	19
3334.53	44
3338.24	37
3341.94	24
3345.64	41
3349.34	33
3353.03	36
3356.72	22
3360.41	92
3364.1	54
3367.78	44
3371.46	37
3375.13	27
3378.81	58
3382.48	77
3386.14	81
3389.81	59
3393.47	14
3397.12	72
3400.78	20
3404.43	40
3408.08	39
3411.72	56
3415.36	39
3419	23
3422.64	72
3426.27	36
3429.9	86
3433.53	5
3437.15	77
3440.77	47
3444.39	39
3448	58
3451.62	54
3455.22	73
3458.83	62
3462.43	82
3466.03	113
3469.63	70
3473.22	41
3476.81	57
3480.4	29
3483.99	62
3487.57	42
3491.15	81
3494.72	37
3498.29	24
3501.86	105
3505.43	25
3508.99	56
3512.56	103
3516.11	19
3519.67	1
3523.22	21
3526.77	56
3530.32	81
3533.86	67
3537.4	64
3540.94	84
3544.47	66
3548	8
3551.53	-11
3555.06	72
3558.58	17
3562.1	34
3565.62	27
3569.13	80
3572.64	35
3576.15	26
3579.66	76
3583.16	8
3586.66	-26
3590.16	39
3593.65	39
3597.14	71
3600.63	46
3604.11	61
3607.6	13
3611.08	-6
3614.55	30
3618.03	66
3621.5	66
3624.97	12
3628.43	80
3631.9	37
3635.36	10
3638.81	69
3642.27	46
3645.72	54
3649.17	-22
3652.61	24
3656.06	40
3659.5	23
3662.93	67
3666.37	25
3669.8	52
3673.23	18
3676.65	26
3680.08	9
3683.5	51
3686.92	27
3690.33	-1
3693.74	32
3697.15	5
3700.56	-18
3703.96	47
3707.36	14
3710.76	44
3714.16	21
3717.55	16
3720.94	39
3724.33	-8
3727.71	31
3731.1	29
3734.48	16
3737.85	58
3741.23	-11
3744.6	74
3747.97	58
3751.33	28
3754.69	26
3758.05	32
3761.41	21
3764.77	23
3768.12	28
3771.47	56
3774.82	-1
3778.16	-2
3781.5	4
3784.84	0
3788.18	5
