-37534,58	22,00
-37414,56	8,00
-37295,11	7,00
-37176,24	6,00
-37057,95	805,00
-36940,22	856,00
-36823,05	950,00
-36706,45	1006,00
-36590,40	1181,00
-36474,90	981,00
-36359,95	1113,00
-36245,55	1211,00
-36131,68	1133,00
-36018,35	1130,00
-35905,55	1177,00
-35793,29	1013,00
-35681,54	1175,00
-35570,32	1122,00
-35459,62	1162,00
-35349,43	1091,00
-35239,75	1150,00
-35130,58	1140,00
-35021,91	1295,00
-34913,74	1114,00
-34806,07	1140,00
-34698,89	1099,00
-34592,20	1166,00
-34486,00	1095,00
-34380,28	1157,00
-34275,04	995,00
-34170,27	967,00
-34065,98	1106,00
-33962,16	1226,00
-33858,81	1228,00
-33755,92	1157,00
-33653,49	1102,00
-33551,52	1195,00
-33450,01	1114,00
-33348,94	1051,00
-33248,33	1147,00
-33148,16	1185,00
-33048,43	1222,00
-32949,14	1311,00
-32850,29	1201,00
-32751,87	1137,00
-32653,89	1179,00
-32556,33	1246,00
-32459,20	1135,00
-32362,49	1222,00
-32266,19	1164,00
-32170,32	1236,00
-32074,86	1188,00
-31979,82	1057,00
-31885,18	1341,00
-31790,95	1244,00
-31697,12	1264,00
-31603,69	1185,00
-31510,67	1266,00
-31418,04	1278,00
-31325,80	1239,00
-31233,95	1293,00
-31142,49	1167,00
-31051,42	1114,00
-30960,73	1395,00
-30870,43	1378,00
-30780,50	1255,00
-30690,95	1316,00
-30601,77	1305,00
-30512,97	1307,00
-30424,53	1294,00
-30336,46	1291,00
-30248,76	1305,00
-30161,42	1262,00
-30074,44	1215,00
-29987,81	1386,00
-29901,55	1403,00
-29815,63	1201,00
-29730,07	1386,00
-29644,86	1079,00
-29560,00	1230,00
-29475,48	1272,00
-29391,30	1184,00
-29307,47	1133,00
-29223,97	1304,00
-29140,81	1200,00
-29057,99	1267,00
-28975,50	1207,00
-28893,34	1482,00
-28811,51	1069,00
-28730,00	1116,00
-28648,82	1373,00
-28567,97	1308,00
-28487,43	1129,00
-28407,21	1148,00
-28327,32	1155,00
-28247,73	1438,00
-28168,46	1058,00
-28089,50	1342,00
-28010,85	1265,00
-27932,51	1153,00
-27854,48	1340,00
-27776,75	1149,00
-27699,32	1123,00
-27622,19	1228,00
-27545,37	1359,00
-27468,84	1167,00
-27392,60	1202,00
-27316,66	1140,00
-27241,01	1360,00
-27165,66	1075,00
-27090,59	1174,00
-27015,81	1254,00
-26941,31	1395,00
-26867,10	1144,00
-26793,17	1248,00
-26719,52	1134,00
-26646,15	1235,00
-26573,06	1031,00
-26500,24	1291,00
-26427,70	1099,00
-26355,43	1185,00
-26283,43	1140,00
-26211,71	1304,00
-26140,25	1198,00
-26069,06	1449,00
-25998,13	1047,00
-25927,46	1111,00
-25857,06	1165,00
-25786,92	1287,00
-25717,04	1099,00
-25647,42	1304,00
-25578,05	1101,00
-25508,94	1438,00
-25440,09	1301,00
-25371,48	1269,00
-25303,13	1276,00
-25235,02	1135,00
-25167,17	1233,00
-25099,56	1277,00
-25032,19	1267,00
-24965,07	957,00
-24898,20	1265,00
-24831,56	1332,00
-24765,17	1110,00
-24699,01	1245,00
-24633,10	1127,00
-24567,41	1358,00
-24501,97	1338,00
-24436,75	1178,00
-24371,77	1160,00
-24307,03	1116,00
-24242,51	1117,00
-24178,22	1231,00
-24114,16	1248,00
-24050,32	1389,00
-23986,71	1161,00
-23923,32	1140,00
-23860,16	1102,00
-23797,22	1292,00
-23734,50	1142,00
-23672,00	1110,00
-23609,71	1219,00
-23547,65	1051,00
-23485,80	1365,00
-23424,16	1148,00
-23362,74	1292,00
-23301,53	1266,00
-23240,54	1126,00
-23179,75	965,00
-23119,17	1271,00
-23058,80	1216,00
-22998,64	1160,00
-22938,68	1175,00
-22878,93	1190,00
-22819,39	1167,00
-22760,04	1180,00
-22700,90	1258,00
-22641,96	1129,00
-22583,22	1247,00
-22524,68	1243,00
-22466,33	1161,00
-22408,19	1186,00
-22350,23	1298,00
-22292,48	1140,00
-22234,92	1254,00
-22177,55	1273,00
-22120,37	1445,00
-22063,38	1335,00
-22006,58	1139,00
-21949,98	1220,00
-21893,56	884,00
-21837,33	1200,00
-21781,28	1143,00
-21725,42	1177,00
-21669,74	1160,00
-21614,25	1242,00
-21558,94	1198,00
-21503,81	1124,00
-21448,86	1219,00
-21394,10	1177,00
-21339,51	1076,00
-21285,10	1164,00
-21230,86	1072,00
-21176,81	1208,00
-21122,93	1128,00
-21069,22	1026,00
-21015,69	1140,00
-20962,33	1263,00
-20909,14	1020,00
-20856,13	1220,00
-20803,28	1364,00
-20750,61	1080,00
-20698,10	1234,00
-20645,76	1164,00
-20593,59	1352,00
-20541,59	1195,00
-20489,75	1424,00
-20438,07	1068,00
-20386,56	1343,00
-20335,22	1198,00
-20284,03	1143,00
-20233,01	1074,00
-20182,15	1229,00
-20131,45	1183,00
-20080,91	1104,00
-20030,52	1088,00
-19980,30	1188,00
-19930,23	1105,00
-19880,32	1239,00
-19830,56	1289,00
-19780,96	1133,00
-19731,52	1070,00
-19682,23	1247,00
-19633,09	1098,00
-19584,10	1167,00
-19535,26	1187,00
-19486,58	1272,00
-19438,04	1452,00
-19389,66	1152,00
-19341,42	1119,00
-19293,33	1211,00
-19245,39	1346,00
-19197,60	1084,00
-19149,95	1211,00
-19102,45	1175,00
-19055,09	1025,00
-19007,87	1281,00
-18960,80	1143,00
-18913,87	1221,00
-18867,09	1150,00
-18820,44	1104,00
-18773,94	1176,00
-18727,57	1136,00
-18681,35	1068,00
-18635,26	1224,00
-18589,31	1008,00
-18543,50	1001,00
-18497,83	1095,00
-18452,29	1217,00
-18406,89	1083,00
-18361,63	1282,00
-18316,50	1096,00
-18271,50	1152,00
-18226,63	1214,00
-18181,90	1211,00
-18137,30	1349,00
-18092,84	1300,00
-18048,50	1181,00
-18004,29	1053,00
-17960,22	1182,00
-17916,27	1199,00
-17872,45	1182,00
-17828,76	1109,00
-17785,20	1286,00
-17741,77	1011,00
-17698,46	1236,00
-17655,28	1173,00
-17612,22	1138,00
-17569,29	1128,00
-17526,48	1317,00
-17483,79	1176,00
-17441,23	1075,00
-17398,79	1082,00
-17356,48	1159,00
-17314,28	1172,00
-17272,21	1114,00
-17230,26	1156,00
-17188,42	1264,00
-17146,71	1257,00
-17105,12	1206,00
-17063,64	1309,00
-17022,28	1187,00
-16981,04	1172,00
-16939,92	1126,00
-16898,91	1422,00
-16858,02	1032,00
-16817,25	1193,00
-16776,59	1227,00
-16736,04	1027,00
-16695,61	1223,00
-16655,29	1154,00
-16615,09	1182,00
-16574,99	1123,00
-16535,01	1067,00
-16495,15	1144,00
-16455,39	1053,00
-16415,74	1121,00
-16376,21	1137,00
-16336,78	1032,00
-16297,46	1162,00
-16258,26	1231,00
-16219,16	1094,00
-16180,17	1151,00
-16141,28	1285,00
-16102,51	1197,00
-16063,84	1168,00
-16025,27	1213,00
-15986,82	1052,00
-15948,46	1076,00
-15910,22	939,00
-15872,07	1169,00
-15834,04	1117,00
-15796,10	1156,00
-15758,27	1296,00
-15720,54	1001,00
-15682,91	1131,00
-15645,39	1009,00
-15607,97	1260,00
-15570,64	1234,00
-15533,42	1251,00
-15496,30	1234,00
-15459,28	1140,00
-15422,36	1223,00
-15385,54	1122,00
-15348,82	1283,00
-15312,19	1287,00
-15275,66	1180,00
-15239,23	1098,00
-15202,90	1294,00
-15166,67	1027,00
-15130,53	1205,00
-15094,48	1239,00
-15058,54	1133,00
-15022,68	1134,00
-14986,93	1174,00
-14951,26	1190,00
-14915,69	1066,00
-14880,22	1264,00
-14844,84	1128,00
-14809,55	1180,00
-14774,35	1271,00
-14739,25	1211,00
-14704,24	1109,00
-14669,32	1042,00
-14634,49	1171,00
-14599,75	1149,00
-14565,10	989,00
-14530,55	983,00
-14496,08	1128,00
-14461,70	1031,00
-14427,41	1058,00
-14393,21	975,00
-14359,10	1147,00
-14325,07	1208,00
-14291,14	1209,00
-14257,29	1184,00
-14223,52	1059,00
-14189,85	1347,00
-14156,26	1194,00
-14122,76	1153,00
-14089,34	1134,00
-14056,01	1202,00
-14022,76	1292,00
-13989,60	1216,00
-13956,52	1226,00
-13923,53	1246,00
-13890,62	1186,00
-13857,79	1154,00
-13825,05	1147,00
-13792,39	1162,00
-13759,81	1137,00
-13727,31	1204,00
-13694,90	1085,00
-13662,57	1301,00
-13630,31	1063,00
-13598,14	1317,00
-13566,05	1255,00
-13534,05	983,00
-13502,12	1203,00
-13470,27	1226,00
-13438,50	1247,00
-13406,80	1059,00
-13375,19	999,00
-13343,66	1167,00
-13312,20	1308,00
-13280,83	1268,00
-13249,53	995,00
-13218,30	1188,00
-13187,16	1114,00
-13156,09	1303,00
-13125,10	1081,00
-13094,18	1151,00
-13063,34	1294,00
-13032,58	1023,00
-13001,89	1031,00
-12971,28	1090,00
-12940,74	1106,00
-12910,27	1075,00
-12879,88	1189,00
-12849,57	1371,00
-12819,33	1286,00
-12789,16	1109,00
-12759,06	1102,00
-12729,04	1340,00
-12699,09	-93,00
-12669,21	1194,00
-12639,41	1126,00
-12609,68	1104,00
-12580,02	1275,00
-12550,43	1187,00
-12520,91	1071,00
-12491,46	1059,00
-12462,08	1096,00
-12432,77	1137,00
-12403,54	1315,00
-12374,37	1238,00
-12345,27	1201,00
-12316,24	1004,00
-12287,29	1256,00
-12258,40	1112,00
-12229,57	1086,00
-12200,82	1237,00
-12172,14	1278,00
-12143,52	1109,00
-12114,97	1027,00
-12086,49	1276,00
-12058,07	1269,00
-12029,73	1209,00
-12001,44	1240,00
-11973,23	926,00
-11945,08	1239,00
-11917,00	1211,00
-11888,98	1289,00
-11861,03	1166,00
-11833,15	1268,00
-11805,32	1335,00
-11777,57	1242,00
-11749,88	1145,00
-11722,25	1074,00
-11694,69	1182,00
-11667,19	1245,00
-11639,75	1157,00
-11612,38	1161,00
-11585,07	1133,00
-11557,83	1097,00
-11530,65	1351,00
-11503,53	1251,00
-11476,47	1156,00
-11449,48	990,00
-11422,54	1309,00
-11395,67	1170,00
-11368,86	1292,00
-11342,11	1171,00
-11315,43	1337,00
-11288,80	1114,00
-11262,23	1150,00
-11235,73	1196,00
-11209,28	1222,00
-11182,90	1340,00
-11156,57	1034,00
-11130,31	1345,00
-11104,10	1078,00
-11077,96	1191,00
-11051,87	1258,00
-11025,84	1278,00
-10999,87	1274,00
-10973,96	1262,00
-10948,11	1068,00
-10922,31	1115,00
-10896,58	1108,00
-10870,90	1436,00
-10845,28	1163,00
-10819,71	1198,00
-10794,20	1288,00
-10768,75	1382,00
-10743,36	966,00
-10718,02	1167,00
-10692,74	1260,00
-10667,52	1155,00
-10642,35	1161,00
-10617,24	1299,00
-10592,18	1183,00
-10567,18	1154,00
-10542,23	1323,00
-10517,34	1309,00
-10492,51	1305,00
-10467,72	1075,00
-10443,00	1249,00
-10418,32	1226,00
-10393,70	1244,00
-10369,14	1149,00
-10344,63	1245,00
-10320,17	1210,00
-10295,77	1169,00
-10271,42	1163,00
-10247,12	1242,00
-10222,88	1339,00
-10198,68	1143,00
-10174,54	1238,00
-10150,46	1459,00
-10126,42	1487,00
-10102,44	1442,00
-10078,51	1085,00
-10054,63	1294,00
-10030,80	1264,00
-10007,03	1598,00
-9983,30	1272,00
-9959,63	1267,00
-9936,01	1319,00
-9912,44	1275,00
-9888,92	1354,00
-9865,44	1380,00
-9842,02	1228,00
-9818,65	1325,00
-9795,33	1407,00
-9772,06	1371,00
-9748,84	1450,00
-9725,67	1533,00
-9702,55	1658,00
-9679,47	1614,00
-9656,45	1447,00
-9633,47	1432,00
-9610,55	1561,00
-9587,67	1665,00
-9564,84	2030,00
-9542,06	1753,00
-9519,32	1858,00
-9496,64	2057,00
-9474,00	1888,00
-9451,41	1799,00
-9428,87	2059,00
-9406,37	2137,00
-9383,92	2074,00
-9361,52	2185,00
-9339,17	2241,00
-9316,86	2282,00
-9294,60	2325,00
-9272,38	2351,00
-9250,21	2652,00
-9228,09	2616,00
-9206,01	2570,00
-9183,98	2641,00
-9162,00	2327,00
-9140,06	2435,00
-9118,16	2530,00
-9096,31	2578,00
-9074,51	2268,00
-9052,75	2565,00
-9031,04	2287,00
-9009,37	2302,00
-8987,74	2486,00
-8966,16	2387,00
-8944,63	2230,00
-8923,14	2389,00
-8901,69	2261,00
-8880,29	1953,00
-8858,93	1953,00
-8837,61	2105,00
-8816,34	1875,00
-8795,11	2016,00
-8773,92	1925,00
-8752,78	1898,00
-8731,68	1946,00
-8710,62	2046,00
-8689,61	1836,00
-8668,63	1889,00
-8647,70	2122,00
-8626,82	1884,00
-8605,97	2118,00
-8585,17	2063,00
-8564,41	1969,00
-8543,69	1871,00
-8523,01	1966,00
-8502,37	2087,00
-8481,78	1922,00
-8461,23	1792,00
-8440,71	1783,00
-8420,24	1862,00
-8399,81	1978,00
-8379,42	1769,00
-8359,08	1916,00
-8338,77	1919,00
-8318,50	1935,00
-8298,27	1730,00
-8278,09	1822,00
-8257,94	1640,00
-8237,83	1689,00
-8217,76	1639,00
-8197,74	1757,00
-8177,75	1718,00
-8157,80	1729,00
-8137,89	1726,00
-8118,02	1654,00
-8098,19	1665,00
-8078,40	1603,00
-8058,65	1529,00
-8038,93	1478,00
-8019,26	1405,00
-7999,62	1671,00
-7980,02	1652,00
-7960,46	1648,00
-7940,94	1541,00
-7921,46	1752,00
-7902,01	1651,00
-7882,60	1522,00
-7863,23	1570,00
-7843,90	1691,00
-7824,61	1283,00
-7805,35	1703,00
-7786,13	1721,00
-7766,95	1542,00
-7747,80	1516,00
-7728,69	1743,00
-7709,62	1682,00
-7690,59	1510,00
-7671,59	1569,00
-7652,63	1443,00
-7633,70	1580,00
-7614,81	1687,00
-7595,96	1405,00
-7577,15	1526,00
-7558,37	1516,00
-7539,62	1680,00
-7520,91	1537,00
-7502,24	1787,00
-7483,60	1757,00
-7465,00	1558,00
-7446,44	1425,00
-7427,91	1405,00
-7409,41	1674,00
-7390,95	1688,00
-7372,53	1583,00
-7354,14	1692,00
-7335,78	1599,00
-7317,46	1610,00
-7299,18	1464,00
-7280,92	1587,00
-7262,71	1835,00
-7244,52	1644,00
-7226,38	1524,00
-7208,26	1566,00
-7190,18	1588,00
-7172,14	1515,00
-7154,12	1598,00
-7136,15	1659,00
-7118,20	1637,00
-7100,29	1830,00
-7082,41	1630,00
-7064,57	1846,00
-7046,76	1621,00
-7028,98	1550,00
-7011,24	1853,00
-6993,53	1659,00
-6975,85	1892,00
-6958,20	1690,00
-6940,59	1682,00
-6923,01	1623,00
-6905,46	1600,00
-6887,94	1616,00
-6870,46	-1235,00
-6853,01	1834,00
-6835,59	1696,00
-6818,21	1658,00
-6800,85	1832,00
-6783,53	1826,00
-6766,24	1626,00
-6748,98	1813,00
-6731,76	1757,00
-6714,56	1648,00
-6697,40	1624,00
-6680,26	1560,00
-6663,16	1603,00
-6646,09	1851,00
-6629,05	1770,00
-6612,05	1747,00
-6595,07	1807,00
-6578,13	1696,00
-6561,21	1653,00
-6544,33	1545,00
-6527,47	1634,00
-6510,65	1615,00
-6493,86	1670,00
-6477,10	1760,00
-6460,36	2008,00
-6443,66	1759,00
-6426,99	1554,00
-6410,35	1582,00
-6393,74	1623,00
-6377,16	1635,00
-6360,61	1574,00
-6344,09	1676,00
-6327,59	1588,00
-6311,13	1554,00
-6294,70	1516,00
-6278,29	1589,00
-6261,92	1377,00
-6245,58	1696,00
-6229,26	1592,00
-6212,97	1819,00
-6196,72	1700,00
-6180,49	1749,00
-6164,29	1455,00
-6148,12	1557,00
-6131,98	1520,00
-6115,86	1725,00
-6099,78	1680,00
-6083,72	1758,00
-6067,69	1465,00
-6051,69	1584,00
-6035,72	1528,00
-6019,78	1539,00
-6003,87	1546,00
-5987,98	1626,00
-5972,12	1572,00
-5956,29	1728,00
-5940,49	1600,00
-5924,71	1620,00
-5908,96	1432,00
-5893,24	1366,00
-5877,55	1420,00
-5861,89	1614,00
-5846,25	1728,00
-5830,64	1628,00
-5815,05	1580,00
-5799,50	1485,00
-5783,97	1549,00
-5768,47	1705,00
-5752,99	1564,00
-5737,55	1609,00
-5722,12	1592,00
-5706,73	1796,00
-5691,36	1624,00
-5676,02	1449,00
-5660,71	1673,00
-5645,42	1382,00
-5630,16	1512,00
-5614,92	1610,00
-5599,71	1491,00
-5584,53	1640,00
-5569,37	1469,00
-5554,24	305,00
-5539,14	1525,00
-5524,06	1338,00
-5509,01	1557,00
-5493,98	1553,00
-5478,98	1844,00
-5464,00	1474,00
-5449,05	1524,00
-5434,13	1548,00
-5419,23	1560,00
-5404,36	1331,00
-5389,51	1500,00
-5374,69	1574,00
-5359,89	1835,00
-5345,12	1459,00
-5330,37	1598,00
-5315,65	1488,00
-5300,95	1506,00
-5286,28	1396,00
-5271,63	1506,00
-5257,01	1616,00
-5242,41	1745,00
-5227,84	1554,00
-5213,29	1479,00
-5198,76	1466,00
-5184,26	1494,00
-5169,79	1576,00
-5155,33	1580,00
-5140,91	1654,00
-5126,51	1643,00
-5112,13	1610,00
-5097,77	1578,00
-5083,44	1492,00
-5069,13	1459,00
-5054,85	1266,00
-5040,59	1313,00
-5026,36	1586,00
-5012,15	1749,00
-4997,96	1571,00
-4983,80	1608,00
-4969,66	1249,00
-4955,54	1419,00
-4941,44	1427,00
-4927,37	1357,00
-4913,33	1717,00
-4899,30	1543,00
-4885,30	1564,00
-4871,33	1575,00
-4857,37	1275,00
-4843,44	1276,00
-4829,53	1502,00
-4815,65	1747,00
-4801,79	1411,00
-4787,95	1593,00
-4774,13	1274,00
-4760,34	1405,00
-4746,56	1189,00
-4732,82	1300,00
-4719,09	1410,00
-4705,38	1464,00
-4691,70	1558,00
-4678,04	1341,00
-4664,41	1415,00
-4650,79	1329,00
-4637,20	1330,00
-4623,63	1437,00
-4610,08	1436,00
-4596,56	1544,00
-4583,05	1455,00
-4569,57	1367,00
-4556,11	1401,00
-4542,67	1135,00
-4529,25	1286,00
-4515,86	1315,00
-4502,49	1572,00
-4489,13	1501,00
-4475,80	1235,00
-4462,49	1311,00
-4449,21	1354,00
-4435,94	1246,00
-4422,70	1279,00
-4409,47	1280,00
-4396,27	1425,00
-4383,09	1372,00
-4369,93	1166,00
-4356,79	1379,00
-4343,67	1389,00
-4330,58	1297,00
-4317,50	1283,00
-4304,45	1400,00
-4291,41	1178,00
-4278,40	1236,00
-4265,41	1234,00
-4252,44	1237,00
-4239,49	1219,00
-4226,55	1302,00
-4213,65	1428,00
-4200,76	1307,00
-4187,89	1131,00
-4175,04	1185,00
-4162,21	1357,00
-4149,40	1191,00
-4136,61	1384,00
-4123,85	1104,00
-4111,10	1203,00
-4098,37	1217,00
-4085,66	1269,00
-4072,98	1244,00
-4060,31	1178,00
-4047,66	1379,00
-4035,04	1241,00
-4022,43	1484,00
-4009,84	1420,00
-3997,27	1097,00
-3984,72	1184,00
-3972,19	1298,00
-3959,69	1164,00
-3947,20	1313,00
-3934,73	1090,00
-3922,27	1247,00
-3909,84	1146,00
-3897,43	1250,00
-3885,04	1134,00
-3872,67	1235,00
-3860,31	1302,00
-3847,98	1146,00
-3835,66	1074,00
-3823,36	1385,00
-3811,09	1026,00
-3798,83	1175,00
-3786,59	1209,00
-3774,37	1250,00
-3762,17	1170,00
-3749,98	1089,00
-3737,82	1057,00
-3725,67	1513,00
-3713,55	1117,00
-3701,44	1205,00
-3689,35	1213,00
-3677,28	1198,00
-3665,22	1285,00
-3653,19	1237,00
-3641,17	1183,00
-3629,18	1195,00
-3617,20	1262,00
-3605,24	1263,00
-3593,30	1308,00
-3581,37	1074,00
-3569,47	1286,00
-3557,58	1107,00
-3545,71	1322,00
-3533,86	1184,00
-3522,02	1286,00
-3510,21	1275,00
-3498,41	1257,00
-3486,63	1214,00
-3474,87	1239,00
-3463,12	1057,00
-3451,40	1293,00
-3439,69	1212,00
-3428,00	1125,00
-3416,33	1283,00
-3404,67	1198,00
-3393,03	1100,00
-3381,41	1331,00
-3369,81	1247,00
-3358,22	1253,00
-3346,66	1403,00
-3335,10	1143,00
-3323,57	980,00
-3312,06	1220,00
-3300,56	1249,00
-3289,08	1171,00
-3277,61	1081,00
-3266,16	1074,00
-3254,73	1192,00
-3243,32	1199,00
-3231,92	1384,00
-3220,55	1200,00
-3209,18	1258,00
-3197,84	1186,00
-3186,51	1152,00
-3175,20	1209,00
-3163,90	1069,00
-3152,63	1383,00
-3141,36	1210,00
-3130,12	1315,00
-3118,89	1128,00
-3107,68	1140,00
-3096,49	1309,00
-3085,31	1298,00
-3074,15	1011,00
-3063,00	1363,00
-3051,87	1338,00
-3040,76	1155,00
-3029,67	1222,00
-3018,59	1268,00
-3007,52	1217,00
-2996,48	1281,00
-2985,44	1196,00
-2974,43	1230,00
-2963,43	1047,00
-2952,45	1120,00
-2941,48	1194,00
-2930,53	1230,00
-2919,60	1285,00
-2908,68	1229,00
-2897,78	1111,00
-2886,89	1311,00
-2876,02	1094,00
-2865,17	1200,00
-2854,33	1156,00
-2843,50	1233,00
-2832,70	1171,00
-2821,90	1241,00
-2811,13	1118,00
-2800,37	952,00
-2789,62	1258,00
-2778,89	1349,00
-2768,18	1366,00
-2757,48	1299,00
-2746,80	1362,00
-2736,13	1130,00
-2725,48	1267,00
-2714,84	1204,00
-2704,22	1159,00
-2693,61	1190,00
-2683,02	1228,00
-2672,45	1059,00
-2661,89	1347,00
-2651,34	1269,00
-2640,81	1213,00
-2630,30	1395,00
-2619,80	1179,00
-2609,31	1345,00
-2598,84	1171,00
-2588,39	1230,00
-2577,95	1199,00
-2567,52	1121,00
-2557,11	1181,00
-2546,71	1248,00
-2536,33	1262,00
-2525,97	1273,00
-2515,62	1290,00
-2505,28	1142,00
-2494,96	1183,00
-2484,65	1130,00
-2474,36	1667,00
-2464,08	1385,00
-2453,82	1298,00
-2443,57	1232,00
-2433,33	1188,00
-2423,11	1191,00
-2412,91	1367,00
-2402,72	1212,00
-2392,54	1253,00
-2382,38	1205,00
-2372,23	1272,00
-2362,09	-1325,00
-2351,97	1110,00
-2341,87	1223,00
-2331,78	1269,00
-2321,70	1312,00
-2311,64	1143,00
-2301,59	1205,00
-2291,55	1022,00
-2281,53	1040,00
-2271,53	1205,00
-2261,53	1201,00
-2251,55	1204,00
-2241,59	1213,00
-2231,64	1414,00
-2221,70	1261,00
-2211,78	1047,00
-2201,87	1074,00
-2191,97	1343,00
-2182,09	1299,00
-2172,22	1114,00
-2162,37	1108,00
-2152,53	973,00
-2142,70	1206,00
-2132,89	1047,00
-2123,09	1199,00
-2113,30	1143,00
-2103,53	1220,00
-2093,77	1205,00
-2084,02	1121,00
-2074,29	1384,00
-2064,57	1214,00
-2054,86	1282,00
-2045,17	1181,00
-2035,49	1427,00
-2025,82	1134,00
-2016,17	1258,00
-2006,53	1090,00
-1996,91	1178,00
-1987,29	1077,00
-1977,69	1143,00
-1968,11	1157,00
-1958,53	1188,00
-1948,97	1146,00
-1939,42	1096,00
-1929,89	1285,00
-1920,37	1223,00
-1910,86	1421,00
-1901,36	1315,00
-1891,88	1328,00
-1882,41	1048,00
-1872,95	1369,00
-1863,51	1187,00
-1854,08	1333,00
-1844,66	1319,00
-1835,26	1179,00
-1825,86	1220,00
-1816,48	1168,00
-1807,11	1157,00
-1797,76	1220,00
-1788,42	1333,00
-1779,09	1331,00
-1769,77	1113,00
-1760,47	1436,00
-1751,17	1064,00
-1741,89	1205,00
-1732,63	1301,00
-1723,37	1426,00
-1714,13	1454,00
-1704,90	1119,00
-1695,68	1255,00
-1686,48	1324,00
-1677,29	1094,00
-1668,11	1381,00
-1658,94	1228,00
-1649,78	1207,00
-1640,64	1187,00
-1631,51	1155,00
-1622,39	1149,00
-1613,28	1230,00
-1604,19	1313,00
-1595,10	1282,00
-1586,03	1034,00
-1576,97	1128,00
-1567,93	1229,00
-1558,89	1261,00
-1549,87	1299,00
-1540,86	1270,00
-1531,86	1273,00
-1522,87	1123,00
-1513,90	1476,00
-1504,93	1280,00
-1495,98	1092,00
-1487,04	1320,00
-1478,12	1100,00
-1469,20	1216,00
-1460,30	1253,00
-1451,40	1243,00
-1442,52	1164,00
-1433,65	1445,00
-1424,80	1187,00
-1415,95	1084,00
-1407,12	1447,00
-1398,30	1165,00
-1389,48	1093,00
-1380,69	1094,00
-1371,90	1022,00
-1363,12	1115,00
-1354,36	1479,00
-1345,60	1081,00
-1336,86	1251,00
-1328,13	1403,00
-1319,41	1211,00
-1310,70	1263,00
-1302,01	1158,00
-1293,32	1123,00
-1284,65	1222,00
-1275,99	1443,00
-1267,33	1220,00
-1258,69	1216,00
-1250,06	1158,00
-1241,45	1227,00
-1232,84	1236,00
-1224,25	1295,00
-1215,66	1157,00
-1207,09	1380,00
-1198,53	1323,00
-1189,97	1292,00
-1181,43	1144,00
-1172,91	1331,00
-1164,39	1418,00
-1155,88	1057,00
-1147,38	1277,00
-1138,90	1164,00
-1130,43	1117,00
-1121,96	1135,00
-1113,51	1294,00
-1105,07	1208,00
-1096,64	1365,00
-1088,22	1255,00
-1079,81	1329,00
-1071,41	1282,00
-1063,02	1163,00
-1054,65	1239,00
-1046,28	1223,00
-1037,92	1247,00
-1029,58	1301,00
-1021,24	1159,00
-1012,92	1566,00
-1004,61	1224,00
-996,30	1540,00
-988,01	1212,00
-979,73	1112,00
-971,46	1274,00
-963,20	1025,00
-954,95	1237,00
-946,71	1231,00
-938,48	1266,00
-930,26	1245,00
-922,06	1231,00
-913,86	1259,00
-905,67	1179,00
-897,49	1369,00
-889,33	1091,00
-881,17	1247,00
-873,02	1233,00
-864,89	1203,00
-856,76	1143,00
-848,65	1315,00
-840,54	1191,00
-832,45	1374,00
-824,36	947,00
-816,29	1309,00
-808,22	1315,00
-800,17	1245,00
-792,12	1311,00
-784,09	1432,00
-776,06	1045,00
-768,05	1300,00
-760,04	1126,00
-752,05	1277,00
-744,07	1373,00
-736,09	1185,00
-728,13	1115,00
-720,17	1098,00
-712,23	1152,00
-704,29	1077,00
-696,37	1181,00
-688,45	1238,00
-680,55	1195,00
-672,65	1233,00
-664,77	1185,00
-656,89	1069,00
-649,03	1002,00
-641,17	1203,00
-633,32	1282,00
-625,49	1240,00
-617,66	1295,00
-609,84	1264,00
-602,03	1155,00
-594,23	1166,00
-586,45	1111,00
-578,67	1138,00
-570,90	1093,00
-563,14	1078,00
-555,39	1214,00
-547,65	1264,00
-539,91	1160,00
-532,19	1192,00
-524,48	1341,00
-516,78	1271,00
-509,08	1187,00
-501,40	1155,00
-493,72	1279,00
-486,06	1121,00
-478,40	1453,00
-470,76	1342,00
-463,12	1113,00
-455,49	1120,00
-447,87	1126,00
-440,26	1241,00
-432,66	1134,00
-425,07	1314,00
-417,49	1196,00
-409,92	1050,00
-402,35	1120,00
-394,80	1196,00
-387,25	1282,00
-379,72	1156,00
-372,19	1279,00
-364,67	1187,00
-357,17	1302,00
-349,67	1110,00
-342,18	1176,00
-334,69	1180,00
-327,22	1238,00
-319,76	1359,00
-312,30	1430,00
-304,86	1269,00
-297,42	1211,00
-290,00	1422,00
-282,58	1290,00
-275,17	1308,00
-267,77	1182,00
-260,37	1405,00
-252,99	1385,00
-245,62	1249,00
-238,25	1341,00
-230,90	1379,00
-223,55	1434,00
-216,21	1312,00
-208,88	1358,00
-201,56	1420,00
-194,25	1571,00
-186,94	1448,00
-179,65	1467,00
-172,36	1372,00
-165,08	1534,00
-157,81	1442,00
-150,55	1624,00
-143,30	1654,00
-136,06	1740,00
-128,82	1663,00
-121,60	1888,00
-114,38	2031,00
-107,17	2059,00
-99,97	2242,00
-92,78	2432,00
-85,60	2676,00
-78,42	2828,00
-71,25	3097,00
-64,10	3212,00
-56,95	3801,00
-49,81	4245,00
-42,67	5015,00
-35,55	5923,00
-28,43	7644,00
-21,33	12281,00
-14,23	39189,00
-7,14	52288,00
-0,05	51937,00
7,02	51328,00
14,09	51858,00
21,14	28728,00
28,19	13471,00
35,23	8837,00
42,27	7257,00
49,29	5911,00
56,31	5196,00
63,32	4850,00
70,32	3907,00
77,31	3472,00
84,29	3164,00
91,27	3092,00
98,23	3053,00
105,19	2804,00
112,14	2751,00
119,09	4054,00
126,02	5866,00
132,95	6380,00
139,87	6625,00
146,78	6597,00
153,68	6407,00
160,58	6158,00
167,46	6040,00
174,34	6012,00
181,21	5958,00
188,08	5876,00
194,93	5982,00
201,78	5923,00
208,62	5927,00
215,45	6167,00
222,27	6097,00
229,09	6362,00
235,90	5945,00
242,70	6251,00
249,49	6062,00
256,27	5953,00
263,05	5856,00
269,82	5428,00
276,58	5510,00
283,33	5460,00
290,08	5465,00
296,82	5315,00
303,55	5227,00
310,27	5102,00
316,98	5026,00
323,69	5019,00
330,39	5098,00
337,08	5242,00
343,76	5027,00
350,44	4942,00
357,11	5102,00
363,77	4924,00
370,42	4738,00
377,07	5041,00
383,71	5008,00
390,34	4860,00
396,96	4754,00
403,58	4705,00
410,19	4813,00
416,79	4740,00
423,38	5002,00
429,97	4785,00
436,55	4770,00
443,12	4612,00
449,68	4557,00
456,24	4613,00
462,79	4549,00
469,33	4367,00
475,86	4292,00
482,39	4170,00
488,91	4386,00
495,42	4266,00
501,93	4126,00
508,42	4151,00
514,91	4294,00
521,40	4194,00
527,87	4227,00
534,34	4141,00
540,80	4081,00
547,25	4356,00
553,70	3943,00
560,14	4116,00
566,57	4051,00
573,00	4120,00
579,41	3879,00
585,83	3952,00
592,23	4121,00
598,62	3951,00
605,01	3986,00
611,40	3999,00
617,77	4146,00
624,14	3978,00
630,50	3853,00
636,85	3951,00
643,20	3990,00
649,54	3885,00
655,87	3628,00
662,20	3793,00
668,52	3988,00
674,83	4016,00
681,13	3805,00
687,43	3905,00
693,72	3742,00
700,00	3843,00
706,28	3781,00
712,55	3871,00
718,81	3819,00
725,07	3623,00
731,32	3672,00
737,56	3734,00
743,79	3653,00
750,02	3737,00
756,24	3671,00
762,46	3748,00
768,67	3868,00
774,87	3778,00
781,06	3674,00
787,25	3725,00
793,43	3811,00
799,60	3469,00
805,77	3857,00
811,93	3588,00
818,08	3521,00
824,23	3558,00
830,37	3895,00
836,50	3534,00
842,63	3682,00
848,75	3566,00
854,87	3638,00
860,97	3577,00
867,07	3613,00
873,17	3759,00
879,25	3725,00
885,33	3767,00
891,41	3770,00
897,47	3757,00
903,53	3590,00
909,59	3742,00
915,63	3637,00
921,67	3562,00
927,71	3647,00
933,74	3787,00
939,76	3564,00
945,77	3486,00
951,78	3672,00
957,78	3544,00
963,78	3691,00
969,77	3490,00
975,75	3597,00
981,72	3313,00
987,69	4452,00
993,66	3717,00
999,61	3546,00
1005,56	3369,00
1011,51	3515,00
1017,44	3489,00
1023,37	3629,00
1029,30	3574,00
1035,22	3736,00
1041,13	3634,00
1047,03	3696,00
1052,93	4024,00
1058,83	4636,00
1064,71	5157,00
1070,59	4652,00
1076,47	4050,00
1082,33	4070,00
1088,20	4006,00
1094,05	4058,00
1099,90	4088,00
1105,74	3784,00
1111,58	3874,00
1117,41	4273,00
1123,23	4838,00
1129,05	5189,00
1134,86	4875,00
1140,67	4036,00
1146,47	3676,00
1152,26	3585,00
1158,05	3627,00
1163,83	3546,00
1169,60	3662,00
1175,37	3577,00
1181,13	3589,00
1186,89	3298,00
1192,64	3369,00
1198,38	3310,00
1204,12	3190,00
1209,85	3147,00
1215,58	3278,00
1221,30	3158,00
1227,02	3269,00
1232,72	3263,00
1238,43	3422,00
1244,12	3279,00
1249,81	3210,00
1255,50	3537,00
1261,17	3467,00
1266,85	3523,00
1272,51	3672,00
1278,17	3623,00
1283,83	3735,00
1289,47	4918,00
1295,12	5683,00
1300,75	5248,00
1306,38	4566,00
1312,01	3820,00
1317,63	3852,00
1323,24	3753,00
1328,85	3725,00
1334,45	3777,00
1340,04	3639,00
1345,63	3648,00
1351,22	3862,00
1356,80	3737,00
1362,37	3823,00
1367,93	4059,00
1373,49	4063,00
1379,05	4045,00
1384,60	3985,00
1390,14	3832,00
1395,68	3735,00
1401,21	3825,00
1406,74	3937,00
1412,26	4267,00
1417,77	4689,00
1423,28	4374,00
1428,78	4696,00
1434,28	5176,00
1439,77	5840,00
1445,26	5495,00
1450,74	5549,00
1456,22	5158,00
1461,68	4899,00
1467,15	5009,00
1472,61	4504,00
1478,06	4190,00
1483,51	3926,00
1488,95	3526,00
1494,38	3692,00
1499,81	3424,00
1505,24	3130,00
1510,65	3396,00
1516,07	3186,00
1521,48	3165,00
1526,88	2948,00
1532,27	3163,00
1537,67	2974,00
1543,05	3153,00
1548,43	2885,00
1553,81	2964,00
1559,18	3013,00
1564,54	3075,00
1569,90	3048,00
1575,25	2863,00
1580,60	2899,00
1585,94	3102,00
1591,28	3052,00
1596,61	2820,00
1601,93	3117,00
1607,25	3094,00
1612,57	2972,00
1617,88	2869,00
1623,18	2714,00
1628,48	2918,00
1633,77	2889,00
1639,06	2895,00
1644,34	2788,00
1649,62	2802,00
1654,89	2773,00
1660,16	2823,00
1665,42	2720,00
1670,67	2698,00
1675,92	2747,00
1681,17	2722,00
1686,41	2822,00
1691,64	2625,00
1696,87	2472,00
1702,10	2530,00
1707,32	2474,00
1712,53	2668,00
1717,74	2763,00
1722,94	2596,00
1728,14	2750,00
1733,33	2526,00
1738,52	2556,00
1743,70	2696,00
1748,88	2417,00
1754,05	2523,00
1759,22	2386,00
1764,38	2786,00
1769,53	2619,00
1774,69	2489,00
1779,83	2327,00
1784,97	2546,00
1790,11	2421,00
1795,24	2373,00
1800,36	2519,00
1805,48	2254,00
1810,60	2348,00
1815,71	2523,00
1820,82	2450,00
1825,92	2373,00
1831,01	2361,00
1836,10	2440,00
1841,19	2462,00
1846,26	2218,00
1851,34	2315,00
1856,41	2473,00
1861,47	2359,00
1866,53	2261,00
1871,59	2328,00
1876,64	2394,00
1881,68	2327,00
1886,72	2397,00
1891,76	2355,00
1896,79	2291,00
1901,81	2221,00
1906,83	2379,00
1911,85	2209,00
1916,86	2320,00
1921,86	2363,00
1926,86	2149,00
1931,86	2070,00
1936,85	2202,00
1941,83	2276,00
1946,81	2100,00
1951,79	2254,00
1956,76	2297,00
1961,72	2070,00
1966,68	2089,00
1971,64	2100,00
1976,59	2208,00
1981,54	1962,00
1986,48	2107,00
1991,42	2226,00
1996,35	2326,00
2001,27	2036,00
2006,20	1976,00
2011,11	2191,00
2016,03	2021,00
2020,93	2045,00
2025,84	2012,00
2030,73	1936,00
2035,63	1753,00
2040,52	2053,00
2045,40	1891,00
2050,28	2110,00
2055,15	2104,00
2060,02	2014,00
2064,89	2132,00
2069,75	2200,00
2074,60	2202,00
2079,46	1953,00
2084,30	1958,00
2089,14	1965,00
2093,98	2151,00
2098,81	1879,00
2103,64	2058,00
2108,46	1918,00
2113,28	1838,00
2118,09	1952,00
2122,90	2065,00
2127,70	1859,00
2132,50	1928,00
2137,30	1911,00
2142,09	1791,00
2146,87	1768,00
2151,66	1905,00
2156,43	1967,00
2161,20	1830,00
2165,97	1825,00
2170,73	1793,00
2175,49	2110,00
2180,24	1933,00
2184,99	1909,00
2189,74	2092,00
2194,48	1871,00
2199,21	1951,00
2203,94	1802,00
2208,67	1931,00
2213,39	1831,00
2218,11	1968,00
2222,82	1914,00
2227,53	1799,00
2232,23	1785,00
2236,93	1872,00
2241,63	1807,00
2246,32	1958,00
2251,00	1841,00
2255,68	1813,00
2260,36	1873,00
2265,03	1913,00
2269,70	1952,00
2274,36	1765,00
2279,02	1894,00
2283,68	1804,00
2288,33	1724,00
2292,97	1800,00
2297,61	1828,00
2302,25	1914,00
2306,88	1903,00
2311,51	1591,00
2316,14	1828,00
2320,75	1687,00
2325,37	1793,00
2329,98	1891,00
2334,59	1525,00
2339,19	1749,00
2343,79	1641,00
2348,38	1727,00
2352,97	1729,00
2357,55	1814,00
2362,13	1789,00
2366,71	1771,00
2371,28	1806,00
2375,85	1660,00
2380,41	1847,00
2384,97	1750,00
2389,52	1685,00
2394,07	1790,00
2398,62	1755,00
2403,16	1826,00
2407,70	1614,00
2412,23	1633,00
2416,76	1895,00
2421,29	1704,00
2425,81	1787,00
2430,32	1794,00
2434,84	1631,00
2439,34	1709,00
2443,85	1767,00
2448,35	1645,00
2452,84	1657,00
2457,33	1682,00
2461,82	1568,00
2466,30	1585,00
2470,78	1678,00
2475,25	1620,00
2479,72	1818,00
2484,19	1656,00
2488,65	1653,00
2493,11	1560,00
2497,56	1774,00
2502,01	1644,00
2506,46	1665,00
2510,90	1597,00
2515,34	1717,00
2519,77	1658,00
2524,20	1598,00
2528,62	1564,00
2533,04	1597,00
2537,46	1658,00
2541,87	1494,00
2546,28	1475,00
2550,68	1601,00
2555,08	1549,00
2559,48	1639,00
2563,87	1533,00
2568,26	1383,00
2572,64	1578,00
2577,02	1632,00
2581,40	1482,00
2585,77	1409,00
2590,14	1402,00
2594,50	1580,00
2598,86	1570,00
2603,22	1572,00
2607,57	1706,00
2611,92	1669,00
2616,26	1697,00
2620,60	1649,00
2624,94	1506,00
2629,27	1639,00
2633,60	1632,00
2637,92	1840,00
2642,24	1764,00
2646,56	1671,00
2650,87	1598,00
2655,18	1816,00
2659,48	1769,00
2663,78	1603,00
2668,08	1579,00
2672,37	1701,00
2676,66	1767,00
2680,95	1775,00
2685,23	1747,00
2689,50	1553,00
2693,78	1708,00
2698,05	1621,00
2702,31	1507,00
2706,57	1700,00
2710,83	1813,00
2715,08	1754,00
2719,33	1968,00
2723,58	1773,00
2727,82	1850,00
2732,06	1617,00
2736,29	1909,00
2740,53	1767,00
2744,75	1810,00
2748,97	1807,00
2753,19	1639,00
2757,41	1735,00
2761,62	1683,00
2765,83	1721,00
2770,03	1603,00
2774,23	1630,00
2778,43	1771,00
2782,62	1810,00
2786,81	1771,00
2791,00	1740,00
2795,18	1764,00
2799,35	1763,00
2803,53	1870,00
2807,70	2047,00
2811,86	1794,00
2816,03	2135,00
2820,19	2001,00
2824,34	2227,00
2828,49	2363,00
2832,64	2471,00
2836,78	2589,00
2840,92	2953,00
2845,06	3410,00
2849,19	3774,00
2853,32	3900,00
2857,45	3840,00
2861,57	3848,00
2865,69	3766,00
2869,80	3554,00
2873,91	3696,00
2878,02	4062,00
2882,12	4427,00
2886,22	4216,00
2890,32	4254,00
2894,41	3976,00
2898,50	3637,00
2902,58	3410,00
2906,67	3481,00
2910,74	3287,00
2914,82	3054,00
2918,89	2995,00
2922,96	2678,00
2927,02	2723,00
2931,08	2464,00
2935,13	2395,00
2939,19	2403,00
2943,24	2144,00
2947,28	2249,00
2951,32	2063,00
2955,36	1844,00
2959,40	2068,00
2963,43	1953,00
2967,46	1829,00
2971,48	1682,00
2975,50	1692,00
2979,52	1727,00
2983,53	1699,00
2987,54	1509,00
2991,55	1634,00
2995,55	1519,00
2999,55	1453,00
3003,54	1435,00
3007,54	1574,00
3011,53	1449,00
3015,51	1506,00
3019,49	1585,00
3023,47	1430,00
3027,45	1517,00
3031,42	1299,00
3035,39	1339,00
3039,35	1361,00
3043,31	1478,00
3047,27	1574,00
3051,22	1504,00
3055,17	1216,00
3059,12	1376,00
3063,06	1414,00
3067,00	1275,00
3070,94	1275,00
3074,87	1443,00
3078,80	1290,00
3082,73	1280,00
3086,65	1479,00
3090,57	1295,00
3094,49	1439,00
3098,40	1340,00
3102,31	1301,00
3106,22	1367,00
3110,12	1551,00
3114,02	1365,00
3117,92	1427,00
3121,81	1311,00
3125,70	1456,00
3129,58	1414,00
3133,47	1363,00
3137,34	1393,00
3141,22	1447,00
3145,09	1384,00
3148,96	1370,00
3152,83	1144,00
3156,69	1391,00
3160,55	1031,00
3164,40	1288,00
3168,26	1259,00
3172,10	1470,00
3175,95	1435,00
3179,79	1332,00
3183,63	1310,00
3187,47	1261,00
3191,30	1336,00
3195,13	1374,00
3198,95	1322,00
3202,78	1322,00
3206,60	1256,00
3210,41	1296,00
3214,23	1290,00
3218,03	1233,00
3221,84	1298,00
3225,64	1275,00
3229,44	1180,00
3233,24	1389,00
3237,03	1446,00
3240,82	1177,00
3244,61	1194,00
3248,39	1227,00
3252,17	1232,00
3255,95	1431,00
3259,72	1237,00
3263,49	1651,00
3267,26	1180,00
3271,03	1310,00
3274,79	1257,00
3278,54	1197,00
3282,30	1283,00
3286,05	1336,00
3289,80	1330,00
3293,54	1270,00
3297,29	1378,00
3301,02	1340,00
3304,76	1242,00
3308,49	1400,00
3312,22	1359,00
3315,95	1355,00
3319,67	1190,00
3323,39	1520,00
3327,10	1293,00
3330,82	1348,00
3334,53	1266,00
3338,24	1275,00
3341,94	1335,00
3345,64	1220,00
3349,34	1221,00
3353,03	1347,00
3356,72	1395,00
3360,41	1378,00
3364,10	1249,00
3367,78	1257,00
3371,46	1341,00
3375,13	1390,00
3378,81	1202,00
3382,48	1408,00
3386,14	1262,00
3389,81	1362,00
3393,47	1206,00
3397,12	1355,00
3400,78	1270,00
3404,43	1208,00
3408,08	1304,00
3411,72	1222,00
3415,36	1260,00
3419,00	1247,00
3422,64	1254,00
3426,27	1157,00
3429,90	1173,00
3433,53	1158,00
3437,15	1325,00
3440,77	951,00
3444,39	1210,00
3448,00	1156,00
3451,62	1487,00
3455,22	1133,00
3458,83	1059,00
3462,43	1164,00
3466,03	1133,00
3469,63	1216,00
3473,22	1106,00
3476,81	1216,00
3480,40	1373,00
3483,99	1120,00
3487,57	1309,00
3491,15	1078,00
3494,72	1105,00
3498,29	1152,00
3501,86	1016,00
3505,43	1227,00
3508,99	1273,00
3512,56	1096,00
3516,11	1142,00
3519,67	1104,00
3523,22	1268,00
3526,77	1378,00
3530,32	1226,00
3533,86	1104,00
3537,40	1238,00
3540,94	1282,00
3544,47	1134,00
3548,00	1054,00
3551,53	1346,00
3555,06	989,00
3558,58	1319,00
3562,10	1222,00
3565,62	1174,00
3569,13	1207,00
3572,64	1210,00
3576,15	1092,00
3579,66	1222,00
3583,16	1106,00
3586,66	1117,00
3590,16	1191,00
3593,65	1128,00
3597,14	1023,00
3600,63	1146,00
3604,11	1132,00
3607,60	1177,00
3611,08	1324,00
3614,55	1273,00
3618,03	1046,00
3621,50	1090,00
3624,97	1223,00
3628,43	1360,00
3631,90	1207,00
3635,36	1015,00
3638,81	936,00
3642,27	1089,00
3645,72	1055,00
3649,17	1113,00
3652,61	1244,00
3656,06	1182,00
3659,50	1114,00
3662,93	1036,00
3666,37	1089,00
3669,80	1398,00
3673,23	1168,00
3676,65	1236,00
3680,08	1248,00
3683,50	941,00
3686,92	1104,00
3690,33	1085,00
3693,74	1206,00
3697,15	1055,00
3700,56	1059,00
3703,96	1124,00
3707,36	1063,00
3710,76	1198,00
3714,16	956,00
3717,55	1077,00
3720,94	1199,00
3724,33	1026,00
3727,71	1046,00
3731,10	1051,00
3734,48	987,00
3737,85	925,00
3741,23	1040,00
3744,60	1023,00
3747,97	985,00
3751,33	978,00
3754,69	1120,00
3758,05	957,00
3761,41	1004,00
3764,77	909,00
3768,12	923,00
3771,47	900,00
3774,82	812,00
3778,16	-10,00
3781,50	11,00
3784,84	8,00
3788,18	15,00
