-37534,58	-13,00
-37414,56	0,00
-37295,11	-3,00
-37176,24	-1,00
-37057,95	-204,00
-36940,22	-276,00
-36823,05	-192,00
-36706,45	-279,00
-36590,40	-327,00
-36474,90	-329,00
-36359,95	-369,00
-36245,55	-220,00
-36131,68	-316,00
-36018,35	-429,00
-35905,55	-332,00
-35793,29	-313,00
-35681,54	-479,00
-35570,32	-390,00
-35459,62	-383,00
-35349,43	-301,00
-35239,75	-376,00
-35130,58	-391,00
-35021,91	-251,00
-34913,74	-243,00
-34806,07	-247,00
-34698,89	-280,00
-34592,20	-249,00
-34486,00	-161,00
-34380,28	-272,00
-34275,04	-333,00
-34170,27	-202,00
-34065,98	-145,00
-33962,16	-542,00
-33858,81	-285,00
-33755,92	-255,00
-33653,49	-332,00
-33551,52	-207,00
-33450,01	-302,00
-33348,94	-170,00
-33248,33	-397,00
-33148,16	-405,00
-33048,43	-336,00
-32949,14	-251,00
-32850,29	-362,00
-32751,87	-289,00
-32653,89	-411,00
-32556,33	-471,00
-32459,20	-293,00
-32362,49	-421,00
-32266,19	-337,00
-32170,32	-403,00
-32074,86	-495,00
-31979,82	-179,00
-31885,18	-327,00
-31790,95	-306,00
-31697,12	-291,00
-31603,69	-390,00
-31510,67	-312,00
-31418,04	-193,00
-31325,80	-518,00
-31233,95	-349,00
-31142,49	-338,00
-31051,42	-251,00
-30960,73	-365,00
-30870,43	-294,00
-30780,50	-278,00
-30690,95	-315,00
-30601,77	-277,00
-30512,97	-379,00
-30424,53	-419,00
-30336,46	-375,00
-30248,76	-200,00
-30161,42	-308,00
-30074,44	-237,00
-29987,81	-398,00
-29901,55	-349,00
-29815,63	-292,00
-29730,07	-406,00
-29644,86	-395,00
-29560,00	-245,00
-29475,48	-215,00
-29391,30	-470,00
-29307,47	-395,00
-29223,97	-377,00
-29140,81	-435,00
-29057,99	-132,00
-28975,50	-321,00
-28893,34	-342,00
-28811,51	-429,00
-28730,00	-290,00
-28648,82	-470,00
-28567,97	-261,00
-28487,43	-439,00
-28407,21	-528,00
-28327,32	-477,00
-28247,73	-327,00
-28168,46	-200,00
-28089,50	-287,00
-28010,85	-208,00
-27932,51	-258,00
-27854,48	-425,00
-27776,75	-254,00
-27699,32	-238,00
-27622,19	-357,00
-27545,37	-330,00
-27468,84	-376,00
-27392,60	-346,00
-27316,66	-342,00
-27241,01	-417,00
-27165,66	-346,00
-27090,59	-259,00
-27015,81	-450,00
-26941,31	-386,00
-26867,10	-309,00
-26793,17	-344,00
-26719,52	-337,00
-26646,15	-322,00
-26573,06	-279,00
-26500,24	-381,00
-26427,70	-226,00
-26355,43	-236,00
-26283,43	-217,00
-26211,71	-349,00
-26140,25	-321,00
-26069,06	-492,00
-25998,13	-380,00
-25927,46	-297,00
-25857,06	-421,00
-25786,92	-276,00
-25717,04	-437,00
-25647,42	-407,00
-25578,05	-365,00
-25508,94	-441,00
-25440,09	-352,00
-25371,48	-244,00
-25303,13	-450,00
-25235,02	-208,00
-25167,17	-440,00
-25099,56	-235,00
-25032,19	-239,00
-24965,07	-252,00
-24898,20	-274,00
-24831,56	-267,00
-24765,17	-346,00
-24699,01	-285,00
-24633,10	-296,00
-24567,41	-369,00
-24501,97	-235,00
-24436,75	-328,00
-24371,77	-308,00
-24307,03	-378,00
-24242,51	-258,00
-24178,22	-375,00
-24114,16	-356,00
-24050,32	-387,00
-23986,71	-251,00
-23923,32	-305,00
-23860,16	-264,00
-23797,22	-344,00
-23734,50	-406,00
-23672,00	-380,00
-23609,71	-138,00
-23547,65	-352,00
-23485,80	-488,00
-23424,16	-354,00
-23362,74	-311,00
-23301,53	-123,00
-23240,54	-239,00
-23179,75	-382,00
-23119,17	-322,00
-23058,80	-394,00
-22998,64	-330,00
-22938,68	-393,00
-22878,93	-316,00
-22819,39	-346,00
-22760,04	-299,00
-22700,90	-275,00
-22641,96	-296,00
-22583,22	-402,00
-22524,68	-284,00
-22466,33	-255,00
-22408,19	-439,00
-22350,23	-337,00
-22292,48	-452,00
-22234,92	-388,00
-22177,55	-376,00
-22120,37	-312,00
-22063,38	-292,00
-22006,58	-418,00
-21949,98	-269,00
-21893,56	-363,00
-21837,33	-229,00
-21781,28	-377,00
-21725,42	-265,00
-21669,74	-296,00
-21614,25	-387,00
-21558,94	-346,00
-21503,81	-261,00
-21448,86	-416,00
-21394,10	-369,00
-21339,51	-424,00
-21285,10	-223,00
-21230,86	-298,00
-21176,81	-221,00
-21122,93	-293,00
-21069,22	-189,00
-21015,69	-217,00
-20962,33	-237,00
-20909,14	-374,00
-20856,13	-325,00
-20803,28	-225,00
-20750,61	-185,00
-20698,10	-249,00
-20645,76	-290,00
-20593,59	-308,00
-20541,59	-266,00
-20489,75	-461,00
-20438,07	-294,00
-20386,56	-350,00
-20335,22	-522,00
-20284,03	-231,00
-20233,01	-334,00
-20182,15	-465,00
-20131,45	-409,00
-20080,91	-319,00
-20030,52	-364,00
-19980,30	-458,00
-19930,23	-359,00
-19880,32	-281,00
-19830,56	-308,00
-19780,96	-371,00
-19731,52	-368,00
-19682,23	-524,00
-19633,09	-268,00
-19584,10	-126,00
-19535,26	-130,00
-19486,58	-316,00
-19438,04	-382,00
-19389,66	-384,00
-19341,42	-327,00
-19293,33	-394,00
-19245,39	-190,00
-19197,60	-380,00
-19149,95	-227,00
-19102,45	-292,00
-19055,09	-255,00
-19007,87	-350,00
-18960,80	-294,00
-18913,87	-271,00
-18867,09	-283,00
-18820,44	-420,00
-18773,94	-207,00
-18727,57	-295,00
-18681,35	-359,00
-18635,26	-392,00
-18589,31	-198,00
-18543,50	-266,00
-18497,83	-341,00
-18452,29	-470,00
-18406,89	-404,00
-18361,63	-405,00
-18316,50	-394,00
-18271,50	-142,00
-18226,63	-286,00
-18181,90	-376,00
-18137,30	-276,00
-18092,84	-305,00
-18048,50	-301,00
-18004,29	-370,00
-17960,22	-314,00
-17916,27	-348,00
-17872,45	-94,00
-17828,76	-359,00
-17785,20	-335,00
-17741,77	-330,00
-17698,46	-290,00
-17655,28	-304,00
-17612,22	-347,00
-17569,29	-271,00
-17526,48	-291,00
-17483,79	-355,00
-17441,23	-193,00
-17398,79	-229,00
-17356,48	-363,00
-17314,28	-412,00
-17272,21	-244,00
-17230,26	-214,00
-17188,42	-173,00
-17146,71	-319,00
-17105,12	-187,00
-17063,64	-292,00
-17022,28	-343,00
-16981,04	-317,00
-16939,92	-291,00
-16898,91	-380,00
-16858,02	-183,00
-16817,25	-243,00
-16776,59	-406,00
-16736,04	-294,00
-16695,61	-262,00
-16655,29	-287,00
-16615,09	-268,00
-16574,99	-286,00
-16535,01	-301,00
-16495,15	-382,00
-16455,39	-182,00
-16415,74	-353,00
-16376,21	-374,00
-16336,78	-113,00
-16297,46	-266,00
-16258,26	-335,00
-16219,16	-363,00
-16180,17	-307,00
-16141,28	-389,00
-16102,51	-275,00
-16063,84	-383,00
-16025,27	-301,00
-15986,82	-299,00
-15948,46	-338,00
-15910,22	-316,00
-15872,07	-359,00
-15834,04	-170,00
-15796,10	-349,00
-15758,27	-414,00
-15720,54	-285,00
-15682,91	-313,00
-15645,39	-333,00
-15607,97	-284,00
-15570,64	-340,00
-15533,42	-407,00
-15496,30	-369,00
-15459,28	-399,00
-15422,36	-285,00
-15385,54	-318,00
-15348,82	-263,00
-15312,19	-367,00
-15275,66	-334,00
-15239,23	-213,00
-15202,90	-313,00
-15166,67	-382,00
-15130,53	-226,00
-15094,48	-304,00
-15058,54	-331,00
-15022,68	-136,00
-14986,93	-260,00
-14951,26	-337,00
-14915,69	-302,00
-14880,22	-392,00
-14844,84	-234,00
-14809,55	-154,00
-14774,35	-487,00
-14739,25	-251,00
-14704,24	-309,00
-14669,32	-209,00
-14634,49	-225,00
-14599,75	-28,00
-14565,10	-349,00
-14530,55	-445,00
-14496,08	-286,00
-14461,70	-381,00
-14427,41	-342,00
-14393,21	-265,00
-14359,10	-248,00
-14325,07	-400,00
-14291,14	-351,00
-14257,29	-377,00
-14223,52	-413,00
-14189,85	-211,00
-14156,26	-405,00
-14122,76	-239,00
-14089,34	-342,00
-14056,01	-315,00
-14022,76	-436,00
-13989,60	-151,00
-13956,52	-347,00
-13923,53	-236,00
-13890,62	-403,00
-13857,79	-368,00
-13825,05	-364,00
-13792,39	-233,00
-13759,81	-490,00
-13727,31	-405,00
-13694,90	-305,00
-13662,57	-325,00
-13630,31	-526,00
-13598,14	-339,00
-13566,05	-467,00
-13534,05	-332,00
-13502,12	-285,00
-13470,27	-400,00
-13438,50	-378,00
-13406,80	-396,00
-13375,19	-170,00
-13343,66	-368,00
-13312,20	-251,00
-13280,83	-334,00
-13249,53	-281,00
-13218,30	-439,00
-13187,16	-149,00
-13156,09	-275,00
-13125,10	-329,00
-13094,18	-194,00
-13063,34	-257,00
-13032,58	-346,00
-13001,89	-330,00
-12971,28	-78,00
-12940,74	-330,00
-12910,27	-359,00
-12879,88	-275,00
-12849,57	-416,00
-12819,33	-302,00
-12789,16	-350,00
-12759,06	-252,00
-12729,04	-350,00
-12699,09	-2628,00
-12669,21	-320,00
-12639,41	-443,00
-12609,68	-205,00
-12580,02	-422,00
-12550,43	-355,00
-12520,91	-293,00
-12491,46	-73,00
-12462,08	-409,00
-12432,77	-340,00
-12403,54	-369,00
-12374,37	-171,00
-12345,27	-345,00
-12316,24	-175,00
-12287,29	-560,00
-12258,40	-258,00
-12229,57	-338,00
-12200,82	-341,00
-12172,14	-341,00
-12143,52	-302,00
-12114,97	-343,00
-12086,49	-340,00
-12058,07	-346,00
-12029,73	-283,00
-12001,44	-332,00
-11973,23	-172,00
-11945,08	-261,00
-11917,00	-215,00
-11888,98	-224,00
-11861,03	-110,00
-11833,15	-153,00
-11805,32	-401,00
-11777,57	-233,00
-11749,88	-387,00
-11722,25	-352,00
-11694,69	-347,00
-11667,19	-165,00
-11639,75	-397,00
-11612,38	-437,00
-11585,07	-293,00
-11557,83	-306,00
-11530,65	-255,00
-11503,53	-334,00
-11476,47	-318,00
-11449,48	-329,00
-11422,54	-198,00
-11395,67	-303,00
-11368,86	-404,00
-11342,11	-212,00
-11315,43	-355,00
-11288,80	-261,00
-11262,23	-182,00
-11235,73	-259,00
-11209,28	-272,00
-11182,90	-182,00
-11156,57	-266,00
-11130,31	-213,00
-11104,10	-242,00
-11077,96	-276,00
-11051,87	-298,00
-11025,84	-410,00
-10999,87	-405,00
-10973,96	-298,00
-10948,11	-392,00
-10922,31	-258,00
-10896,58	-409,00
-10870,90	-431,00
-10845,28	-288,00
-10819,71	-417,00
-10794,20	-302,00
-10768,75	-222,00
-10743,36	-294,00
-10718,02	-156,00
-10692,74	-188,00
-10667,52	-299,00
-10642,35	-364,00
-10617,24	-148,00
-10592,18	-424,00
-10567,18	-225,00
-10542,23	-311,00
-10517,34	-263,00
-10492,51	-247,00
-10467,72	-323,00
-10443,00	-186,00
-10418,32	-246,00
-10393,70	-351,00
-10369,14	-282,00
-10344,63	-415,00
-10320,17	-415,00
-10295,77	-363,00
-10271,42	-339,00
-10247,12	-265,00
-10222,88	-459,00
-10198,68	-37,00
-10174,54	-262,00
-10150,46	-361,00
-10126,42	-360,00
-10102,44	-192,00
-10078,51	-455,00
-10054,63	-338,00
-10030,80	-342,00
-10007,03	-446,00
-9983,30	-220,00
-9959,63	-364,00
-9936,01	-131,00
-9912,44	-333,00
-9888,92	-383,00
-9865,44	-302,00
-9842,02	-280,00
-9818,65	-228,00
-9795,33	-221,00
-9772,06	-229,00
-9748,84	-346,00
-9725,67	-348,00
-9702,55	-362,00
-9679,47	-362,00
-9656,45	-320,00
-9633,47	-235,00
-9610,55	-127,00
-9587,67	-266,00
-9564,84	-169,00
-9542,06	-292,00
-9519,32	-303,00
-9496,64	-255,00
-9474,00	-363,00
-9451,41	-475,00
-9428,87	-133,00
-9406,37	-192,00
-9383,92	-317,00
-9361,52	-218,00
-9339,17	-354,00
-9316,86	-419,00
-9294,60	-191,00
-9272,38	-171,00
-9250,21	-335,00
-9228,09	-90,00
-9206,01	-120,00
-9183,98	-57,00
-9162,00	-243,00
-9140,06	-120,00
-9118,16	-178,00
-9096,31	-85,00
-9074,51	-156,00
-9052,75	-31,00
-9031,04	-5,00
-9009,37	-149,00
-8987,74	-169,00
-8966,16	-255,00
-8944,63	-334,00
-8923,14	-120,00
-8901,69	-321,00
-8880,29	-295,00
-8858,93	-155,00
-8837,61	-62,00
-8816,34	-12,00
-8795,11	-168,00
-8773,92	-102,00
-8752,78	-192,00
-8731,68	-116,00
-8710,62	-358,00
-8689,61	-265,00
-8668,63	-193,00
-8647,70	-266,00
-8626,82	-198,00
-8605,97	-166,00
-8585,17	-117,00
-8564,41	-229,00
-8543,69	-53,00
-8523,01	-264,00
-8502,37	-302,00
-8481,78	-80,00
-8461,23	-73,00
-8440,71	-195,00
-8420,24	-172,00
-8399,81	-204,00
-8379,42	-213,00
-8359,08	-96,00
-8338,77	-235,00
-8318,50	-158,00
-8298,27	-239,00
-8278,09	-89,00
-8257,94	-147,00
-8237,83	-84,00
-8217,76	-211,00
-8197,74	-8,00
-8177,75	-195,00
-8157,80	-201,00
-8137,89	-131,00
-8118,02	-123,00
-8098,19	-473,00
-8078,40	-215,00
-8058,65	-267,00
-8038,93	-85,00
-8019,26	-99,00
-7999,62	-193,00
-7980,02	-100,00
-7960,46	-167,00
-7940,94	-264,00
-7921,46	-137,00
-7902,01	16,00
-7882,60	-150,00
-7863,23	-147,00
-7843,90	-154,00
-7824,61	48,00
-7805,35	-295,00
-7786,13	-249,00
-7766,95	-254,00
-7747,80	-300,00
-7728,69	-189,00
-7709,62	-104,00
-7690,59	-185,00
-7671,59	-284,00
-7652,63	-264,00
-7633,70	-66,00
-7614,81	-201,00
-7595,96	-134,00
-7577,15	-330,00
-7558,37	1,00
-7539,62	-147,00
-7520,91	-87,00
-7502,24	-317,00
-7483,60	-154,00
-7465,00	-5,00
-7446,44	-91,00
-7427,91	-172,00
-7409,41	5,00
-7390,95	-362,00
-7372,53	-380,00
-7354,14	-130,00
-7335,78	-84,00
-7317,46	-293,00
-7299,18	-239,00
-7280,92	-233,00
-7262,71	-312,00
-7244,52	-150,00
-7226,38	-183,00
-7208,26	-331,00
-7190,18	-5,00
-7172,14	-51,00
-7154,12	-222,00
-7136,15	-241,00
-7118,20	-231,00
-7100,29	-21,00
-7082,41	-51,00
-7064,57	-251,00
-7046,76	-124,00
-7028,98	-307,00
-7011,24	-346,00
-6993,53	-171,00
-6975,85	-265,00
-6958,20	-208,00
-6940,59	-208,00
-6923,01	-219,00
-6905,46	-526,00
-6887,94	17,00
-6870,46	-440,00
-6853,01	-314,00
-6835,59	-189,00
-6818,21	-206,00
-6800,85	-481,00
-6783,53	-388,00
-6766,24	-507,00
-6748,98	-356,00
-6731,76	-241,00
-6714,56	-331,00
-6697,40	-233,00
-6680,26	-165,00
-6663,16	-252,00
-6646,09	-245,00
-6629,05	-210,00
-6612,05	-159,00
-6595,07	-162,00
-6578,13	-308,00
-6561,21	-232,00
-6544,33	-296,00
-6527,47	-307,00
-6510,65	-394,00
-6493,86	-204,00
-6477,10	-401,00
-6460,36	-202,00
-6443,66	-197,00
-6426,99	-211,00
-6410,35	-357,00
-6393,74	-342,00
-6377,16	-297,00
-6360,61	-270,00
-6344,09	-217,00
-6327,59	-259,00
-6311,13	-288,00
-6294,70	-190,00
-6278,29	-220,00
-6261,92	-217,00
-6245,58	-258,00
-6229,26	-238,00
-6212,97	-468,00
-6196,72	-352,00
-6180,49	-357,00
-6164,29	-291,00
-6148,12	-283,00
-6131,98	-402,00
-6115,86	-337,00
-6099,78	-317,00
-6083,72	-164,00
-6067,69	-292,00
-6051,69	-215,00
-6035,72	-195,00
-6019,78	-361,00
-6003,87	-318,00
-5987,98	-271,00
-5972,12	-337,00
-5956,29	-367,00
-5940,49	-89,00
-5924,71	-255,00
-5908,96	-264,00
-5893,24	-241,00
-5877,55	-306,00
-5861,89	-226,00
-5846,25	-154,00
-5830,64	-344,00
-5815,05	-354,00
-5799,50	-349,00
-5783,97	-399,00
-5768,47	-332,00
-5752,99	-394,00
-5737,55	-299,00
-5722,12	-369,00
-5706,73	-173,00
-5691,36	-270,00
-5676,02	-243,00
-5660,71	-335,00
-5645,42	-170,00
-5630,16	-399,00
-5614,92	-293,00
-5599,71	-273,00
-5584,53	-227,00
-5569,37	-153,00
-5554,24	1191,00
-5539,14	-210,00
-5524,06	-235,00
-5509,01	-179,00
-5493,98	-336,00
-5478,98	-147,00
-5464,00	-380,00
-5449,05	-254,00
-5434,13	-363,00
-5419,23	-346,00
-5404,36	-221,00
-5389,51	-125,00
-5374,69	-25,00
-5359,89	-218,00
-5345,12	-290,00
-5330,37	-278,00
-5315,65	-227,00
-5300,95	-264,00
-5286,28	-313,00
-5271,63	-302,00
-5257,01	-196,00
-5242,41	-290,00
-5227,84	-191,00
-5213,29	-271,00
-5198,76	-240,00
-5184,26	-310,00
-5169,79	-268,00
-5155,33	-190,00
-5140,91	-136,00
-5126,51	-307,00
-5112,13	-247,00
-5097,77	-139,00
-5083,44	-236,00
-5069,13	-241,00
-5054,85	-519,00
-5040,59	-317,00
-5026,36	-369,00
-5012,15	-225,00
-4997,96	-327,00
-4983,80	-272,00
-4969,66	-205,00
-4955,54	-191,00
-4941,44	-265,00
-4927,37	-206,00
-4913,33	-283,00
-4899,30	-138,00
-4885,30	-326,00
-4871,33	-140,00
-4857,37	-282,00
-4843,44	-306,00
-4829,53	-223,00
-4815,65	-357,00
-4801,79	-231,00
-4787,95	-179,00
-4774,13	-308,00
-4760,34	-209,00
-4746,56	-419,00
-4732,82	-87,00
-4719,09	-274,00
-4705,38	-182,00
-4691,70	-258,00
-4678,04	-316,00
-4664,41	-301,00
-4650,79	-221,00
-4637,20	-116,00
-4623,63	-253,00
-4610,08	-148,00
-4596,56	-201,00
-4583,05	-262,00
-4569,57	-242,00
-4556,11	-378,00
-4542,67	-215,00
-4529,25	-237,00
-4515,86	-232,00
-4502,49	-142,00
-4489,13	-124,00
-4475,80	-382,00
-4462,49	-306,00
-4449,21	-326,00
-4435,94	-317,00
-4422,70	-284,00
-4409,47	-231,00
-4396,27	-413,00
-4383,09	-428,00
-4369,93	-229,00
-4356,79	-225,00
-4343,67	-324,00
-4330,58	-229,00
-4317,50	-152,00
-4304,45	-271,00
-4291,41	-303,00
-4278,40	-161,00
-4265,41	-223,00
-4252,44	-231,00
-4239,49	-202,00
-4226,55	-205,00
-4213,65	-120,00
-4200,76	-459,00
-4187,89	-439,00
-4175,04	-341,00
-4162,21	-251,00
-4149,40	-300,00
-4136,61	-307,00
-4123,85	-428,00
-4111,10	-244,00
-4098,37	-434,00
-4085,66	-161,00
-4072,98	-227,00
-4060,31	-145,00
-4047,66	-374,00
-4035,04	-296,00
-4022,43	-289,00
-4009,84	-198,00
-3997,27	-334,00
-3984,72	-351,00
-3972,19	-315,00
-3959,69	-282,00
-3947,20	-272,00
-3934,73	-310,00
-3922,27	-65,00
-3909,84	-425,00
-3897,43	-196,00
-3885,04	-399,00
-3872,67	-276,00
-3860,31	-464,00
-3847,98	-344,00
-3835,66	-345,00
-3823,36	-257,00
-3811,09	-223,00
-3798,83	-371,00
-3786,59	-316,00
-3774,37	-333,00
-3762,17	-244,00
-3749,98	-362,00
-3737,82	-307,00
-3725,67	-386,00
-3713,55	-344,00
-3701,44	-447,00
-3689,35	-292,00
-3677,28	-375,00
-3665,22	-359,00
-3653,19	-214,00
-3641,17	-158,00
-3629,18	-455,00
-3617,20	-299,00
-3605,24	-374,00
-3593,30	-226,00
-3581,37	-447,00
-3569,47	-343,00
-3557,58	-340,00
-3545,71	-284,00
-3533,86	-297,00
-3522,02	-84,00
-3510,21	-334,00
-3498,41	-410,00
-3486,63	-330,00
-3474,87	-376,00
-3463,12	-375,00
-3451,40	-239,00
-3439,69	-207,00
-3428,00	-440,00
-3416,33	-407,00
-3404,67	-291,00
-3393,03	-415,00
-3381,41	-423,00
-3369,81	-298,00
-3358,22	-331,00
-3346,66	-344,00
-3335,10	-283,00
-3323,57	-253,00
-3312,06	-384,00
-3300,56	-272,00
-3289,08	-360,00
-3277,61	-230,00
-3266,16	-422,00
-3254,73	-337,00
-3243,32	-360,00
-3231,92	-246,00
-3220,55	-287,00
-3209,18	-282,00
-3197,84	-308,00
-3186,51	-412,00
-3175,20	-347,00
-3163,90	-290,00
-3152,63	-366,00
-3141,36	-315,00
-3130,12	-361,00
-3118,89	-355,00
-3107,68	-378,00
-3096,49	-272,00
-3085,31	-249,00
-3074,15	-308,00
-3063,00	-318,00
-3051,87	-372,00
-3040,76	-311,00
-3029,67	-513,00
-3018,59	-360,00
-3007,52	-305,00
-2996,48	-169,00
-2985,44	-247,00
-2974,43	-474,00
-2963,43	-433,00
-2952,45	-368,00
-2941,48	-310,00
-2930,53	-415,00
-2919,60	-393,00
-2908,68	-343,00
-2897,78	-414,00
-2886,89	-399,00
-2876,02	-340,00
-2865,17	-251,00
-2854,33	-395,00
-2843,50	-540,00
-2832,70	-217,00
-2821,90	-150,00
-2811,13	-337,00
-2800,37	-264,00
-2789,62	-271,00
-2778,89	-333,00
-2768,18	-256,00
-2757,48	-303,00
-2746,80	-260,00
-2736,13	-388,00
-2725,48	-203,00
-2714,84	-279,00
-2704,22	-414,00
-2693,61	-298,00
-2683,02	-179,00
-2672,45	-480,00
-2661,89	-385,00
-2651,34	-251,00
-2640,81	-359,00
-2630,30	-345,00
-2619,80	-240,00
-2609,31	-364,00
-2598,84	-178,00
-2588,39	-276,00
-2577,95	-380,00
-2567,52	-389,00
-2557,11	-214,00
-2546,71	-270,00
-2536,33	-200,00
-2525,97	-85,00
-2515,62	-313,00
-2505,28	-446,00
-2494,96	-274,00
-2484,65	-128,00
-2474,36	-341,00
-2464,08	-384,00
-2453,82	-445,00
-2443,57	-465,00
-2433,33	-301,00
-2423,11	-310,00
-2412,91	-283,00
-2402,72	-199,00
-2392,54	-368,00
-2382,38	-371,00
-2372,23	-282,00
-2362,09	-5040,00
-2351,97	-404,00
-2341,87	-302,00
-2331,78	-210,00
-2321,70	-329,00
-2311,64	-339,00
-2301,59	-358,00
-2291,55	-242,00
-2281,53	-292,00
-2271,53	-307,00
-2261,53	-391,00
-2251,55	-357,00
-2241,59	-269,00
-2231,64	-188,00
-2221,70	-365,00
-2211,78	-332,00
-2201,87	-422,00
-2191,97	-294,00
-2182,09	-121,00
-2172,22	-171,00
-2162,37	-382,00
-2152,53	-563,00
-2142,70	-430,00
-2132,89	-170,00
-2123,09	-199,00
-2113,30	-374,00
-2103,53	-434,00
-2093,77	-300,00
-2084,02	-322,00
-2074,29	-352,00
-2064,57	-400,00
-2054,86	-387,00
-2045,17	-286,00
-2035,49	-264,00
-2025,82	-529,00
-2016,17	-407,00
-2006,53	-349,00
-1996,91	-185,00
-1987,29	-461,00
-1977,69	-340,00
-1968,11	-220,00
-1958,53	-439,00
-1948,97	-274,00
-1939,42	-371,00
-1929,89	-223,00
-1920,37	-369,00
-1910,86	-178,00
-1901,36	-246,00
-1891,88	-371,00
-1882,41	-361,00
-1872,95	-198,00
-1863,51	-366,00
-1854,08	-365,00
-1844,66	-334,00
-1835,26	-315,00
-1825,86	-308,00
-1816,48	-312,00
-1807,11	-228,00
-1797,76	-364,00
-1788,42	-285,00
-1779,09	-196,00
-1769,77	-301,00
-1760,47	-425,00
-1751,17	-371,00
-1741,89	-239,00
-1732,63	-319,00
-1723,37	-375,00
-1714,13	-292,00
-1704,90	-259,00
-1695,68	-350,00
-1686,48	-355,00
-1677,29	-151,00
-1668,11	-246,00
-1658,94	-340,00
-1649,78	-247,00
-1640,64	-404,00
-1631,51	-433,00
-1622,39	-314,00
-1613,28	-342,00
-1604,19	-277,00
-1595,10	-214,00
-1586,03	-395,00
-1576,97	-269,00
-1567,93	-148,00
-1558,89	-212,00
-1549,87	-391,00
-1540,86	-309,00
-1531,86	-320,00
-1522,87	-395,00
-1513,90	-317,00
-1504,93	-297,00
-1495,98	-296,00
-1487,04	-366,00
-1478,12	-456,00
-1469,20	-316,00
-1460,30	-429,00
-1451,40	-461,00
-1442,52	-399,00
-1433,65	-435,00
-1424,80	-285,00
-1415,95	-329,00
-1407,12	-421,00
-1398,30	-279,00
-1389,48	-296,00
-1380,69	-114,00
-1371,90	-154,00
-1363,12	-224,00
-1354,36	-198,00
-1345,60	-243,00
-1336,86	-326,00
-1328,13	-486,00
-1319,41	-515,00
-1310,70	-387,00
-1302,01	-229,00
-1293,32	-287,00
-1284,65	-261,00
-1275,99	-354,00
-1267,33	-214,00
-1258,69	-295,00
-1250,06	-256,00
-1241,45	-371,00
-1232,84	-382,00
-1224,25	-245,00
-1215,66	-256,00
-1207,09	-309,00
-1198,53	-220,00
-1189,97	-286,00
-1181,43	-260,00
-1172,91	-282,00
-1164,39	-315,00
-1155,88	-307,00
-1147,38	-219,00
-1138,90	-399,00
-1130,43	-421,00
-1121,96	-208,00
-1113,51	-359,00
-1105,07	-377,00
-1096,64	-413,00
-1088,22	-429,00
-1079,81	-461,00
-1071,41	-266,00
-1063,02	-179,00
-1054,65	-312,00
-1046,28	-379,00
-1037,92	-271,00
-1029,58	-308,00
-1021,24	-359,00
-1012,92	-404,00
-1004,61	-389,00
-996,30	133,00
-988,01	-350,00
-979,73	-279,00
-971,46	-446,00
-963,20	-227,00
-954,95	-233,00
-946,71	-312,00
-938,48	-303,00
-930,26	-297,00
-922,06	-284,00
-913,86	-326,00
-905,67	-297,00
-897,49	-286,00
-889,33	-209,00
-881,17	-401,00
-873,02	-366,00
-864,89	-340,00
-856,76	-266,00
-848,65	-287,00
-840,54	-346,00
-832,45	-185,00
-824,36	-161,00
-816,29	-267,00
-808,22	-268,00
-800,17	-245,00
-792,12	-507,00
-784,09	-349,00
-776,06	-208,00
-768,05	-205,00
-760,04	-284,00
-752,05	-179,00
-744,07	-521,00
-736,09	-343,00
-728,13	-241,00
-720,17	-331,00
-712,23	-406,00
-704,29	-249,00
-696,37	-224,00
-688,45	-247,00
-680,55	-318,00
-672,65	-237,00
-664,77	-382,00
-656,89	-444,00
-649,03	-331,00
-641,17	-301,00
-633,32	-342,00
-625,49	-215,00
-617,66	-401,00
-609,84	-258,00
-602,03	-306,00
-594,23	-310,00
-586,45	-306,00
-578,67	-216,00
-570,90	-306,00
-563,14	-154,00
-555,39	-283,00
-547,65	-320,00
-539,91	-442,00
-532,19	-315,00
-524,48	-245,00
-516,78	-396,00
-509,08	-157,00
-501,40	-495,00
-493,72	-258,00
-486,06	-245,00
-478,40	-391,00
-470,76	-265,00
-463,12	-291,00
-455,49	-362,00
-447,87	-230,00
-440,26	-217,00
-432,66	-301,00
-425,07	-352,00
-417,49	-278,00
-409,92	-352,00
-402,35	-140,00
-394,80	-254,00
-387,25	-274,00
-379,72	-251,00
-372,19	-249,00
-364,67	-235,00
-357,17	-208,00
-349,67	-323,00
-342,18	-274,00
-334,69	-256,00
-327,22	-320,00
-319,76	-305,00
-312,30	-303,00
-304,86	-281,00
-297,42	-134,00
-290,00	-306,00
-282,58	-217,00
-275,17	-253,00
-267,77	-362,00
-260,37	-167,00
-252,99	-116,00
-245,62	-136,00
-238,25	-6,00
-230,90	-92,00
-223,55	-67,00
-216,21	-217,00
-208,88	-159,00
-201,56	-57,00
-194,25	-2,00
-186,94	117,00
-179,65	-3,00
-172,36	101,00
-165,08	88,00
-157,81	97,00
-150,55	320,00
-143,30	96,00
-136,06	305,00
-128,82	362,00
-121,60	354,00
-114,38	572,00
-107,17	587,00
-99,97	625,00
-92,78	766,00
-85,60	1131,00
-78,42	1345,00
-71,25	1330,00
-64,10	1790,00
-56,95	2122,00
-49,81	2458,00
-42,67	3165,00
-35,55	4081,00
-28,43	5421,00
-21,33	9704,00
-14,23	32427,00
-7,14	50179,00
-0,05	49721,00
7,02	49075,00
14,09	49817,00
21,14	27449,00
28,19	11789,00
35,23	7127,00
42,27	5201,00
49,29	4274,00
56,31	3554,00
63,32	2723,00
70,32	2418,00
77,31	2088,00
84,29	1764,00
91,27	1334,00
98,23	1333,00
105,19	1253,00
112,14	1193,00
119,09	2216,00
126,02	3775,00
132,95	4748,00
139,87	4640,00
146,78	4473,00
153,68	4717,00
160,58	4314,00
167,46	4116,00
174,34	4079,00
181,21	3984,00
188,08	3935,00
194,93	3807,00
201,78	4067,00
208,62	3942,00
215,45	4108,00
222,27	4368,00
229,09	4055,00
235,90	4167,00
242,70	4224,00
249,49	4052,00
256,27	4042,00
263,05	3853,00
269,82	3580,00
276,58	3565,00
283,33	3361,00
290,08	3189,00
296,82	2953,00
303,55	3044,00
310,27	3054,00
316,98	2854,00
323,69	2847,00
330,39	2637,00
337,08	2900,00
343,76	2693,00
350,44	2758,00
357,11	2620,00
363,77	2843,00
370,42	2614,00
377,07	2707,00
383,71	2719,00
390,34	2635,00
396,96	2623,00
403,58	2611,00
410,19	2657,00
416,79	2380,00
423,38	2512,00
429,97	2632,00
436,55	2521,00
443,12	2388,00
449,68	2216,00
456,24	2265,00
462,79	2304,00
469,33	2196,00
475,86	2098,00
482,39	2105,00
488,91	2026,00
495,42	2205,00
501,93	2124,00
508,42	2072,00
514,91	1958,00
521,40	2046,00
527,87	2207,00
534,34	2148,00
540,80	1986,00
547,25	2077,00
553,70	1861,00
560,14	2058,00
566,57	2006,00
573,00	1996,00
579,41	1759,00
585,83	1896,00
592,23	1827,00
598,62	2000,00
605,01	1898,00
611,40	1765,00
617,77	1959,00
624,14	1865,00
630,50	1945,00
636,85	2014,00
643,20	1853,00
649,54	1843,00
655,87	1953,00
662,20	1877,00
668,52	1704,00
674,83	1804,00
681,13	1850,00
687,43	1735,00
693,72	1782,00
700,00	1730,00
706,28	1793,00
712,55	1892,00
718,81	1721,00
725,07	1804,00
731,32	1853,00
737,56	1809,00
743,79	1684,00
750,02	1861,00
756,24	1797,00
762,46	1851,00
768,67	1898,00
774,87	1792,00
781,06	1828,00
787,25	1856,00
793,43	1816,00
799,60	1740,00
805,77	1541,00
811,93	1771,00
818,08	1825,00
824,23	1701,00
830,37	1574,00
836,50	1816,00
842,63	1762,00
848,75	1886,00
854,87	1545,00
860,97	1875,00
867,07	1661,00
873,17	1832,00
879,25	1654,00
885,33	1763,00
891,41	1934,00
897,47	1742,00
903,53	1856,00
909,59	1796,00
915,63	1724,00
921,67	1843,00
927,71	1817,00
933,74	1845,00
939,76	1770,00
945,77	1688,00
951,78	1650,00
957,78	1727,00
963,78	1834,00
969,77	1677,00
975,75	1651,00
981,72	1757,00
987,69	1224,00
993,66	1659,00
999,61	1771,00
1005,56	1747,00
1011,51	1653,00
1017,44	1903,00
1023,37	1783,00
1029,30	1764,00
1035,22	1684,00
1041,13	1902,00
1047,03	1861,00
1052,93	2248,00
1058,83	2639,00
1064,71	2889,00
1070,59	2556,00
1076,47	2328,00
1082,33	2020,00
1088,20	2069,00
1094,05	1951,00
1099,90	1936,00
1105,74	1833,00
1111,58	2090,00
1117,41	2300,00
1123,23	2748,00
1129,05	3262,00
1134,86	2663,00
1140,67	2180,00
1146,47	1705,00
1152,26	1729,00
1158,05	1662,00
1163,83	1531,00
1169,60	1836,00
1175,37	1794,00
1181,13	1507,00
1186,89	1289,00
1192,64	1459,00
1198,38	1467,00
1204,12	1525,00
1209,85	1427,00
1215,58	1553,00
1221,30	1489,00
1227,02	1497,00
1232,72	1498,00
1238,43	1555,00
1244,12	1419,00
1249,81	1673,00
1255,50	1755,00
1261,17	1653,00
1266,85	1656,00
1272,51	1945,00
1278,17	1783,00
1283,83	2162,00
1289,47	2861,00
1295,12	3733,00
1300,75	3544,00
1306,38	2780,00
1312,01	2285,00
1317,63	2123,00
1323,24	2050,00
1328,85	1947,00
1334,45	1958,00
1340,04	2155,00
1345,63	2240,00
1351,22	2182,00
1356,80	2124,00
1362,37	2336,00
1367,93	2359,00
1373,49	2376,00
1379,05	2377,00
1384,60	2289,00
1390,14	2171,00
1395,68	2390,00
1401,21	2177,00
1406,74	2460,00
1412,26	2625,00
1417,77	2633,00
1423,28	3094,00
1428,78	2991,00
1434,28	3500,00
1439,77	3972,00
1445,26	3920,00
1450,74	3514,00
1456,22	3484,00
1461,68	3212,00
1467,15	3090,00
1472,61	2738,00
1478,06	2316,00
1483,51	2053,00
1488,95	1983,00
1494,38	1818,00
1499,81	1686,00
1505,24	1810,00
1510,65	1528,00
1516,07	1674,00
1521,48	1650,00
1526,88	1674,00
1532,27	1557,00
1537,67	1461,00
1543,05	1543,00
1548,43	1488,00
1553,81	1438,00
1559,18	1567,00
1564,54	1490,00
1569,90	1341,00
1575,25	1485,00
1580,60	1600,00
1585,94	1411,00
1591,28	1413,00
1596,61	1308,00
1601,93	1369,00
1607,25	1223,00
1612,57	1322,00
1617,88	1311,00
1623,18	1442,00
1628,48	1402,00
1633,77	1362,00
1639,06	1261,00
1644,34	1279,00
1649,62	1140,00
1654,89	1261,00
1660,16	1101,00
1665,42	1004,00
1670,67	1313,00
1675,92	1112,00
1681,17	1146,00
1686,41	1002,00
1691,64	1199,00
1696,87	1150,00
1702,10	993,00
1707,32	1010,00
1712,53	1225,00
1717,74	980,00
1722,94	1163,00
1728,14	932,00
1733,33	939,00
1738,52	821,00
1743,70	1064,00
1748,88	925,00
1754,05	993,00
1759,22	969,00
1764,38	1929,00
1769,53	822,00
1774,69	755,00
1779,83	954,00
1784,97	851,00
1790,11	819,00
1795,24	974,00
1800,36	634,00
1805,48	981,00
1810,60	885,00
1815,71	858,00
1820,82	936,00
1825,92	956,00
1831,01	847,00
1836,10	907,00
1841,19	974,00
1846,26	917,00
1851,34	1019,00
1856,41	933,00
1861,47	801,00
1866,53	772,00
1871,59	724,00
1876,64	779,00
1881,68	895,00
1886,72	677,00
1891,76	812,00
1896,79	792,00
1901,81	756,00
1906,83	800,00
1911,85	777,00
1916,86	702,00
1921,86	766,00
1926,86	552,00
1931,86	610,00
1936,85	624,00
1941,83	615,00
1946,81	603,00
1951,79	708,00
1956,76	534,00
1961,72	642,00
1966,68	511,00
1971,64	742,00
1976,59	600,00
1981,54	566,00
1986,48	426,00
1991,42	541,00
1996,35	429,00
2001,27	509,00
2006,20	622,00
2011,11	529,00
2016,03	541,00
2020,93	614,00
2025,84	514,00
2030,73	472,00
2035,63	437,00
2040,52	434,00
2045,40	438,00
2050,28	529,00
2055,15	498,00
2060,02	428,00
2064,89	384,00
2069,75	447,00
2074,60	428,00
2079,46	467,00
2084,30	392,00
2089,14	430,00
2093,98	416,00
2098,81	501,00
2103,64	409,00
2108,46	249,00
2113,28	396,00
2118,09	453,00
2122,90	341,00
2127,70	536,00
2132,50	280,00
2137,30	577,00
2142,09	526,00
2146,87	424,00
2151,66	350,00
2156,43	312,00
2161,20	402,00
2165,97	527,00
2170,73	267,00
2175,49	335,00
2180,24	456,00
2184,99	463,00
2189,74	233,00
2194,48	283,00
2199,21	431,00
2203,94	485,00
2208,67	420,00
2213,39	243,00
2218,11	273,00
2222,82	215,00
2227,53	376,00
2232,23	321,00
2236,93	271,00
2241,63	248,00
2246,32	299,00
2251,00	263,00
2255,68	86,00
2260,36	122,00
2265,03	234,00
2269,70	249,00
2274,36	442,00
2279,02	222,00
2283,68	214,00
2288,33	307,00
2292,97	328,00
2297,61	176,00
2302,25	286,00
2306,88	380,00
2311,51	222,00
2316,14	256,00
2320,75	321,00
2325,37	241,00
2329,98	266,00
2334,59	340,00
2339,19	256,00
2343,79	127,00
2348,38	260,00
2352,97	269,00
2357,55	121,00
2362,13	126,00
2366,71	273,00
2371,28	191,00
2375,85	219,00
2380,41	333,00
2384,97	156,00
2389,52	133,00
2394,07	93,00
2398,62	185,00
2403,16	147,00
2407,70	114,00
2412,23	339,00
2416,76	242,00
2421,29	132,00
2425,81	176,00
2430,32	-21,00
2434,84	48,00
2439,34	81,00
2443,85	41,00
2448,35	247,00
2452,84	52,00
2457,33	55,00
2461,82	120,00
2466,30	172,00
2470,78	154,00
2475,25	102,00
2479,72	190,00
2484,19	163,00
2488,65	171,00
2493,11	174,00
2497,56	300,00
2502,01	94,00
2506,46	121,00
2510,90	78,00
2515,34	178,00
2519,77	96,00
2524,20	137,00
2528,62	124,00
2533,04	234,00
2537,46	-1,00
2541,87	104,00
2546,28	160,00
2550,68	289,00
2555,08	-68,00
2559,48	229,00
2563,87	-30,00
2568,26	157,00
2572,64	38,00
2577,02	57,00
2581,40	236,00
2585,77	147,00
2590,14	61,00
2594,50	178,00
2598,86	253,00
2603,22	182,00
2607,57	-1,00
2611,92	3,00
2616,26	131,00
2620,60	169,00
2624,94	147,00
2629,27	50,00
2633,60	173,00
2637,92	-36,00
2642,24	-35,00
2646,56	95,00
2650,87	293,00
2655,18	135,00
2659,48	266,00
2663,78	126,00
2668,08	218,00
2672,37	45,00
2676,66	280,00
2680,95	74,00
2685,23	180,00
2689,50	222,00
2693,78	193,00
2698,05	198,00
2702,31	95,00
2706,57	251,00
2710,83	275,00
2715,08	307,00
2719,33	284,00
2723,58	335,00
2727,82	279,00
2732,06	227,00
2736,29	292,00
2740,53	263,00
2744,75	249,00
2748,97	172,00
2753,19	228,00
2757,41	162,00
2761,62	114,00
2765,83	242,00
2770,03	66,00
2774,23	360,00
2778,43	239,00
2782,62	191,00
2786,81	172,00
2791,00	178,00
2795,18	169,00
2799,35	230,00
2803,53	400,00
2807,70	461,00
2811,86	261,00
2816,03	367,00
2820,19	454,00
2824,34	614,00
2828,49	596,00
2832,64	764,00
2836,78	1116,00
2840,92	1320,00
2845,06	1641,00
2849,19	2065,00
2853,32	2008,00
2857,45	2129,00
2861,57	2030,00
2865,69	1847,00
2869,80	1998,00
2873,91	2020,00
2878,02	2339,00
2882,12	2556,00
2886,22	2547,00
2890,32	2261,00
2894,41	2256,00
2898,50	1960,00
2902,58	1734,00
2906,67	1400,00
2910,74	1464,00
2914,82	1278,00
2918,89	1131,00
2922,96	973,00
2927,02	894,00
2931,08	876,00
2935,13	970,00
2939,19	719,00
2943,24	616,00
2947,28	535,00
2951,32	423,00
2955,36	416,00
2959,40	409,00
2963,43	170,00
2967,46	117,00
2971,48	96,00
2975,50	-47,00
2979,52	31,00
2983,53	96,00
2987,54	42,00
2991,55	-10,00
2995,55	148,00
2999,55	-48,00
3003,54	71,00
3007,54	186,00
3011,53	157,00
3015,51	-189,00
3019,49	72,00
3023,47	-115,00
3027,45	71,00
3031,42	-4,00
3035,39	-59,00
3039,35	-1,00
3043,31	-85,00
3047,27	-69,00
3051,22	-109,00
3055,17	-32,00
3059,12	-11,00
3063,06	-132,00
3067,00	-174,00
3070,94	-72,00
3074,87	-147,00
3078,80	-88,00
3082,73	-235,00
3086,65	42,00
3090,57	-116,00
3094,49	27,00
3098,40	-171,00
3102,31	-236,00
3106,22	-42,00
3110,12	-204,00
3114,02	-176,00
3117,92	-161,00
3121,81	-129,00
3125,70	-235,00
3129,58	-67,00
3133,47	-207,00
3137,34	-221,00
3141,22	-119,00
3145,09	-155,00
3148,96	-232,00
3152,83	-191,00
3156,69	-103,00
3160,55	-245,00
3164,40	-246,00
3168,26	-292,00
3172,10	-29,00
3175,95	-170,00
3179,79	-234,00
3183,63	-248,00
3187,47	-130,00
3191,30	-204,00
3195,13	-234,00
3198,95	-53,00
3202,78	-200,00
3206,60	-225,00
3210,41	-109,00
3214,23	-30,00
3218,03	-181,00
3221,84	-165,00
3225,64	-202,00
3229,44	-69,00
3233,24	-193,00
3237,03	88,00
3240,82	-78,00
3244,61	-201,00
3248,39	-164,00
3252,17	-230,00
3255,95	-7,00
3259,72	-230,00
3263,49	-252,00
3267,26	-267,00
3271,03	-192,00
3274,79	-125,00
3278,54	-94,00
3282,30	-182,00
3286,05	-128,00
3289,80	-236,00
3293,54	-100,00
3297,29	-41,00
3301,02	-69,00
3304,76	-96,00
3308,49	-189,00
3312,22	-178,00
3315,95	-248,00
3319,67	-155,00
3323,39	-261,00
3327,10	-117,00
3330,82	-47,00
3334,53	-279,00
3338,24	-129,00
3341,94	7,00
3345,64	-186,00
3349,34	-110,00
3353,03	-231,00
3356,72	-227,00
3360,41	-4,00
3364,10	-200,00
3367,78	-171,00
3371,46	-102,00
3375,13	-157,00
3378,81	-139,00
3382,48	-284,00
3386,14	-163,00
3389,81	-261,00
3393,47	-84,00
3397,12	-161,00
3400,78	-152,00
3404,43	-175,00
3408,08	-138,00
3411,72	-360,00
3415,36	-233,00
3419,00	0,00
3422,64	-152,00
3426,27	12,00
3429,90	-260,00
3433,53	-300,00
3437,15	-329,00
3440,77	-128,00
3444,39	-192,00
3448,00	-97,00
3451,62	-132,00
3455,22	-252,00
3458,83	-287,00
3462,43	-411,00
3466,03	-152,00
3469,63	-146,00
3473,22	-110,00
3476,81	-214,00
3480,40	-256,00
3483,99	-195,00
3487,57	-187,00
3491,15	-236,00
3494,72	-145,00
3498,29	-417,00
3501,86	-318,00
3505,43	-282,00
3508,99	-242,00
3512,56	-234,00
3516,11	-367,00
3519,67	-268,00
3523,22	-255,00
3526,77	-208,00
3530,32	-256,00
3533,86	-177,00
3537,40	-285,00
3540,94	-275,00
3544,47	-207,00
3548,00	-306,00
3551,53	-100,00
3555,06	-233,00
3558,58	-349,00
3562,10	-363,00
3565,62	-265,00
3569,13	-224,00
3572,64	-390,00
3576,15	-305,00
3579,66	-325,00
3583,16	-437,00
3586,66	-319,00
3590,16	-234,00
3593,65	-123,00
3597,14	-318,00
3600,63	-274,00
3604,11	-255,00
3607,60	-236,00
3611,08	-328,00
3614,55	-329,00
3618,03	-375,00
3621,50	-390,00
3624,97	-283,00
3628,43	-325,00
3631,90	-297,00
3635,36	-319,00
3638,81	-299,00
3642,27	-389,00
3645,72	-289,00
3649,17	-376,00
3652,61	-253,00
3656,06	-257,00
3659,50	-281,00
3662,93	-290,00
3666,37	-249,00
3669,80	-371,00
3673,23	-395,00
3676,65	-300,00
3680,08	-218,00
3683,50	-395,00
3686,92	-236,00
3690,33	-369,00
3693,74	-511,00
3697,15	-298,00
3700,56	-274,00
3703,96	-357,00
3707,36	-318,00
3710,76	-398,00
3714,16	-272,00
3717,55	-220,00
3720,94	-331,00
3724,33	-371,00
3727,71	-277,00
3731,10	-325,00
3734,48	-213,00
3737,85	-329,00
3741,23	-327,00
3744,60	-274,00
3747,97	-234,00
3751,33	-224,00
3754,69	-255,00
3758,05	-286,00
3761,41	-291,00
3764,77	-185,00
3768,12	-262,00
3771,47	-315,00
3774,82	-369,00
3778,16	-6,00
3781,50	-3,00
3784,84	2,00
3788,18	0,00
