-37534.58	10
-37414.56	-4
-37295.11	1
-37176.24	1
-37057.95	23
-36940.22	64
-36823.05	47
-36706.45	28
-36590.4	58
-36474.9	7
-36359.95	46
-36245.55	21
-36131.68	1
-36018.35	58
-35905.55	5
-35793.29	80
-35681.54	12
-35570.32	43
-35459.62	78
-35349.43	66
-35239.75	17
-35130.58	58
-35021.91	-8
-34913.74	7
-34806.07	3
-34698.89	-12
-34592.2	42
-34486	59
-34380.28	54
-34275.04	58
-34170.27	71
-34065.98	2
-33962.16	66
-33858.81	-26
-33755.92	32
-33653.49	115
-33551.52	17
-33450.01	42
-33348.94	20
-33248.33	41
-33148.16	32
-33048.43	-14
-32949.14	62
-32850.29	54
-32751.87	30
-32653.89	28
-32556.33	23
-32459.2	32
-32362.49	49
-32266.19	-30
-32170.32	42
-32074.86	31
-31979.82	-13
-31885.18	20
-31790.95	53
-31697.12	94
-31603.69	14
-31510.67	37
-31418.04	18
-31325.8	5
-31233.95	60
-31142.49	-23
-31051.42	21
-30960.73	-10
-30870.43	97
-30780.5	-12
-30690.95	72
-30601.77	47
-30512.97	20
-30424.53	36
-30336.46	-10
-30248.76	47
-30161.42	4
-30074.44	5
-29987.81	-15
-29901.55	0
-29815.63	-17
-29730.07	60
-29644.86	33
-29560	117
-29475.48	59
-29391.3	84
-29307.47	48
-29223.97	17
-29140.81	114
-29057.99	-3
-28975.5	49
-28893.34	89
-28811.51	-27
-28730	10
-28648.82	29
-28567.97	46
-28487.43	35
-28407.21	-16
-28327.32	63
-28247.73	52
-28168.46	-15
-28089.5	55
-28010.85	52
-27932.51	-4
-27854.48	-3
-27776.75	19
-27699.32	25
-27622.19	32
-27545.37	73
-27468.84	22
-27392.6	46
-27316.66	50
-27241.01	94
-27165.66	22
-27090.59	6
-27015.81	16
-26941.31	116
-26867.1	82
-26793.17	23
-26719.52	74
-26646.15	14
-26573.06	18
-26500.24	59
-26427.7	-13
-26355.43	26
-26283.43	-18
-26211.71	86
-26140.25	-23
-26069.06	51
-25998.13	-3
-25927.46	31
-25857.06	1
-25786.92	41
-25717.04	7
-25647.42	24
-25578.05	66
-25508.94	31
-25440.09	-20
-25371.48	17
-25303.13	75
-25235.02	17
-25167.17	38
-25099.56	15
-25032.19	47
-24965.07	-64
-24898.2	19
-24831.56	52
-24765.17	49
-24699.01	70
-24633.1	-19
-24567.41	32
-24501.97	86
-24436.75	26
-24371.77	58
-24307.03	41
-24242.51	23
-24178.22	22
-24114.16	15
-24050.32	17
-23986.71	28
-23923.32	-20
-23860.16	37
-23797.22	35
-23734.5	21
-23672	16
-23609.71	30
-23547.65	67
-23485.8	37
-23424.16	12
-23362.74	-6
-23301.53	17
-23240.54	-26
-23179.75	37
-23119.17	52
-23058.8	43
-22998.64	-5
-22938.68	0
-22878.93	54
-22819.39	-15
-22760.04	51
-22700.9	58
-22641.96	86
-22583.22	154
-22524.68	-2
-22466.33	75
-22408.19	44
-22350.23	68
-22292.48	64
-22234.92	4
-22177.55	22
-22120.37	95
-22063.38	12
-22006.58	13
-21949.98	-16
-21893.56	-13
-21837.33	46
-21781.28	93
-21725.42	116
-21669.74	-17
-21614.25	-7
-21558.94	52
-21503.81	121
-21448.86	34
-21394.1	12
-21339.51	8
-21285.1	8
-21230.86	70
-21176.81	40
-21122.93	28
-21069.22	14
-21015.69	87
-20962.33	38
-20909.14	31
-20856.13	81
-20803.28	-38
-20750.61	82
-20698.1	14
-20645.76	23
-20593.59	68
-20541.59	43
-20489.75	99
-20438.07	47
-20386.56	27
-20335.22	56
-20284.03	26
-20233.01	4
-20182.15	63
-20131.45	26
-20080.91	56
-20030.52	58
-19980.3	-3
-19930.23	2
-19880.32	54
-19830.56	-6
-19780.96	8
-19731.52	34
-19682.23	3
-19633.09	32
-19584.1	26
-19535.26	2
-19486.58	-21
-19438.04	84
-19389.66	11
-19341.42	66
-19293.33	-3
-19245.39	59
-19197.6	23
-19149.95	-29
-19102.45	13
-19055.09	38
-19007.87	-39
-18960.8	28
-18913.87	12
-18867.09	4
-18820.44	83
-18773.94	41
-18727.57	37
-18681.35	53
-18635.26	-5
-18589.31	62
-18543.5	28
-18497.83	52
-18452.29	24
-18406.89	-16
-18361.63	30
-18316.5	29
-18271.5	75
-18226.63	28
-18181.9	44
-18137.3	37
-18092.84	65
-18048.5	57
-18004.29	14
-17960.22	71
-17916.27	48
-17872.45	83
-17828.76	25
-17785.2	29
-17741.77	21
-17698.46	-13
-17655.28	-8
-17612.22	22
-17569.29	2
-17526.48	37
-17483.79	73
-17441.23	-54
-17398.79	13
-17356.48	22
-17314.28	50
-17272.21	1
-17230.26	17
-17188.42	49
-17146.71	54
-17105.12	71
-17063.64	-28
-17022.28	51
-16981.04	47
-16939.92	98
-16898.91	42
-16858.02	28
-16817.25	48
-16776.59	3
-16736.04	5
-16695.61	76
-16655.29	33
-16615.09	62
-16574.99	46
-16535.01	14
-16495.15	57
-16455.39	36
-16415.74	-24
-16376.21	31
-16336.78	79
-16297.46	30
-16258.26	63
-16219.16	31
-16180.17	13
-16141.28	-4
-16102.51	72
-16063.84	3
-16025.27	93
-15986.82	-27
-15948.46	53
-15910.22	-29
-15872.07	28
-15834.04	-2
-15796.1	29
-15758.27	34
-15720.54	15
-15682.91	49
-15645.39	38
-15607.97	41
-15570.64	49
-15533.42	10
-15496.3	18
-15459.28	81
-15422.36	74
-15385.54	-34
-15348.82	74
-15312.19	67
-15275.66	29
-15239.23	78
-15202.9	27
-15166.67	22
-15130.53	14
-15094.48	33
-15058.54	25
-15022.68	15
-14986.93	49
-14951.26	38
-14915.69	39
-14880.22	60
-14844.84	41
-14809.55	14
-14774.35	8
-14739.25	52
-14704.24	72
-14669.32	-14
-14634.49	60
-14599.75	106
-14565.1	40
-14530.55	-6
-14496.08	-9
-14461.7	-10
-14427.41	24
-14393.21	16
-14359.1	-33
-14325.07	47
-14291.14	32
-14257.29	10
-14223.52	-4
-14189.85	-32
-14156.26	-5
-14122.76	-25
-14089.34	-2
-14056.01	51
-14022.76	108
-13989.6	-7
-13956.52	63
-13923.53	30
-13890.62	16
-13857.79	-11
-13825.05	37
-13792.39	21
-13759.81	8
-13727.31	67
-13694.9	55
-13662.57	7
-13630.31	48
-13598.14	69
-13566.05	-23
-13534.05	-14
-13502.12	56
-13470.27	-22
-13438.5	30
-13406.8	45
-13375.19	6
-13343.66	-76
-13312.2	91
-13280.83	-49
-13249.53	69
-13218.3	14
-13187.16	31
-13156.09	55
-13125.1	-15
-13094.18	2
-13063.34	-52
-13032.58	-3
-13001.89	40
-12971.28	-43
-12940.74	43
-12910.27	-9
-12879.88	45
-12849.57	28
-12819.33	-42
-12789.16	22
-12759.06	22
-12729.04	83
-12699.09	154
-12669.21	57
-12639.41	19
-12609.68	55
-12580.02	54
-12550.43	-33
-12520.91	35
-12491.46	33
-12462.08	55
-12432.77	56
-12403.54	69
-12374.37	11
-12345.27	66
-12316.24	37
-12287.29	71
-12258.4	41
-12229.57	30
-12200.82	22
-12172.14	80
-12143.52	15
-12114.97	30
-12086.49	35
-12058.07	131
-12029.73	60
-12001.44	13
-11973.23	41
-11945.08	-18
-11917	-19
-11888.98	133
-11861.03	78
-11833.15	31
-11805.32	30
-11777.57	47
-11749.88	20
-11722.25	66
-11694.69	-5
-11667.19	34
-11639.75	22
-11612.38	-35
-11585.07	70
-11557.83	39
-11530.65	45
-11503.53	77
-11476.47	31
-11449.48	70
-11422.54	15
-11395.67	26
-11368.86	29
-11342.11	57
-11315.43	32
-11288.8	19
-11262.23	42
-11235.73	32
-11209.28	58
-11182.9	22
-11156.57	65
-11130.31	8
-11104.1	-13
-11077.96	28
-11051.87	8
-11025.84	33
-10999.87	3
-10973.96	31
-10948.11	40
-10922.31	-48
-10896.58	102
-10870.9	4
-10845.28	34
-10819.71	-27
-10794.2	21
-10768.75	16
-10743.36	14
-10718.02	68
-10692.74	-33
-10667.52	21
-10642.35	-5
-10617.24	12
-10592.18	28
-10567.18	27
-10542.23	-19
-10517.34	84
-10492.51	51
-10467.72	21
-10443	20
-10418.32	-24
-10393.7	22
-10369.14	-23
-10344.63	-42
-10320.17	68
-10295.77	20
-10271.42	33
-10247.12	34
-10222.88	-30
-10198.68	-30
-10174.54	-27
-10150.46	-28
-10126.42	12
-10102.44	-67
-10078.51	-16
-10054.63	-58
-10030.8	-21
-10007.03	-75
-9983.3	-82
-9959.63	-58
-9936.01	-90
-9912.44	-147
-9888.92	-72
-9865.44	-117
-9842.02	-124
-9818.65	-66
-9795.33	-189
-9772.06	-186
-9748.84	-161
-9725.67	-153
-9702.55	-227
-9679.47	-215
-9656.45	-290
-9633.47	-224
-9610.55	-289
-9587.67	-313
-9564.84	-322
-9542.06	-340
-9519.32	-334
-9496.64	-390
-9474	-473
-9451.41	-529
-9428.87	-520
-9406.37	-498
-9383.92	-510
-9361.52	-404
-9339.17	-422
-9316.86	-640
-9294.6	-762
-9272.38	-824
-9250.21	-867
-9228.09	-899
-9206.01	-851
-9183.98	-609
-9162	-786
-9140.06	-728
-9118.16	-702
-9096.31	-761
-9074.51	-764
-9052.75	-845
-9031.04	-726
-9009.37	-645
-8987.74	-583
-8966.16	-546
-8944.63	-590
-8923.14	-484
-8901.69	-544
-8880.29	-620
-8858.93	-522
-8837.61	-631
-8816.34	-640
-8795.11	-615
-8773.92	-621
-8752.78	-514
-8731.68	-484
-8710.62	-565
-8689.61	-518
-8668.63	-617
-8647.7	-585
-8626.82	-554
-8605.97	-532
-8585.17	-494
-8564.41	-519
-8543.69	-399
-8523.01	-464
-8502.37	-519
-8481.78	-523
-8461.23	-505
-8440.71	-628
-8420.24	-569
-8399.81	-629
-8379.42	-595
-8359.08	-537
-8338.77	-508
-8318.5	-491
-8298.27	-473
-8278.09	-513
-8257.94	-519
-8237.83	-639
-8217.76	-540
-8197.74	-649
-8177.75	-476
-8157.8	-530
-8137.89	-456
-8118.02	-414
-8098.19	-419
-8078.4	-477
-8058.65	-382
-8038.93	-493
-8019.26	-554
-7999.62	-482
-7980.02	-374
-7960.46	-316
-7940.94	-373
-7921.46	-326
-7902.01	-304
-7882.6	-359
-7863.23	-395
-7843.9	-424
-7824.61	-358
-7805.35	-447
-7786.13	-391
-7766.95	-428
-7747.8	-394
-7728.69	-292
-7709.62	-322
-7690.59	-337
-7671.59	-417
-7652.63	-394
-7633.7	-337
-7614.81	-323
-7595.96	-369
-7577.15	-282
-7558.37	-296
-7539.62	-381
-7520.91	-376
-7502.24	-396
-7483.6	-394
-7465	-390
-7446.44	-314
-7427.91	-268
-7409.41	-251
-7390.95	-230
-7372.53	-232
-7354.14	-214
-7335.78	-222
-7317.46	-311
-7299.18	-269
-7280.92	-317
-7262.71	-353
-7244.52	-343
-7226.38	-373
-7208.26	-330
-7190.18	-213
-7172.14	-264
-7154.12	-325
-7136.15	-348
-7118.2	-287
-7100.29	-371
-7082.41	-356
-7064.57	-295
-7046.76	-254
-7028.98	-208
-7011.24	-186
-6993.53	-198
-6975.85	-159
-6958.2	-150
-6940.59	-169
-6923.01	-158
-6905.46	-231
-6887.94	-160
-6870.46	-273
-6853.01	-280
-6835.59	-315
-6818.21	-276
-6800.85	-272
-6783.53	-143
-6766.24	-122
-6748.98	-118
-6731.76	-158
-6714.56	-57
-6697.4	-133
-6680.26	-121
-6663.16	-179
-6646.09	-159
-6629.05	-263
-6612.05	-168
-6595.07	-242
-6578.13	-169
-6561.21	-174
-6544.33	-155
-6527.47	-134
-6510.65	-84
-6493.86	-104
-6477.1	-158
-6460.36	-97
-6443.66	-68
-6426.99	-97
-6410.35	-12
-6393.74	-36
-6377.16	-62
-6360.61	-89
-6344.09	-152
-6327.59	-178
-6311.13	-147
-6294.7	-119
-6278.29	-196
-6261.92	-189
-6245.58	-266
-6229.26	-220
-6212.97	-207
-6196.72	-112
-6180.49	-83
-6164.29	6
-6148.12	-7
-6131.98	0
-6115.86	-4
-6099.78	-25
-6083.72	26
-6067.69	-27
-6051.69	-44
-6035.72	-113
-6019.78	-100
-6003.87	-157
-5987.98	-129
-5972.12	-238
-5956.29	-153
-5940.49	-78
-5924.71	-21
-5908.96	-73
-5893.24	-50
-5877.55	-46
-5861.89	-44
-5846.25	-99
-5830.64	16
-5815.05	15
-5799.5	-73
-5783.97	-62
-5768.47	-64
-5752.99	-100
-5737.55	-106
-5722.12	-184
-5706.73	-155
-5691.36	-81
-5676.02	-107
-5660.71	-34
-5645.42	-77
-5630.16	-63
-5614.92	-50
-5599.71	-64
-5584.53	-131
-5569.37	-39
-5554.24	205
-5539.14	-80
-5524.06	-16
-5509.01	-77
-5493.98	-70
-5478.98	-81
-5464	-75
-5449.05	-68
-5434.13	-14
-5419.23	-76
-5404.36	-90
-5389.51	-142
-5374.69	-163
-5359.89	-124
-5345.12	-193
-5330.37	-62
-5315.65	-121
-5300.95	-44
-5286.28	-51
-5271.63	-64
-5257.01	-65
-5242.41	-100
-5227.84	-36
-5213.29	-76
-5198.76	37
-5184.26	-46
-5169.79	-52
-5155.33	-65
-5140.91	-105
-5126.51	-39
-5112.13	-50
-5097.77	-34
-5083.44	-121
-5069.13	6
-5054.85	-6
-5040.59	19
-5026.36	-111
-5012.15	-81
-4997.96	-32
-4983.8	-17
-4969.66	-46
-4955.54	-73
-4941.44	-52
-4927.37	-102
-4913.33	-211
-4899.3	-116
-4885.3	-144
-4871.33	-57
-4857.37	-5
-4843.44	-16
-4829.53	-41
-4815.65	-35
-4801.79	-72
-4787.95	-47
-4774.13	-61
-4760.34	-14
-4746.56	13
-4732.82	-6
-4719.09	-83
-4705.38	-88
-4691.7	-89
-4678.04	-93
-4664.41	-70
-4650.79	-47
-4637.2	-36
-4623.63	-68
-4610.08	-29
-4596.56	-10
-4583.05	-78
-4569.57	-116
-4556.11	-38
-4542.67	-11
-4529.25	-20
-4515.86	-14
-4502.49	-135
-4489.13	-135
-4475.8	-40
-4462.49	-30
-4449.21	-6
-4435.94	-98
-4422.7	-66
-4409.47	-30
-4396.27	-37
-4383.09	-45
-4369.93	17
-4356.79	-32
-4343.67	19
-4330.58	-33
-4317.5	-55
-4304.45	-58
-4291.41	5
-4278.4	38
-4265.41	22
-4252.44	-10
-4239.49	0
-4226.55	-23
-4213.65	-34
-4200.76	71
-4187.89	21
-4175.04	-8
-4162.21	31
-4149.4	15
-4136.61	14
-4123.85	46
-4111.1	34
-4098.37	20
-4085.66	-3
-4072.98	-37
-4060.31	23
-4047.66	-4
-4035.04	32
-4022.43	27
-4009.84	51
-3997.27	17
-3984.72	-4
-3972.19	13
-3959.69	37
-3947.2	26
-3934.73	24
-3922.27	38
-3909.84	24
-3897.43	38
-3885.04	26
-3872.67	30
-3860.31	9
-3847.98	-9
-3835.66	90
-3823.36	9
-3811.09	3
-3798.83	25
-3786.59	-7
-3774.37	59
-3762.17	-16
-3749.98	63
-3737.82	56
-3725.67	22
-3713.55	14
-3701.44	21
-3689.35	65
-3677.28	87
-3665.22	58
-3653.19	45
-3641.17	31
-3629.18	47
-3617.2	43
-3605.24	9
-3593.3	37
-3581.37	32
-3569.47	46
-3557.58	64
-3545.71	20
-3533.86	-52
-3522.02	26
-3510.21	-55
-3498.41	6
-3486.63	40
-3474.87	5
-3463.12	21
-3451.4	35
-3439.69	51
-3428	39
-3416.33	-56
-3404.67	37
-3393.03	78
-3381.41	-8
-3369.81	34
-3358.22	64
-3346.66	59
-3335.1	26
-3323.57	40
-3312.06	-37
-3300.56	-8
-3289.08	50
-3277.61	60
-3266.16	53
-3254.73	104
-3243.32	65
-3231.92	-19
-3220.55	1
-3209.18	39
-3197.84	57
-3186.51	12
-3175.2	-34
-3163.9	-19
-3152.63	28
-3141.36	35
-3130.12	35
-3118.89	64
-3107.68	30
-3096.49	8
-3085.31	56
-3074.15	58
-3063	21
-3051.87	57
-3040.76	13
-3029.67	-5
-3018.59	-51
-3007.52	85
-2996.48	71
-2985.44	51
-2974.43	-7
-2963.43	30
-2952.45	11
-2941.48	25
-2930.53	90
-2919.6	-27
-2908.68	11
-2897.78	65
-2886.89	25
-2876.02	56
-2865.17	10
-2854.33	44
-2843.5	51
-2832.7	-26
-2821.9	45
-2811.13	55
-2800.37	60
-2789.62	13
-2778.89	-58
-2768.18	33
-2757.48	36
-2746.8	-6
-2736.13	-3
-2725.48	59
-2714.84	33
-2704.22	15
-2693.61	32
-2683.02	37
-2672.45	-19
-2661.89	57
-2651.34	-6
-2640.81	7
-2630.3	60
-2619.8	-9
-2609.31	50
-2598.84	-20
-2588.39	4
-2577.95	27
-2567.52	-9
-2557.11	32
-2546.71	44
-2536.33	7
-2525.97	-45
-2515.62	30
-2505.28	59
-2494.96	-9
-2484.65	49
-2474.36	88
-2464.08	24
-2453.82	102
-2443.57	-35
-2433.33	-7
-2423.11	-6
-2412.91	43
-2402.72	22
-2392.54	32
-2382.38	-6
-2372.23	-4
-2362.09	-1272
-2351.97	39
-2341.87	23
-2331.78	44
-2321.7	21
-2311.64	119
-2301.59	39
-2291.55	28
-2281.53	22
-2271.53	52
-2261.53	29
-2251.55	-2
-2241.59	-9
-2231.64	-10
-2221.7	15
-2211.78	35
-2201.87	60
-2191.97	41
-2182.09	-4
-2172.22	92
-2162.37	39
-2152.53	24
-2142.7	16
-2132.89	-16
-2123.09	57
-2113.3	71
-2103.53	9
-2093.77	44
-2084.02	33
-2074.29	55
-2064.57	47
-2054.86	-36
-2045.17	69
-2035.49	40
-2025.82	22
-2016.17	-14
-2006.53	118
-1996.91	30
-1987.29	47
-1977.69	45
-1968.11	11
-1958.53	47
-1948.97	20
-1939.42	15
-1929.89	3
-1920.37	49
-1910.86	56
-1901.36	18
-1891.88	57
-1882.41	-2
-1872.95	45
-1863.51	30
-1854.08	34
-1844.66	-73
-1835.26	-19
-1825.86	6
-1816.48	40
-1807.11	9
-1797.76	58
-1788.42	2
-1779.09	19
-1769.77	-3
-1760.47	34
-1751.17	91
-1741.89	36
-1732.63	16
-1723.37	97
-1714.13	-10
-1704.9	43
-1695.68	51
-1686.48	93
-1677.29	-20
-1668.11	-73
-1658.94	65
-1649.78	-14
-1640.64	40
-1631.51	24
-1622.39	-9
-1613.28	25
-1604.19	21
-1595.1	43
-1586.03	20
-1576.97	81
-1567.93	71
-1558.89	15
-1549.87	26
-1540.86	41
-1531.86	13
-1522.87	31
-1513.9	34
-1504.93	4
-1495.98	17
-1487.04	24
-1478.12	61
-1469.2	14
-1460.3	90
-1451.4	58
-1442.52	11
-1433.65	34
-1424.8	42
-1415.95	48
-1407.12	12
-1398.3	75
-1389.48	-12
-1380.69	72
-1371.9	-12
-1363.12	21
-1354.36	35
-1345.6	-7
-1336.86	9
-1328.13	71
-1319.41	41
-1310.7	41
-1302.01	97
-1293.32	-3
-1284.65	37
-1275.99	82
-1267.33	-22
-1258.69	64
-1250.06	-11
-1241.45	41
-1232.84	43
-1224.25	36
-1215.66	43
-1207.09	34
-1198.53	30
-1189.97	65
-1181.43	3
-1172.91	56
-1164.39	-29
-1155.88	22
-1147.38	88
-1138.9	58
-1130.43	35
-1121.96	42
-1113.51	70
-1105.07	33
-1096.64	47
-1088.22	18
-1079.81	79
-1071.41	-1
-1063.02	141
-1054.65	41
-1046.28	-17
-1037.92	42
-1029.58	67
-1021.24	60
-1012.92	-1
-1004.61	26
-996.3	34
-988.01	28
-979.73	32
-971.46	35
-963.2	21
-954.95	16
-946.71	53
-938.48	64
-930.26	46
-922.06	7
-913.86	-18
-905.67	67
-897.49	10
-889.33	42
-881.17	15
-873.02	5
-864.89	66
-856.76	37
-848.65	22
-840.54	77
-832.45	30
-824.36	44
-816.29	15
-808.22	-49
-800.17	32
-792.12	-34
-784.09	86
-776.06	40
-768.05	6
-760.04	47
-752.05	58
-744.07	41
-736.09	98
-728.13	30
-720.17	11
-712.23	41
-704.29	27
-696.37	10
-688.45	29
-680.55	-2
-672.65	31
-664.77	-4
-656.89	-3
-649.03	32
-641.17	100
-633.32	39
-625.49	79
-617.66	8
-609.84	57
-602.03	64
-594.23	48
-586.45	69
-578.67	14
-570.9	22
-563.14	92
-555.39	56
-547.65	18
-539.91	11
-532.19	-16
-524.48	53
-516.78	51
-509.08	-13
-501.4	32
-493.72	7
-486.06	28
-478.4	57
-470.76	-8
-463.12	15
-455.49	-13
-447.87	57
-440.26	23
-432.66	50
-425.07	29
-417.49	33
-409.92	27
-402.35	20
-394.8	67
-387.25	80
-379.72	42
-372.19	39
-364.67	27
-357.17	46
-349.67	62
-342.18	41
-334.69	5
-327.22	43
-319.76	20
-312.3	23
-304.86	-11
-297.42	56
-290	55
-282.58	26
-275.17	-43
-267.77	20
-260.37	22
-252.99	54
-245.62	113
-238.25	63
-230.9	26
-223.55	-9
-216.21	81
-208.88	122
-201.56	73
-194.25	100
-186.94	80
-179.65	93
-172.36	65
-165.08	95
-157.81	167
-150.55	78
-143.3	156
-136.06	246
-128.82	171
-121.6	227
-114.38	225
-107.17	225
-99.97	264
-92.78	395
-85.6	305
-78.42	383
-71.25	458
-64.1	543
-56.95	669
-49.81	694
-42.67	935
-35.55	1215
-28.43	1528
-21.33	2922
-14.23	11589
-7.14	59753
-0.05	59673
7.02	59604
14.09	20351
21.14	5161
28.19	2511
35.23	1672
42.27	1338
49.29	1049
56.31	974
63.32	745
70.32	622
77.31	637
84.29	492
91.27	444
98.23	440
105.19	347
112.14	398
119.09	636
126.02	798
132.95	882
139.87	829
146.78	881
153.68	881
160.58	835
167.46	804
174.34	801
181.21	715
188.08	718
194.93	743
201.78	710
208.62	766
215.45	722
222.27	716
229.09	642
235.9	645
242.7	614
249.49	558
256.27	602
263.05	582
269.82	600
276.58	606
283.33	594
290.08	569
296.82	543
303.55	576
310.27	570
316.98	565
323.69	539
330.39	604
337.08	537
343.76	488
350.44	504
357.11	580
363.77	524
370.42	488
377.07	548
383.71	503
390.34	507
396.96	484
403.58	441
410.19	489
416.79	569
423.38	492
429.97	517
436.55	483
443.12	422
449.68	464
456.24	449
462.79	456
469.33	390
475.86	407
482.39	497
488.91	428
495.42	455
501.93	511
508.42	408
514.91	486
521.4	382
527.87	422
534.34	368
540.8	440
547.25	410
553.7	343
560.14	376
566.57	376
573	349
579.41	382
585.83	390
592.23	391
598.62	449
605.01	374
611.4	388
617.77	401
624.14	424
630.5	363
636.85	349
643.2	370
649.54	340
655.87	412
662.2	329
668.52	396
674.83	367
681.13	352
687.43	406
693.72	372
700	336
706.28	364
712.55	343
718.81	367
725.07	382
731.32	369
737.56	302
743.79	356
750.02	383
756.24	410
762.46	393
768.67	436
774.87	347
781.06	277
787.25	376
793.43	359
799.6	391
805.77	321
811.93	371
818.08	343
824.23	410
830.37	334
836.5	313
842.63	337
848.75	378
854.87	421
860.97	384
867.07	433
873.17	397
879.25	424
885.33	360
891.41	407
897.47	375
903.53	395
909.59	374
915.63	438
921.67	311
927.71	300
933.74	376
939.76	306
945.77	451
951.78	389
957.78	310
963.78	341
969.77	261
975.75	322
981.72	284
987.69	324
993.66	367
999.61	340
1005.56	344
1011.51	348
1017.44	423
1023.37	302
1029.3	359
1035.22	341
1041.13	316
1047.03	446
1052.93	634
1058.83	933
1064.71	914
1070.59	684
1076.47	600
1082.33	559
1088.2	453
1094.05	467
1099.9	420
1105.74	391
1111.58	451
1117.41	521
1123.23	769
1129.05	1049
1134.86	843
1140.67	623
1146.47	422
1152.26	370
1158.05	386
1163.83	446
1169.6	407
1175.37	362
1181.13	373
1186.89	338
1192.64	281
1198.38	319
1204.12	368
1209.85	306
1215.58	405
1221.3	334
1227.02	332
1232.72	313
1238.43	379
1244.12	398
1249.81	382
1255.5	358
1261.17	331
1266.85	452
1272.51	401
1278.17	430
1283.83	538
1289.47	1048
1295.12	1288
1300.75	1073
1306.38	767
1312.01	560
1317.63	427
1323.24	489
1328.85	358
1334.45	439
1340.04	371
1345.63	399
1351.22	401
1356.8	369
1362.37	444
1367.93	445
1373.49	527
1379.05	386
1384.6	373
1390.14	353
1395.68	384
1401.21	379
1406.74	471
1412.26	709
1417.77	811
1423.28	786
1428.78	888
1434.28	1096
1439.77	1389
1445.26	1154
1450.74	1067
1456.22	1030
1461.68	955
1467.15	834
1472.61	742
1478.06	596
1483.51	498
1488.95	464
1494.38	429
1499.81	351
1505.24	301
1510.65	319
1516.07	372
1521.48	302
1526.88	361
1532.27	321
1537.67	367
1543.05	340
1548.43	301
1553.81	355
1559.18	303
1564.54	296
1569.9	251
1575.25	276
1580.6	326
1585.94	350
1591.28	294
1596.61	248
1601.93	339
1607.25	306
1612.57	297
1617.88	288
1623.18	295
1628.48	274
1633.77	247
1639.06	304
1644.34	248
1649.62	264
1654.89	204
1660.16	197
1665.42	246
1670.67	259
1675.92	213
1681.17	261
1686.41	217
1691.64	254
1696.87	167
1702.1	248
1707.32	218
1712.53	217
1717.74	283
1722.94	199
1728.14	233
1733.33	248
1738.52	173
1743.7	175
1748.88	233
1754.05	225
1759.22	200
1764.38	154
1769.53	284
1774.69	221
1779.83	222
1784.97	195
1790.11	226
1795.24	156
1800.36	134
1805.48	187
1810.6	214
1815.71	168
1820.82	228
1825.92	182
1831.01	186
1836.1	241
1841.19	208
1846.26	218
1851.34	135
1856.41	252
1861.47	163
1866.53	199
1871.59	181
1876.64	210
1881.68	162
1886.72	143
1891.76	178
1896.79	221
1901.81	164
1906.83	178
1911.85	175
1916.86	236
1921.86	138
1926.86	178
1931.86	125
1936.85	181
1941.83	161
1946.81	180
1951.79	169
1956.76	195
1961.72	171
1966.68	136
1971.64	229
1976.59	182
1981.54	179
1986.48	138
1991.42	198
1996.35	119
2001.27	113
2006.2	167
2011.11	134
2016.03	97
2020.93	123
2025.84	137
2030.73	96
2035.63	112
2040.52	128
2045.4	105
2050.28	122
2055.15	95
2060.02	168
2064.89	177
2069.75	163
2074.6	132
2079.46	83
2084.3	140
2089.14	197
2093.98	170
2098.81	68
2103.64	115
2108.46	80
2113.28	130
2118.09	121
2122.9	72
2127.7	107
2132.5	127
2137.3	145
2142.09	167
2146.87	127
2151.66	138
2156.43	144
2161.2	125
2165.97	180
2170.73	194
2175.49	176
2180.24	154
2184.99	132
2189.74	114
2194.48	133
2199.21	108
2203.94	105
2208.67	128
2213.39	94
2218.11	112
2222.82	141
2227.53	102
2232.23	136
2236.93	150
2241.63	117
2246.32	158
2251	112
2255.68	88
2260.36	138
2265.03	148
2269.7	134
2274.36	132
2279.02	114
2283.68	75
2288.33	103
2292.97	171
2297.61	167
2302.25	88
2306.88	68
2311.51	106
2316.14	106
2320.75	145
2325.37	96
2329.98	115
2334.59	134
2339.19	104
2343.79	101
2348.38	113
2352.97	124
2357.55	105
2362.13	113
2366.71	109
2371.28	141
2375.85	106
2380.41	104
2384.97	90
2389.52	136
2394.07	119
2398.62	127
2403.16	74
2407.7	69
2412.23	112
2416.76	85
2421.29	90
2425.81	127
2430.32	78
2434.84	132
2439.34	98
2443.85	102
2448.35	172
2452.84	115
2457.33	133
2461.82	40
2466.3	99
2470.78	110
2475.25	61
2479.72	114
2484.19	125
2488.65	91
2493.11	105
2497.56	71
2502.01	98
2506.46	116
2510.9	96
2515.34	125
2519.77	106
2524.2	76
2528.62	57
2533.04	182
2537.46	123
2541.87	88
2546.28	129
2550.68	104
2555.08	107
2559.48	81
2563.87	97
2568.26	81
2572.64	10
2577.02	108
2581.4	108
2585.77	134
2590.14	132
2594.5	147
2598.86	85
2603.22	147
2607.57	163
2611.92	73
2616.26	106
2620.6	97
2624.94	81
2629.27	134
2633.6	120
2637.92	160
2642.24	68
2646.56	131
2650.87	156
2655.18	115
2659.48	128
2663.78	76
2668.08	124
2672.37	102
2676.66	150
2680.95	122
2685.23	134
2689.5	99
2693.78	86
2698.05	194
2702.31	222
2706.57	146
2710.83	172
2715.08	182
2719.33	167
2723.58	201
2727.82	180
2732.06	208
2736.29	188
2740.53	134
2744.75	171
2748.97	128
2753.19	117
2757.41	162
2761.62	107
2765.83	187
2770.03	202
2774.23	183
2778.43	168
2782.62	208
2786.81	155
2791	274
2795.18	274
2799.35	233
2803.53	255
2807.7	221
2811.86	233
2816.03	270
2820.19	308
2824.34	315
2828.49	412
2832.64	405
2836.78	711
2840.92	770
2845.06	949
2849.19	1099
2853.32	1026
2857.45	1046
2861.57	978
2865.69	1019
2869.8	909
2873.91	1027
2878.02	1212
2882.12	1278
2886.22	1212
2890.32	1129
2894.41	1022
2898.5	916
2902.58	837
2906.67	748
2910.74	656
2914.82	659
2918.89	550
2922.96	610
2927.02	504
2931.08	450
2935.13	485
2939.19	477
2943.24	383
2947.28	344
2951.32	245
2955.36	336
2959.4	267
2963.43	233
2967.46	230
2971.48	126
2975.5	204
2979.52	135
2983.53	145
2987.54	151
2991.55	193
2995.55	81
2999.55	45
3003.54	156
3007.54	105
3011.53	111
3015.51	91
3019.49	54
3023.47	84
3027.45	120
3031.42	114
3035.39	102
3039.35	106
3043.31	112
3047.27	102
3051.22	70
3055.17	85
3059.12	98
3063.06	81
3067	99
3070.94	79
3074.87	39
3078.8	100
3082.73	166
3086.65	88
3090.57	172
3094.49	95
3098.4	57
3102.31	117
3106.22	77
3110.12	65
3114.02	98
3117.92	41
3121.81	97
3125.7	71
3129.58	59
3133.47	88
3137.34	58
3141.22	26
3145.09	85
3148.96	74
3152.83	72
3156.69	28
3160.55	62
3164.4	28
3168.26	64
3172.1	39
3175.95	85
3179.79	-2
3183.63	78
3187.47	50
3191.3	79
3195.13	69
3198.95	58
3202.78	72
3206.6	65
3210.41	46
3214.23	69
3218.03	97
3221.84	94
3225.64	110
3229.44	11
3233.24	85
3237.03	82
3240.82	34
3244.61	40
3248.39	96
3252.17	-7
3255.95	80
3259.72	11
3263.49	75
3267.26	-16
3271.03	31
3274.79	18
3278.54	45
3282.3	12
3286.05	49
3289.8	75
3293.54	113
3297.29	86
3301.02	54
3304.76	67
3308.49	67
3312.22	26
3315.95	4
3319.67	21
3323.39	82
3327.1	66
3330.82	50
3334.53	64
3338.24	78
3341.94	41
3345.64	89
3349.34	75
3353.03	100
3356.72	62
3360.41	18
3364.1	35
3367.78	13
3371.46	90
3375.13	36
3378.81	52
3382.48	96
3386.14	5
3389.81	26
3393.47	-9
3397.12	69
3400.78	15
3404.43	120
3408.08	37
3411.72	51
3415.36	83
3419	14
3422.64	18
3426.27	3
3429.9	35
3433.53	76
3437.15	62
3440.77	35
3444.39	71
3448	25
3451.62	73
3455.22	4
3458.83	63
3462.43	74
3466.03	24
3469.63	80
3473.22	41
3476.81	7
3480.4	-4
3483.99	81
3487.57	35
3491.15	39
3494.72	30
3498.29	40
3501.86	-21
3505.43	54
3508.99	52
3512.56	4
3516.11	59
3519.67	3
3523.22	33
3526.77	37
3530.32	66
3533.86	38
3537.4	81
3540.94	25
3544.47	32
3548	26
3551.53	67
3555.06	27
3558.58	-8
3562.1	31
3565.62	48
3569.13	-3
3572.64	21
3576.15	47
3579.66	11
3583.16	40
3586.66	77
3590.16	21
3593.65	84
3597.14	-8
3600.63	45
3604.11	51
3607.6	29
3611.08	76
3614.55	-29
3618.03	-9
3621.5	81
3624.97	9
3628.43	90
3631.9	27
3635.36	35
3638.81	7
3642.27	8
3645.72	56
3649.17	-33
3652.61	59
3656.06	41
3659.5	-20
3662.93	41
3666.37	114
3669.8	25
3673.23	-4
3676.65	8
3680.08	24
3683.5	69
3686.92	80
3690.33	19
3693.74	59
3697.15	1
3700.56	0
3703.96	56
3707.36	62
3710.76	16
3714.16	-6
3717.55	43
3720.94	36
3724.33	41
3727.71	70
3731.1	60
3734.48	63
3737.85	45
3741.23	9
3744.6	23
3747.97	28
3751.33	-1
3754.69	6
3758.05	22
3761.41	54
3764.77	46
3768.12	78
3771.47	45
3774.82	0
3778.16	7
3781.5	4
3784.84	-7
3788.18	2
