-37534.58	-2
-37414.56	6
-37295.11	2
-37176.24	2
-37057.95	4
-36940.22	-58
-36823.05	12
-36706.45	3
-36590.4	44
-36474.9	74
-36359.95	65
-36245.55	-31
-36131.68	-3
-36018.35	-5
-35905.55	-10
-35793.29	40
-35681.54	-10
-35570.32	3
-35459.62	66
-35349.43	29
-35239.75	12
-35130.58	24
-35021.91	15
-34913.74	-8
-34806.07	47
-34698.89	9
-34592.2	-21
-34486	-34
-34380.28	32
-34275.04	60
-34170.27	16
-34065.98	-46
-33962.16	25
-33858.81	20
-33755.92	92
-33653.49	48
-33551.52	38
-33450.01	26
-33348.94	17
-33248.33	15
-33148.16	21
-33048.43	11
-32949.14	-10
-32850.29	6
-32751.87	59
-32653.89	43
-32556.33	9
-32459.2	45
-32362.49	51
-32266.19	-28
-32170.32	22
-32074.86	19
-31979.82	17
-31885.18	12
-31790.95	52
-31697.12	36
-31603.69	34
-31510.67	12
-31418.04	23
-31325.8	-23
-31233.95	32
-31142.49	12
-31051.42	-30
-30960.73	-20
-30870.43	42
-30780.5	-23
-30690.95	36
-30601.77	-33
-30512.97	-12
-30424.53	-14
-30336.46	19
-30248.76	19
-30161.42	2
-30074.44	18
-29987.81	33
-29901.55	16
-29815.63	-1
-29730.07	-7
-29644.86	-9
-29560	-31
-29475.48	23
-29391.3	27
-29307.47	54
-29223.97	59
-29140.81	46
-29057.99	7
-28975.5	-41
-28893.34	-19
-28811.51	40
-28730	-3
-28648.82	90
-28567.97	15
-28487.43	37
-28407.21	27
-28327.32	25
-28247.73	1
-28168.46	0
-28089.5	26
-28010.85	-14
-27932.51	11
-27854.48	57
-27776.75	25
-27699.32	34
-27622.19	28
-27545.37	42
-27468.84	-36
-27392.6	49
-27316.66	0
-27241.01	51
-27165.66	37
-27090.59	26
-27015.81	12
-26941.31	52
-26867.1	15
-26793.17	31
-26719.52	30
-26646.15	9
-26573.06	30
-26500.24	-3
-26427.7	-7
-26355.43	29
-26283.43	-23
-26211.71	31
-26140.25	50
-26069.06	15
-25998.13	-20
-25927.46	49
-25857.06	51
-25786.92	15
-25717.04	11
-25647.42	9
-25578.05	-62
-25508.94	6
-25440.09	-16
-25371.48	15
-25303.13	49
-25235.02	-33
-25167.17	31
-25099.56	-68
-25032.19	6
-24965.07	-7
-24898.2	-11
-24831.56	4
-24765.17	-24
-24699.01	-18
-24633.1	-31
-24567.41	34
-24501.97	47
-24436.75	-7
-24371.77	39
-24307.03	24
-24242.51	4
-24178.22	-45
-24114.16	29
-24050.32	49
-23986.71	-18
-23923.32	-1
-23860.16	12
-23797.22	0
-23734.5	48
-23672	10
-23609.71	-60
-23547.65	-20
-23485.8	55
-23424.16	22
-23362.74	-39
-23301.53	7
-23240.54	-38
-23179.75	12
-23119.17	-10
-23058.8	5
-22998.64	-45
-22938.68	17
-22878.93	6
-22819.39	9
-22760.04	-4
-22700.9	-73
-22641.96	-49
-22583.22	4
-22524.68	0
-22466.33	-6
-22408.19	5
-22350.23	-27
-22292.48	38
-22234.92	58
-22177.55	-24
-22120.37	4
-22063.38	-34
-22006.58	4
-21949.98	-76
-21893.56	16
-21837.33	30
-21781.28	2
-21725.42	21
-21669.74	54
-21614.25	52
-21558.94	18
-21503.81	13
-21448.86	-16
-21394.1	7
-21339.51	-11
-21285.1	-19
-21230.86	23
-21176.81	1
-21122.93	-23
-21069.22	7
-21015.69	24
-20962.33	19
-20909.14	-13
-20856.13	20
-20803.28	44
-20750.61	26
-20698.1	21
-20645.76	13
-20593.59	25
-20541.59	-26
-20489.75	-34
-20438.07	-53
-20386.56	-12
-20335.22	10
-20284.03	16
-20233.01	-21
-20182.15	38
-20131.45	6
-20080.91	68
-20030.52	27
-19980.3	-27
-19930.23	3
-19880.32	10
-19830.56	29
-19780.96	-6
-19731.52	17
-19682.23	-1
-19633.09	15
-19584.1	29
-19535.26	-36
-19486.58	-3
-19438.04	3
-19389.66	20
-19341.42	-1
-19293.33	32
-19245.39	-25
-19197.6	8
-19149.95	-9
-19102.45	-5
-19055.09	-48
-19007.87	67
-18960.8	35
-18913.87	50
-18867.09	19
-18820.44	27
-18773.94	34
-18727.57	-21
-18681.35	-16
-18635.26	-21
-18589.31	-18
-18543.5	33
-18497.83	-14
-18452.29	-13
-18406.89	-22
-18361.63	13
-18316.5	8
-18271.5	-31
-18226.63	-28
-18181.9	28
-18137.3	18
-18092.84	-21
-18048.5	46
-18004.29	-25
-17960.22	7
-17916.27	-10
-17872.45	-25
-17828.76	3
-17785.2	30
-17741.77	12
-17698.46	18
-17655.28	-14
-17612.22	-39
-17569.29	3
-17526.48	-13
-17483.79	48
-17441.23	-46
-17398.79	-5
-17356.48	-16
-17314.28	-28
-17272.21	7
-17230.26	24
-17188.42	5
-17146.71	13
-17105.12	30
-17063.64	-13
-17022.28	2
-16981.04	13
-16939.92	-59
-16898.91	40
-16858.02	-25
-16817.25	-4
-16776.59	-15
-16736.04	37
-16695.61	-28
-16655.29	-18
-16615.09	-11
-16574.99	25
-16535.01	-20
-16495.15	-8
-16455.39	-20
-16415.74	45
-16376.21	-17
-16336.78	36
-16297.46	-18
-16258.26	-20
-16219.16	61
-16180.17	13
-16141.28	4
-16102.51	1
-16063.84	-18
-16025.27	17
-15986.82	14
-15948.46	7
-15910.22	35
-15872.07	-24
-15834.04	60
-15796.1	17
-15758.27	19
-15720.54	22
-15682.91	11
-15645.39	-10
-15607.97	55
-15570.64	28
-15533.42	8
-15496.3	67
-15459.28	0
-15422.36	30
-15385.54	-3
-15348.82	22
-15312.19	23
-15275.66	19
-15239.23	30
-15202.9	3
-15166.67	5
-15130.53	17
-15094.48	9
-15058.54	-2
-15022.68	3
-14986.93	-20
-14951.26	25
-14915.69	11
-14880.22	-36
-14844.84	24
-14809.55	-1
-14774.35	26
-14739.25	-38
-14704.24	-8
-14669.32	9
-14634.49	55
-14599.75	29
-14565.1	24
-14530.55	-23
-14496.08	-64
-14461.7	-5
-14427.41	2
-14393.21	44
-14359.1	-6
-14325.07	10
-14291.14	24
-14257.29	25
-14223.52	8
-14189.85	23
-14156.26	-68
-14122.76	13
-14089.34	37
-14056.01	39
-14022.76	8
-13989.6	-1
-13956.52	27
-13923.53	-19
-13890.62	26
-13857.79	26
-13825.05	7
-13792.39	13
-13759.81	18
-13727.31	14
-13694.9	56
-13662.57	38
-13630.31	0
-13598.14	30
-13566.05	-17
-13534.05	-19
-13502.12	37
-13470.27	34
-13438.5	24
-13406.8	-40
-13375.19	-39
-13343.66	15
-13312.2	14
-13280.83	6
-13249.53	13
-13218.3	22
-13187.16	13
-13156.09	81
-13125.1	14
-13094.18	6
-13063.34	-46
-13032.58	32
-13001.89	23
-12971.28	33
-12940.74	-39
-12910.27	42
-12879.88	53
-12849.57	14
-12819.33	22
-12789.16	-1
-12759.06	8
-12729.04	15
-12699.09	-22
-12669.21	-44
-12639.41	26
-12609.68	34
-12580.02	-44
-12550.43	-32
-12520.91	49
-12491.46	12
-12462.08	-1
-12432.77	1
-12403.54	19
-12374.37	78
-12345.27	-10
-12316.24	-6
-12287.29	16
-12258.4	2
-12229.57	25
-12200.82	10
-12172.14	34
-12143.52	13
-12114.97	49
-12086.49	26
-12058.07	19
-12029.73	6
-12001.44	-21
-11973.23	6
-11945.08	32
-11917	27
-11888.98	-14
-11861.03	38
-11833.15	26
-11805.32	-14
-11777.57	12
-11749.88	15
-11722.25	27
-11694.69	41
-11667.19	12
-11639.75	24
-11612.38	-9
-11585.07	33
-11557.83	-24
-11530.65	-22
-11503.53	-1
-11476.47	29
-11449.48	36
-11422.54	38
-11395.67	49
-11368.86	-16
-11342.11	9
-11315.43	-25
-11288.8	29
-11262.23	-4
-11235.73	16
-11209.28	-6
-11182.9	27
-11156.57	16
-11130.31	-20
-11104.1	-40
-11077.96	5
-11051.87	24
-11025.84	16
-10999.87	-5
-10973.96	37
-10948.11	-10
-10922.31	-24
-10896.58	63
-10870.9	79
-10845.28	-23
-10819.71	-24
-10794.2	61
-10768.75	36
-10743.36	-8
-10718.02	-24
-10692.74	-14
-10667.52	-29
-10642.35	56
-10617.24	-39
-10592.18	8
-10567.18	-3
-10542.23	-29
-10517.34	29
-10492.51	28
-10467.72	60
-10443	-54
-10418.32	-4
-10393.7	45
-10369.14	-13
-10344.63	-36
-10320.17	25
-10295.77	10
-10271.42	-23
-10247.12	20
-10222.88	2
-10198.68	-31
-10174.54	-21
-10150.46	-23
-10126.42	-46
-10102.44	-7
-10078.51	-18
-10054.63	-74
-10030.8	-44
-10007.03	-10
-9983.3	-15
-9959.63	-52
-9936.01	3
-9912.44	-57
-9888.92	-78
-9865.44	-24
-9842.02	-55
-9818.65	-26
-9795.33	-52
-9772.06	-124
-9748.84	-77
-9725.67	-90
-9702.55	-127
-9679.47	-160
-9656.45	-123
-9633.47	-160
-9610.55	-120
-9587.67	-161
-9564.84	-125
-9542.06	-192
-9519.32	-166
-9496.64	-262
-9474	-191
-9451.41	-259
-9428.87	-221
-9406.37	-252
-9383.92	-186
-9361.52	-255
-9339.17	-283
-9316.86	-325
-9294.6	-386
-9272.38	-397
-9250.21	-495
-9228.09	-399
-9206.01	-435
-9183.98	-441
-9162	-405
-9140.06	-320
-9118.16	-456
-9096.31	-272
-9074.51	-337
-9052.75	-438
-9031.04	-422
-9009.37	-335
-8987.74	-310
-8966.16	-272
-8944.63	-256
-8923.14	-183
-8901.69	-213
-8880.29	-299
-8858.93	-284
-8837.61	-346
-8816.34	-443
-8795.11	-328
-8773.92	-388
-8752.78	-188
-8731.68	-274
-8710.62	-300
-8689.61	-264
-8668.63	-316
-8647.7	-380
-8626.82	-406
-8605.97	-337
-8585.17	-343
-8564.41	-222
-8543.69	-299
-8523.01	-170
-8502.37	-280
-8481.78	-197
-8461.23	-383
-8440.71	-342
-8420.24	-363
-8399.81	-326
-8379.42	-333
-8359.08	-332
-8338.77	-249
-8318.5	-305
-8298.27	-176
-8278.09	-239
-8257.94	-288
-8237.83	-281
-8217.76	-339
-8197.74	-374
-8177.75	-386
-8157.8	-279
-8137.89	-279
-8118.02	-265
-8098.19	-159
-8078.4	-222
-8058.65	-202
-8038.93	-285
-8019.26	-264
-7999.62	-214
-7980.02	-239
-7960.46	-208
-7940.94	-206
-7921.46	-184
-7902.01	-180
-7882.6	-239
-7863.23	-212
-7843.9	-192
-7824.61	-180
-7805.35	-219
-7786.13	-303
-7766.95	-175
-7747.8	-248
-7728.69	-150
-7709.62	-236
-7690.59	-313
-7671.59	-244
-7652.63	-230
-7633.7	-177
-7614.81	-252
-7595.96	-248
-7577.15	-210
-7558.37	-155
-7539.62	-227
-7520.91	-190
-7502.24	-155
-7483.6	-245
-7465	-179
-7446.44	-173
-7427.91	-168
-7409.41	-183
-7390.95	-135
-7372.53	-65
-7354.14	-135
-7335.78	-69
-7317.46	-157
-7299.18	-160
-7280.92	-162
-7262.71	-177
-7244.52	-182
-7226.38	-249
-7208.26	-96
-7190.18	-206
-7172.14	-137
-7154.12	-222
-7136.15	-216
-7118.2	-173
-7100.29	-220
-7082.41	-160
-7064.57	-205
-7046.76	-105
-7028.98	-130
-7011.24	0
-6993.53	-111
-6975.85	-149
-6958.2	-36
-6940.59	-77
-6923.01	-102
-6905.46	-117
-6887.94	-167
-6870.46	-165
-6853.01	-176
-6835.59	-163
-6818.21	-117
-6800.85	-65
-6783.53	-131
-6766.24	-94
-6748.98	-109
-6731.76	-37
-6714.56	-41
-6697.4	-30
-6680.26	-41
-6663.16	-92
-6646.09	-81
-6629.05	-114
-6612.05	-109
-6595.07	-117
-6578.13	-137
-6561.21	-141
-6544.33	-56
-6527.47	-26
-6510.65	-96
-6493.86	-30
-6477.1	-71
-6460.36	-62
-6443.66	-78
-6426.99	-65
-6410.35	-33
-6393.74	-21
-6377.16	-100
-6360.61	-91
-6344.09	-148
-6327.59	-79
-6311.13	-50
-6294.7	-97
-6278.29	-87
-6261.92	-64
-6245.58	-93
-6229.26	-95
-6212.97	-110
-6196.72	-149
-6180.49	-5
-6164.29	-82
-6148.12	-20
-6131.98	-46
-6115.86	-41
-6099.78	20
-6083.72	17
-6067.69	-58
-6051.69	-58
-6035.72	-18
-6019.78	-13
-6003.87	-66
-5987.98	-46
-5972.12	-60
-5956.29	4
-5940.49	-109
-5924.71	-69
-5908.96	-17
-5893.24	16
-5877.55	2
-5861.89	-15
-5846.25	-35
-5830.64	-81
-5815.05	-51
-5799.5	-34
-5783.97	-25
-5768.47	-42
-5752.99	-48
-5737.55	-139
-5722.12	-78
-5706.73	-54
-5691.36	-93
-5676.02	-59
-5660.71	-49
-5645.42	-47
-5630.16	-28
-5614.92	-2
-5599.71	-55
-5584.53	-59
-5569.37	-47
-5554.24	-296
-5539.14	12
-5524.06	-66
-5509.01	-30
-5493.98	43
-5478.98	-61
-5464	-86
-5449.05	-40
-5434.13	11
-5419.23	-59
-5404.36	-26
-5389.51	-66
-5374.69	11
-5359.89	-62
-5345.12	-72
-5330.37	-80
-5315.65	7
-5300.95	-92
-5286.28	-56
-5271.63	20
-5257.01	-44
-5242.41	-7
-5227.84	-48
-5213.29	-10
-5198.76	8
-5184.26	12
-5169.79	43
-5155.33	-3
-5140.91	-30
-5126.51	-46
-5112.13	-32
-5097.77	-12
-5083.44	-9
-5069.13	-9
-5054.85	6
-5040.59	-29
-5026.36	-51
-5012.15	-21
-4997.96	10
-4983.8	12
-4969.66	15
-4955.54	31
-4941.44	-38
-4927.37	-119
-4913.33	-58
-4899.3	-94
-4885.3	-128
-4871.33	-63
-4857.37	-22
-4843.44	-26
-4829.53	18
-4815.65	10
-4801.79	-12
-4787.95	-24
-4774.13	-4
-4760.34	-32
-4746.56	67
-4732.82	-38
-4719.09	-28
-4705.38	-12
-4691.7	-24
-4678.04	-56
-4664.41	-41
-4650.79	-6
-4637.2	26
-4623.63	-6
-4610.08	-59
-4596.56	14
-4583.05	-59
-4569.57	-87
-4556.11	-103
-4542.67	36
-4529.25	-6
-4515.86	-50
-4502.49	-66
-4489.13	-74
-4475.8	-28
-4462.49	-16
-4449.21	-86
-4435.94	-7
-4422.7	-1
-4409.47	-55
-4396.27	-24
-4383.09	-13
-4369.93	16
-4356.79	-26
-4343.67	12
-4330.58	-24
-4317.5	-77
-4304.45	-5
-4291.41	-27
-4278.4	-41
-4265.41	-7
-4252.44	-23
-4239.49	-7
-4226.55	-29
-4213.65	-14
-4200.76	13
-4187.89	49
-4175.04	-6
-4162.21	19
-4149.4	-14
-4136.61	35
-4123.85	-30
-4111.1	-4
-4098.37	-1
-4085.66	39
-4072.98	-52
-4060.31	20
-4047.66	-59
-4035.04	-7
-4022.43	20
-4009.84	12
-3997.27	4
-3984.72	24
-3972.19	-36
-3959.69	-58
-3947.2	27
-3934.73	-25
-3922.27	29
-3909.84	-7
-3897.43	39
-3885.04	0
-3872.67	-6
-3860.31	25
-3847.98	3
-3835.66	6
-3823.36	-26
-3811.09	35
-3798.83	91
-3786.59	-26
-3774.37	24
-3762.17	29
-3749.98	21
-3737.82	-21
-3725.67	12
-3713.55	-6
-3701.44	5
-3689.35	28
-3677.28	-6
-3665.22	24
-3653.19	-13
-3641.17	24
-3629.18	38
-3617.2	13
-3605.24	22
-3593.3	36
-3581.37	-2
-3569.47	10
-3557.58	35
-3545.71	21
-3533.86	40
-3522.02	25
-3510.21	-41
-3498.41	-17
-3486.63	47
-3474.87	8
-3463.12	32
-3451.4	3
-3439.69	10
-3428	-59
-3416.33	33
-3404.67	15
-3393.03	25
-3381.41	28
-3369.81	2
-3358.22	-24
-3346.66	34
-3335.1	-7
-3323.57	38
-3312.06	18
-3300.56	64
-3289.08	-1
-3277.61	12
-3266.16	-1
-3254.73	-30
-3243.32	4
-3231.92	94
-3220.55	15
-3209.18	65
-3197.84	-7
-3186.51	21
-3175.2	8
-3163.9	-13
-3152.63	31
-3141.36	16
-3130.12	47
-3118.89	85
-3107.68	54
-3096.49	30
-3085.31	24
-3074.15	12
-3063	-38
-3051.87	44
-3040.76	-6
-3029.67	44
-3018.59	1
-3007.52	25
-2996.48	32
-2985.44	16
-2974.43	-74
-2963.43	28
-2952.45	52
-2941.48	15
-2930.53	1
-2919.6	39
-2908.68	-39
-2897.78	-74
-2886.89	-11
-2876.02	-41
-2865.17	-13
-2854.33	56
-2843.5	-49
-2832.7	-29
-2821.9	9
-2811.13	16
-2800.37	-38
-2789.62	36
-2778.89	13
-2768.18	30
-2757.48	-26
-2746.8	24
-2736.13	-14
-2725.48	-38
-2714.84	26
-2704.22	12
-2693.61	-22
-2683.02	17
-2672.45	38
-2661.89	-19
-2651.34	29
-2640.81	72
-2630.3	-24
-2619.8	-9
-2609.31	6
-2598.84	21
-2588.39	-9
-2577.95	18
-2567.52	-70
-2557.11	54
-2546.71	34
-2536.33	5
-2525.97	44
-2515.62	6
-2505.28	-28
-2494.96	-2
-2484.65	16
-2474.36	-29
-2464.08	52
-2453.82	52
-2443.57	54
-2433.33	57
-2423.11	-24
-2412.91	23
-2402.72	-31
-2392.54	-49
-2382.38	-30
-2372.23	7
-2362.09	-15
-2351.97	-4
-2341.87	56
-2331.78	17
-2321.7	44
-2311.64	30
-2301.59	22
-2291.55	-24
-2281.53	27
-2271.53	-14
-2261.53	25
-2251.55	24
-2241.59	-23
-2231.64	1
-2221.7	-15
-2211.78	23
-2201.87	-5
-2191.97	14
-2182.09	-17
-2172.22	35
-2162.37	22
-2152.53	28
-2142.7	5
-2132.89	-5
-2123.09	-23
-2113.3	75
-2103.53	-30
-2093.77	-32
-2084.02	43
-2074.29	-6
-2064.57	54
-2054.86	19
-2045.17	-13
-2035.49	-31
-2025.82	-20
-2016.17	11
-2006.53	9
-1996.91	46
-1987.29	-4
-1977.69	15
-1968.11	-35
-1958.53	-3
-1948.97	3
-1939.42	43
-1929.89	3
-1920.37	60
-1910.86	-9
-1901.36	21
-1891.88	46
-1882.41	-7
-1872.95	-54
-1863.51	-10
-1854.08	22
-1844.66	7
-1835.26	41
-1825.86	6
-1816.48	-29
-1807.11	-19
-1797.76	-47
-1788.42	5
-1779.09	2
-1769.77	-6
-1760.47	67
-1751.17	35
-1741.89	30
-1732.63	24
-1723.37	-16
-1714.13	-29
-1704.9	-44
-1695.68	23
-1686.48	8
-1677.29	43
-1668.11	-39
-1658.94	-6
-1649.78	-77
-1640.64	-35
-1631.51	3
-1622.39	-30
-1613.28	7
-1604.19	-27
-1595.1	17
-1586.03	47
-1576.97	5
-1567.93	28
-1558.89	8
-1549.87	0
-1540.86	9
-1531.86	6
-1522.87	53
-1513.9	57
-1504.93	-49
-1495.98	31
-1487.04	37
-1478.12	39
-1469.2	1
-1460.3	-5
-1451.4	0
-1442.52	9
-1433.65	-23
-1424.8	-27
-1415.95	11
-1407.12	21
-1398.3	18
-1389.48	-13
-1380.69	19
-1371.9	-19
-1363.12	-10
-1354.36	-36
-1345.6	-11
-1336.86	-2
-1328.13	3
-1319.41	-28
-1310.7	-14
-1302.01	35
-1293.32	49
-1284.65	38
-1275.99	-21
-1267.33	-5
-1258.69	58
-1250.06	-23
-1241.45	18
-1232.84	19
-1224.25	-3
-1215.66	33
-1207.09	-17
-1198.53	-5
-1189.97	53
-1181.43	-20
-1172.91	36
-1164.39	46
-1155.88	1
-1147.38	-7
-1138.9	-1
-1130.43	48
-1121.96	-16
-1113.51	58
-1105.07	17
-1096.64	44
-1088.22	36
-1079.81	-15
-1071.41	22
-1063.02	-18
-1054.65	27
-1046.28	21
-1037.92	-43
-1029.58	21
-1021.24	6
-1012.92	29
-1004.61	35
-996.3	34
-988.01	-21
-979.73	13
-971.46	-2
-963.2	-21
-954.95	-3
-946.71	-18
-938.48	45
-930.26	-24
-922.06	14
-913.86	25
-905.67	-28
-897.49	-4
-889.33	20
-881.17	8
-873.02	4
-864.89	-2
-856.76	-23
-848.65	61
-840.54	-6
-832.45	28
-824.36	-30
-816.29	16
-808.22	7
-800.17	38
-792.12	53
-784.09	55
-776.06	-5
-768.05	23
-760.04	28
-752.05	37
-744.07	-19
-736.09	43
-728.13	-25
-720.17	48
-712.23	-10
-704.29	4
-696.37	11
-688.45	63
-680.55	66
-672.65	31
-664.77	-13
-656.89	-24
-649.03	-13
-641.17	33
-633.32	36
-625.49	31
-617.66	37
-609.84	64
-602.03	-2
-594.23	-52
-586.45	-15
-578.67	23
-570.9	26
-563.14	-8
-555.39	9
-547.65	12
-539.91	-14
-532.19	0
-524.48	-39
-516.78	18
-509.08	-15
-501.4	-9
-493.72	51
-486.06	32
-478.4	19
-470.76	49
-463.12	34
-455.49	-15
-447.87	15
-440.26	-19
-432.66	20
-425.07	55
-417.49	33
-409.92	32
-402.35	-39
-394.8	32
-387.25	49
-379.72	27
-372.19	21
-364.67	42
-357.17	41
-349.67	16
-342.18	-4
-334.69	67
-327.22	14
-319.76	-26
-312.3	28
-304.86	54
-297.42	35
-290	15
-282.58	25
-275.17	79
-267.77	14
-260.37	48
-252.99	-12
-245.62	40
-238.25	34
-230.9	47
-223.55	22
-216.21	92
-208.88	77
-201.56	94
-194.25	82
-186.94	100
-179.65	50
-172.36	24
-165.08	123
-157.81	117
-150.55	125
-143.3	175
-136.06	168
-128.82	154
-121.6	168
-114.38	162
-107.17	163
-99.97	269
-92.78	227
-85.6	311
-78.42	356
-71.25	431
-64.1	510
-56.95	571
-49.81	691
-42.67	820
-35.55	1032
-28.43	1323
-21.33	2323
-14.23	7910
-7.14	48600
-0.05	59908
7.02	59832
14.09	25756
21.14	6070
28.19	2645
35.23	1726
42.27	1382
49.29	1126
56.31	936
63.32	716
70.32	625
77.31	548
84.29	522
91.27	450
98.23	382
105.19	323
112.14	357
119.09	548
126.02	742
132.95	838
139.87	849
146.78	847
153.68	812
160.58	819
167.46	742
174.34	737
181.21	725
188.08	743
194.93	670
201.78	728
208.62	740
215.45	698
222.27	670
229.09	667
235.9	613
242.7	610
249.49	638
256.27	639
263.05	565
269.82	585
276.58	608
283.33	627
290.08	591
296.82	588
303.55	642
310.27	580
316.98	580
323.69	573
330.39	599
337.08	532
343.76	575
350.44	517
357.11	519
363.77	514
370.42	499
377.07	475
383.71	490
390.34	467
396.96	559
403.58	475
410.19	507
416.79	545
423.38	518
429.97	527
436.55	494
443.12	453
449.68	483
456.24	426
462.79	499
469.33	436
475.86	432
482.39	490
488.91	390
495.42	436
501.93	393
508.42	385
514.91	429
521.4	437
527.87	454
534.34	392
540.8	416
547.25	396
553.7	487
560.14	407
566.57	376
573	322
579.41	411
585.83	392
592.23	340
598.62	397
605.01	408
611.4	365
617.77	359
624.14	365
630.5	379
636.85	366
643.2	329
649.54	350
655.87	352
662.2	344
668.52	365
674.83	407
681.13	375
687.43	385
693.72	389
700	381
706.28	387
712.55	322
718.81	335
725.07	385
731.32	337
737.56	403
743.79	308
750.02	361
756.24	440
762.46	323
768.67	379
774.87	373
781.06	327
787.25	346
793.43	376
799.6	321
805.77	383
811.93	364
818.08	366
824.23	389
830.37	295
836.5	425
842.63	353
848.75	386
854.87	401
860.97	347
867.07	398
873.17	382
879.25	355
885.33	323
891.41	349
897.47	377
903.53	392
909.59	427
915.63	368
921.67	288
927.71	394
933.74	358
939.76	257
945.77	314
951.78	327
957.78	318
963.78	311
969.77	339
975.75	327
981.72	371
987.69	263
993.66	369
999.61	306
1005.56	383
1011.51	345
1017.44	324
1023.37	295
1029.3	379
1035.22	358
1041.13	344
1047.03	381
1052.93	539
1058.83	703
1064.71	817
1070.59	653
1076.47	468
1082.33	433
1088.2	401
1094.05	403
1099.9	337
1105.74	377
1111.58	436
1117.41	426
1123.23	610
1129.05	841
1134.86	699
1140.67	527
1146.47	394
1152.26	340
1158.05	319
1163.83	394
1169.6	329
1175.37	307
1181.13	343
1186.89	295
1192.64	371
1198.38	301
1204.12	277
1209.85	303
1215.58	337
1221.3	348
1227.02	331
1232.72	347
1238.43	340
1244.12	314
1249.81	317
1255.5	286
1261.17	322
1266.85	336
1272.51	392
1278.17	399
1283.83	498
1289.47	747
1295.12	1042
1300.75	836
1306.38	651
1312.01	503
1317.63	460
1323.24	368
1328.85	341
1334.45	336
1340.04	324
1345.63	391
1351.22	386
1356.8	373
1362.37	383
1367.93	395
1373.49	457
1379.05	401
1384.6	370
1390.14	359
1395.68	424
1401.21	413
1406.74	483
1412.26	477
1417.77	592
1423.28	728
1428.78	721
1434.28	938
1439.77	1021
1445.26	993
1450.74	896
1456.22	864
1461.68	840
1467.15	832
1472.61	675
1478.06	584
1483.51	454
1488.95	375
1494.38	351
1499.81	342
1505.24	344
1510.65	350
1516.07	348
1521.48	307
1526.88	258
1532.27	292
1537.67	281
1543.05	246
1548.43	266
1553.81	287
1559.18	302
1564.54	296
1569.9	326
1575.25	274
1580.6	211
1585.94	247
1591.28	286
1596.61	233
1601.93	270
1607.25	258
1612.57	274
1617.88	262
1623.18	278
1628.48	225
1633.77	261
1639.06	306
1644.34	239
1649.62	247
1654.89	243
1660.16	236
1665.42	237
1670.67	186
1675.92	254
1681.17	209
1686.41	250
1691.64	167
1696.87	230
1702.1	235
1707.32	229
1712.53	282
1717.74	249
1722.94	144
1728.14	243
1733.33	210
1738.52	199
1743.7	160
1748.88	241
1754.05	242
1759.22	157
1764.38	557
1769.53	243
1774.69	182
1779.83	175
1784.97	248
1790.11	155
1795.24	210
1800.36	161
1805.48	191
1810.6	188
1815.71	191
1820.82	168
1825.92	160
1831.01	146
1836.1	130
1841.19	198
1846.26	222
1851.34	179
1856.41	187
1861.47	169
1866.53	198
1871.59	153
1876.64	186
1881.68	194
1886.72	48
1891.76	189
1896.79	142
1901.81	165
1906.83	195
1911.85	130
1916.86	179
1921.86	104
1926.86	174
1931.86	173
1936.85	171
1941.83	162
1946.81	160
1951.79	155
1956.76	138
1961.72	160
1966.68	134
1971.64	150
1976.59	156
1981.54	174
1986.48	167
1991.42	96
1996.35	169
2001.27	131
2006.2	160
2011.11	173
2016.03	104
2020.93	67
2025.84	83
2030.73	158
2035.63	130
2040.52	141
2045.4	136
2050.28	138
2055.15	110
2060.02	96
2064.89	185
2069.75	127
2074.6	108
2079.46	160
2084.3	111
2089.14	66
2093.98	134
2098.81	103
2103.64	128
2108.46	126
2113.28	102
2118.09	155
2122.9	65
2127.7	102
2132.5	119
2137.3	155
2142.09	108
2146.87	123
2151.66	61
2156.43	97
2161.2	65
2165.97	74
2170.73	108
2175.49	114
2180.24	127
2184.99	142
2189.74	129
2194.48	186
2199.21	105
2203.94	59
2208.67	153
2213.39	128
2218.11	45
2222.82	97
2227.53	118
2232.23	162
2236.93	124
2241.63	105
2246.32	23
2251	77
2255.68	153
2260.36	95
2265.03	121
2269.7	93
2274.36	68
2279.02	123
2283.68	113
2288.33	92
2292.97	89
2297.61	85
2302.25	75
2306.88	113
2311.51	72
2316.14	82
2320.75	50
2325.37	80
2329.98	52
2334.59	75
2339.19	58
2343.79	84
2348.38	116
2352.97	77
2357.55	84
2362.13	121
2366.71	84
2371.28	98
2375.85	108
2380.41	57
2384.97	47
2389.52	57
2394.07	86
2398.62	77
2403.16	57
2407.7	121
2412.23	97
2416.76	90
2421.29	108
2425.81	115
2430.32	31
2434.84	133
2439.34	135
2443.85	91
2448.35	58
2452.84	36
2457.33	151
2461.82	106
2466.3	81
2470.78	75
2475.25	126
2479.72	71
2484.19	115
2488.65	136
2493.11	82
2497.56	65
2502.01	76
2506.46	51
2510.9	84
2515.34	28
2519.77	115
2524.2	90
2528.62	62
2533.04	60
2537.46	72
2541.87	26
2546.28	96
2550.68	149
2555.08	56
2559.48	60
2563.87	97
2568.26	99
2572.64	77
2577.02	40
2581.4	87
2585.77	113
2590.14	66
2594.5	94
2598.86	66
2603.22	84
2607.57	41
2611.92	119
2616.26	53
2620.6	90
2624.94	38
2629.27	82
2633.6	116
2637.92	89
2642.24	70
2646.56	93
2650.87	145
2655.18	152
2659.48	100
2663.78	157
2668.08	156
2672.37	97
2676.66	98
2680.95	89
2685.23	85
2689.5	91
2693.78	104
2698.05	115
2702.31	79
2706.57	120
2710.83	128
2715.08	193
2719.33	166
2723.58	124
2727.82	150
2732.06	118
2736.29	167
2740.53	151
2744.75	123
2748.97	136
2753.19	140
2757.41	73
2761.62	85
2765.83	186
2770.03	158
2774.23	73
2778.43	98
2782.62	145
2786.81	173
2791	112
2795.18	120
2799.35	129
2803.53	150
2807.7	184
2811.86	163
2816.03	229
2820.19	147
2824.34	239
2828.49	259
2832.64	315
2836.78	442
2840.92	489
2845.06	595
2849.19	789
2853.32	725
2857.45	733
2861.57	764
2865.69	729
2869.8	625
2873.91	769
2878.02	775
2882.12	972
2886.22	937
2890.32	842
2894.41	795
2898.5	713
2902.58	611
2906.67	553
2910.74	498
2914.82	482
2918.89	362
2922.96	439
2927.02	402
2931.08	332
2935.13	349
2939.19	279
2943.24	183
2947.28	237
2951.32	179
2955.36	131
2959.4	172
2963.43	170
2967.46	144
2971.48	127
2975.5	109
2979.52	142
2983.53	105
2987.54	45
2991.55	121
2995.55	86
2999.55	98
3003.54	130
3007.54	94
3011.53	55
3015.51	56
3019.49	70
3023.47	54
3027.45	80
3031.42	13
3035.39	64
3039.35	73
3043.31	51
3047.27	74
3051.22	28
3055.17	50
3059.12	33
3063.06	36
3067	65
3070.94	-4
3074.87	110
3078.8	51
3082.73	63
3086.65	31
3090.57	61
3094.49	77
3098.4	58
3102.31	84
3106.22	4
3110.12	33
3114.02	44
3117.92	0
3121.81	-2
3125.7	65
3129.58	84
3133.47	23
3137.34	-1
3141.22	53
3145.09	9
3148.96	51
3152.83	23
3156.69	14
3160.55	57
3164.4	0
3168.26	28
3172.1	32
3175.95	26
3179.79	68
3183.63	50
3187.47	63
3191.3	-24
3195.13	28
3198.95	12
3202.78	89
3206.6	80
3210.41	42
3214.23	38
3218.03	67
3221.84	17
3225.64	64
3229.44	11
3233.24	49
3237.03	-14
3240.82	24
3244.61	46
3248.39	50
3252.17	27
3255.95	40
3259.72	-6
3263.49	71
3267.26	61
3271.03	38
3274.79	37
3278.54	38
3282.3	20
3286.05	87
3289.8	-4
3293.54	50
3297.29	37
3301.02	59
3304.76	37
3308.49	-12
3312.22	35
3315.95	20
3319.67	13
3323.39	8
3327.1	17
3330.82	24
3334.53	8
3338.24	10
3341.94	-26
3345.64	14
3349.34	-15
3353.03	-17
3356.72	40
3360.41	21
3364.1	-29
3367.78	67
3371.46	79
3375.13	-39
3378.81	28
3382.48	-16
3386.14	71
3389.81	4
3393.47	60
3397.12	11
3400.78	63
3404.43	14
3408.08	-20
3411.72	-3
3415.36	50
3419	0
3422.64	-21
3426.27	4
3429.9	7
3433.53	26
3437.15	60
3440.77	37
3444.39	8
3448	43
3451.62	6
3455.22	45
3458.83	-48
3462.43	-38
3466.03	29
3469.63	33
3473.22	73
3476.81	2
3480.4	62
3483.99	4
3487.57	-11
3491.15	-6
3494.72	15
3498.29	13
3501.86	54
3505.43	27
3508.99	-56
3512.56	9
3516.11	21
3519.67	-48
3523.22	13
3526.77	9
3530.32	39
3533.86	27
3537.4	24
3540.94	57
3544.47	40
3548	24
3551.53	31
3555.06	37
3558.58	35
3562.1	-24
3565.62	9
3569.13	4
3572.64	34
3576.15	-12
3579.66	22
3583.16	36
3586.66	10
3590.16	62
3593.65	9
3597.14	10
3600.63	-2
3604.11	19
3607.6	32
3611.08	30
3614.55	25
3618.03	-27
3621.5	40
3624.97	49
3628.43	-13
3631.9	18
3635.36	-2
3638.81	-14
3642.27	-24
3645.72	-25
3649.17	-19
3652.61	18
3656.06	9
3659.5	48
3662.93	-5
3666.37	35
3669.8	83
3673.23	79
3676.65	38
3680.08	31
3683.5	10
3686.92	-6
3690.33	31
3693.74	0
3697.15	39
3700.56	-14
3703.96	-23
3707.36	15
3710.76	60
3714.16	38
3717.55	-42
3720.94	-27
3724.33	-17
3727.71	16
3731.1	6
3734.48	5
3737.85	-12
3741.23	48
3744.6	-28
3747.97	-2
3751.33	-3
3754.69	-7
3758.05	-5
3761.41	48
3764.77	-41
3768.12	63
3771.47	-31
3774.82	0
3778.16	5
3781.5	5
3784.84	-1
3788.18	-1
