-37534.58	6
-37414.56	0
-37295.11	-2
-37176.24	4
-37057.95	285
-36940.22	165
-36823.05	230
-36706.45	407
-36590.4	247
-36474.9	196
-36359.95	339
-36245.55	211
-36131.68	315
-36018.35	263
-35905.55	227
-35793.29	324
-35681.54	339
-35570.32	270
-35459.62	230
-35349.43	301
-35239.75	287
-35130.58	250
-35021.91	265
-34913.74	260
-34806.07	347
-34698.89	323
-34592.2	222
-34486	276
-34380.28	314
-34275.04	202
-34170.27	316
-34065.98	321
-33962.16	334
-33858.81	394
-33755.92	191
-33653.49	299
-33551.52	171
-33450.01	140
-33348.94	316
-33248.33	293
-33148.16	239
-33048.43	259
-32949.14	285
-32850.29	226
-32751.87	190
-32653.89	343
-32556.33	275
-32459.2	351
-32362.49	321
-32266.19	309
-32170.32	284
-32074.86	406
-31979.82	235
-31885.18	364
-31790.95	337
-31697.12	281
-31603.69	263
-31510.67	269
-31418.04	210
-31325.8	225
-31233.95	283
-31142.49	361
-31051.42	371
-30960.73	372
-30870.43	388
-30780.5	335
-30690.95	357
-30601.77	331
-30512.97	278
-30424.53	209
-30336.46	285
-30248.76	280
-30161.42	311
-30074.44	358
-29987.81	306
-29901.55	433
-29815.63	249
-29730.07	402
-29644.86	272
-29560	262
-29475.48	267
-29391.3	246
-29307.47	269
-29223.97	318
-29140.81	411
-29057.99	394
-28975.5	297
-28893.34	358
-28811.51	284
-28730	327
-28648.82	338
-28567.97	279
-28487.43	234
-28407.21	334
-28327.32	325
-28247.73	466
-28168.46	353
-28089.5	279
-28010.85	351
-27932.51	355
-27854.48	367
-27776.75	276
-27699.32	258
-27622.19	251
-27545.37	341
-27468.84	280
-27392.6	213
-27316.66	361
-27241.01	262
-27165.66	378
-27090.59	275
-27015.81	301
-26941.31	362
-26867.1	317
-26793.17	372
-26719.52	230
-26646.15	233
-26573.06	317
-26500.24	312
-26427.7	183
-26355.43	322
-26283.43	213
-26211.71	361
-26140.25	255
-26069.06	302
-25998.13	299
-25927.46	271
-25857.06	247
-25786.92	181
-25717.04	233
-25647.42	294
-25578.05	208
-25508.94	474
-25440.09	238
-25371.48	308
-25303.13	345
-25235.02	372
-25167.17	231
-25099.56	365
-25032.19	233
-24965.07	291
-24898.2	282
-24831.56	288
-24765.17	312
-24699.01	331
-24633.1	313
-24567.41	249
-24501.97	270
-24436.75	311
-24371.77	296
-24307.03	267
-24242.51	351
-24178.22	279
-24114.16	328
-24050.32	380
-23986.71	284
-23923.32	224
-23860.16	263
-23797.22	235
-23734.5	295
-23672	329
-23609.71	222
-23547.65	356
-23485.8	372
-23424.16	284
-23362.74	316
-23301.53	159
-23240.54	364
-23179.75	177
-23119.17	309
-23058.8	298
-22998.64	206
-22938.68	329
-22878.93	311
-22819.39	250
-22760.04	233
-22700.9	360
-22641.96	345
-22583.22	278
-22524.68	200
-22466.33	264
-22408.19	256
-22350.23	324
-22292.48	276
-22234.92	228
-22177.55	328
-22120.37	375
-22063.38	249
-22006.58	276
-21949.98	264
-21893.56	254
-21837.33	238
-21781.28	297
-21725.42	253
-21669.74	369
-21614.25	306
-21558.94	215
-21503.81	482
-21448.86	301
-21394.1	343
-21339.51	214
-21285.1	311
-21230.86	252
-21176.81	215
-21122.93	261
-21069.22	201
-21015.69	326
-20962.33	394
-20909.14	202
-20856.13	247
-20803.28	224
-20750.61	227
-20698.1	315
-20645.76	236
-20593.59	252
-20541.59	260
-20489.75	320
-20438.07	261
-20386.56	312
-20335.22	317
-20284.03	244
-20233.01	383
-20182.15	262
-20131.45	341
-20080.91	198
-20030.52	321
-19980.3	317
-19930.23	263
-19880.32	218
-19830.56	189
-19780.96	226
-19731.52	173
-19682.23	342
-19633.09	289
-19584.1	270
-19535.26	190
-19486.58	323
-19438.04	322
-19389.66	360
-19341.42	289
-19293.33	155
-19245.39	239
-19197.6	310
-19149.95	324
-19102.45	276
-19055.09	242
-19007.87	360
-18960.8	303
-18913.87	235
-18867.09	195
-18820.44	300
-18773.94	285
-18727.57	260
-18681.35	238
-18635.26	296
-18589.31	216
-18543.5	260
-18497.83	290
-18452.29	342
-18406.89	337
-18361.63	313
-18316.5	190
-18271.5	324
-18226.63	305
-18181.9	296
-18137.3	369
-18092.84	281
-18048.5	294
-18004.29	292
-17960.22	216
-17916.27	246
-17872.45	363
-17828.76	264
-17785.2	251
-17741.77	232
-17698.46	222
-17655.28	245
-17612.22	358
-17569.29	297
-17526.48	261
-17483.79	278
-17441.23	227
-17398.79	168
-17356.48	339
-17314.28	246
-17272.21	330
-17230.26	223
-17188.42	194
-17146.71	333
-17105.12	229
-17063.64	238
-17022.28	243
-16981.04	349
-16939.92	271
-16898.91	245
-16858.02	221
-16817.25	279
-16776.59	240
-16736.04	229
-16695.61	291
-16655.29	334
-16615.09	329
-16574.99	309
-16535.01	223
-16495.15	233
-16455.39	259
-16415.74	265
-16376.21	260
-16336.78	286
-16297.46	255
-16258.26	286
-16219.16	313
-16180.17	246
-16141.28	354
-16102.51	415
-16063.84	278
-16025.27	245
-15986.82	264
-15948.46	339
-15910.22	238
-15872.07	261
-15834.04	300
-15796.1	249
-15758.27	216
-15720.54	268
-15682.91	212
-15645.39	176
-15607.97	217
-15570.64	215
-15533.42	286
-15496.3	261
-15459.28	203
-15422.36	295
-15385.54	343
-15348.82	250
-15312.19	258
-15275.66	286
-15239.23	260
-15202.9	307
-15166.67	212
-15130.53	298
-15094.48	349
-15058.54	272
-15022.68	299
-14986.93	315
-14951.26	225
-14915.69	321
-14880.22	197
-14844.84	300
-14809.55	299
-14774.35	234
-14739.25	352
-14704.24	214
-14669.32	222
-14634.49	358
-14599.75	329
-14565.1	343
-14530.55	211
-14496.08	242
-14461.7	312
-14427.41	272
-14393.21	247
-14359.1	266
-14325.07	301
-14291.14	347
-14257.29	353
-14223.52	316
-14189.85	308
-14156.26	253
-14122.76	202
-14089.34	273
-14056.01	364
-14022.76	284
-13989.6	225
-13956.52	255
-13923.53	149
-13890.62	379
-13857.79	265
-13825.05	281
-13792.39	234
-13759.81	332
-13727.31	307
-13694.9	276
-13662.57	334
-13630.31	333
-13598.14	221
-13566.05	338
-13534.05	330
-13502.12	214
-13470.27	349
-13438.5	224
-13406.8	247
-13375.19	326
-13343.66	271
-13312.2	368
-13280.83	334
-13249.53	152
-13218.3	186
-13187.16	285
-13156.09	255
-13125.1	353
-13094.18	316
-13063.34	293
-13032.58	246
-13001.89	167
-12971.28	237
-12940.74	258
-12910.27	321
-12879.88	249
-12849.57	236
-12819.33	362
-12789.16	277
-12759.06	223
-12729.04	300
-12699.09	-820
-12669.21	367
-12639.41	171
-12609.68	273
-12580.02	308
-12550.43	374
-12520.91	178
-12491.46	215
-12462.08	309
-12432.77	208
-12403.54	181
-12374.37	354
-12345.27	355
-12316.24	299
-12287.29	345
-12258.4	162
-12229.57	251
-12200.82	261
-12172.14	316
-12143.52	216
-12114.97	207
-12086.49	288
-12058.07	312
-12029.73	276
-12001.44	236
-11973.23	261
-11945.08	203
-11917	390
-11888.98	273
-11861.03	308
-11833.15	291
-11805.32	253
-11777.57	388
-11749.88	224
-11722.25	244
-11694.69	284
-11667.19	235
-11639.75	315
-11612.38	247
-11585.07	319
-11557.83	296
-11530.65	338
-11503.53	286
-11476.47	281
-11449.48	257
-11422.54	398
-11395.67	399
-11368.86	319
-11342.11	235
-11315.43	349
-11288.8	345
-11262.23	260
-11235.73	220
-11209.28	411
-11182.9	291
-11156.57	352
-11130.31	345
-11104.1	310
-11077.96	311
-11051.87	179
-11025.84	322
-10999.87	275
-10973.96	426
-10948.11	206
-10922.31	436
-10896.58	319
-10870.9	345
-10845.28	295
-10819.71	273
-10794.2	268
-10768.75	297
-10743.36	316
-10718.02	219
-10692.74	294
-10667.52	331
-10642.35	235
-10617.24	269
-10592.18	217
-10567.18	235
-10542.23	347
-10517.34	402
-10492.51	356
-10467.72	264
-10443	194
-10418.32	261
-10393.7	315
-10369.14	214
-10344.63	317
-10320.17	261
-10295.77	308
-10271.42	192
-10247.12	273
-10222.88	271
-10198.68	289
-10174.54	281
-10150.46	121
-10126.42	225
-10102.44	251
-10078.51	307
-10054.63	241
-10030.8	285
-10007.03	271
-9983.3	265
-9959.63	207
-9936.01	240
-9912.44	220
-9888.92	194
-9865.44	236
-9842.02	288
-9818.65	218
-9795.33	159
-9772.06	155
-9748.84	202
-9725.67	196
-9702.55	93
-9679.47	190
-9656.45	43
-9633.47	97
-9610.55	113
-9587.67	222
-9564.84	195
-9542.06	253
-9519.32	4
-9496.64	-39
-9474	-15
-9451.41	37
-9428.87	-44
-9406.37	-1
-9383.92	-65
-9361.52	-94
-9339.17	-166
-9316.86	-97
-9294.6	-177
-9272.38	-177
-9250.21	-53
-9228.09	-200
-9206.01	-223
-9183.98	-337
-9162	-239
-9140.06	-100
-9118.16	-81
-9096.31	-267
-9074.51	-123
-9052.75	-180
-9031.04	-15
-9009.37	-173
-8987.74	-91
-8966.16	66
-8944.63	-22
-8923.14	60
-8901.69	24
-8880.29	-122
-8858.93	-29
-8837.61	-159
-8816.34	-51
-8795.11	-190
-8773.92	-232
-8752.78	-11
-8731.68	-88
-8710.62	-7
-8689.61	-130
-8668.63	-144
-8647.7	-97
-8626.82	-135
-8605.97	-58
-8585.17	-164
-8564.41	-215
-8543.69	-45
-8523.01	-152
-8502.37	-22
-8481.78	6
-8461.23	-126
-8440.71	-178
-8420.24	-117
-8399.81	-103
-8379.42	-152
-8359.08	-198
-8338.77	10
-8318.5	-86
-8298.27	-17
-8278.09	98
-8257.94	-15
-8237.83	-86
-8217.76	-76
-8197.74	-262
-8177.75	-94
-8157.8	-227
-8137.89	-24
-8118.02	3
-8098.19	-28
-8078.4	-102
-8058.65	-145
-8038.93	-32
-8019.26	-42
-7999.62	64
-7980.02	-103
-7960.46	-38
-7940.94	7
-7921.46	-29
-7902.01	-74
-7882.6	101
-7863.23	136
-7843.9	-34
-7824.61	-95
-7805.35	6
-7786.13	30
-7766.95	-46
-7747.8	-64
-7728.69	37
-7709.62	36
-7690.59	91
-7671.59	-26
-7652.63	-127
-7633.7	-24
-7614.81	-114
-7595.96	-47
-7577.15	-36
-7558.37	92
-7539.62	27
-7520.91	-83
-7502.24	-20
-7483.6	50
-7465	-51
-7446.44	39
-7427.91	55
-7409.41	31
-7390.95	76
-7372.53	43
-7354.14	94
-7335.78	49
-7317.46	145
-7299.18	40
-7280.92	-5
-7262.71	-82
-7244.52	136
-7226.38	-119
-7208.26	-101
-7190.18	165
-7172.14	52
-7154.12	58
-7136.15	114
-7118.2	108
-7100.29	170
-7082.41	53
-7064.57	94
-7046.76	131
-7028.98	2
-7011.24	55
-6993.53	66
-6975.85	150
-6958.2	134
-6940.59	223
-6923.01	114
-6905.46	144
-6887.94	193
-6870.46	120
-6853.01	78
-6835.59	132
-6818.21	74
-6800.85	129
-6783.53	137
-6766.24	184
-6748.98	153
-6731.76	142
-6714.56	158
-6697.4	147
-6680.26	138
-6663.16	306
-6646.09	66
-6629.05	151
-6612.05	101
-6595.07	68
-6578.13	133
-6561.21	141
-6544.33	116
-6527.47	231
-6510.65	247
-6493.86	345
-6477.1	251
-6460.36	277
-6443.66	184
-6426.99	226
-6410.35	223
-6393.74	224
-6377.16	330
-6360.61	119
-6344.09	293
-6327.59	162
-6311.13	181
-6294.7	250
-6278.29	235
-6261.92	107
-6245.58	162
-6229.26	53
-6212.97	217
-6196.72	248
-6180.49	247
-6164.29	267
-6148.12	348
-6131.98	174
-6115.86	308
-6099.78	167
-6083.72	96
-6067.69	246
-6051.69	181
-6035.72	244
-6019.78	300
-6003.87	255
-5987.98	236
-5972.12	204
-5956.29	191
-5940.49	191
-5924.71	189
-5908.96	232
-5893.24	174
-5877.55	243
-5861.89	287
-5846.25	302
-5830.64	206
-5815.05	207
-5799.5	216
-5783.97	204
-5768.47	253
-5752.99	427
-5737.55	303
-5722.12	133
-5706.73	179
-5691.36	200
-5676.02	139
-5660.71	263
-5645.42	332
-5630.16	272
-5614.92	195
-5599.71	194
-5584.53	323
-5569.37	237
-5554.24	423
-5539.14	233
-5524.06	151
-5509.01	206
-5493.98	146
-5478.98	132
-5464	282
-5449.05	202
-5434.13	283
-5419.23	192
-5404.36	204
-5389.51	193
-5374.69	231
-5359.89	106
-5345.12	173
-5330.37	240
-5315.65	238
-5300.95	316
-5286.28	266
-5271.63	250
-5257.01	284
-5242.41	140
-5227.84	238
-5213.29	270
-5198.76	222
-5184.26	214
-5169.79	274
-5155.33	274
-5140.91	238
-5126.51	228
-5112.13	290
-5097.77	204
-5083.44	228
-5069.13	147
-5054.85	242
-5040.59	240
-5026.36	190
-5012.15	188
-4997.96	262
-4983.8	287
-4969.66	276
-4955.54	256
-4941.44	227
-4927.37	295
-4913.33	167
-4899.3	103
-4885.3	237
-4871.33	206
-4857.37	246
-4843.44	278
-4829.53	338
-4815.65	241
-4801.79	187
-4787.95	122
-4774.13	328
-4760.34	205
-4746.56	334
-4732.82	302
-4719.09	190
-4705.38	204
-4691.7	308
-4678.04	351
-4664.41	261
-4650.79	265
-4637.2	221
-4623.63	214
-4610.08	145
-4596.56	116
-4583.05	193
-4569.57	144
-4556.11	340
-4542.67	168
-4529.25	176
-4515.86	124
-4502.49	209
-4489.13	98
-4475.8	188
-4462.49	261
-4449.21	278
-4435.94	234
-4422.7	236
-4409.47	140
-4396.27	327
-4383.09	193
-4369.93	289
-4356.79	306
-4343.67	377
-4330.58	319
-4317.5	323
-4304.45	276
-4291.41	268
-4278.4	258
-4265.41	157
-4252.44	344
-4239.49	268
-4226.55	289
-4213.65	320
-4200.76	301
-4187.89	202
-4175.04	268
-4162.21	234
-4149.4	245
-4136.61	263
-4123.85	365
-4111.1	236
-4098.37	244
-4085.66	231
-4072.98	351
-4060.31	343
-4047.66	313
-4035.04	318
-4022.43	315
-4009.84	275
-3997.27	240
-3984.72	289
-3972.19	282
-3959.69	220
-3947.2	258
-3934.73	351
-3922.27	300
-3909.84	346
-3897.43	308
-3885.04	191
-3872.67	328
-3860.31	313
-3847.98	367
-3835.66	229
-3823.36	419
-3811.09	275
-3798.83	233
-3786.59	380
-3774.37	249
-3762.17	291
-3749.98	407
-3737.82	239
-3725.67	243
-3713.55	317
-3701.44	299
-3689.35	260
-3677.28	289
-3665.22	307
-3653.19	220
-3641.17	210
-3629.18	186
-3617.2	265
-3605.24	145
-3593.3	345
-3581.37	290
-3569.47	349
-3557.58	317
-3545.71	298
-3533.86	396
-3522.02	278
-3510.21	215
-3498.41	185
-3486.63	291
-3474.87	227
-3463.12	275
-3451.4	277
-3439.69	259
-3428	296
-3416.33	346
-3404.67	289
-3393.03	332
-3381.41	226
-3369.81	321
-3358.22	220
-3346.66	358
-3335.1	358
-3323.57	324
-3312.06	305
-3300.56	295
-3289.08	265
-3277.61	281
-3266.16	196
-3254.73	276
-3243.32	186
-3231.92	195
-3220.55	358
-3209.18	383
-3197.84	326
-3186.51	256
-3175.2	322
-3163.9	432
-3152.63	412
-3141.36	451
-3130.12	323
-3118.89	352
-3107.68	256
-3096.49	303
-3085.31	327
-3074.15	310
-3063	279
-3051.87	349
-3040.76	231
-3029.67	310
-3018.59	354
-3007.52	220
-2996.48	278
-2985.44	338
-2974.43	399
-2963.43	334
-2952.45	224
-2941.48	266
-2930.53	326
-2919.6	163
-2908.68	311
-2897.78	189
-2886.89	327
-2876.02	346
-2865.17	272
-2854.33	220
-2843.5	316
-2832.7	208
-2821.9	336
-2811.13	377
-2800.37	301
-2789.62	312
-2778.89	367
-2768.18	424
-2757.48	260
-2746.8	303
-2736.13	277
-2725.48	302
-2714.84	194
-2704.22	234
-2693.61	195
-2683.02	376
-2672.45	219
-2661.89	284
-2651.34	395
-2640.81	221
-2630.3	332
-2619.8	243
-2609.31	313
-2598.84	222
-2588.39	368
-2577.95	329
-2567.52	357
-2557.11	345
-2546.71	296
-2536.33	385
-2525.97	308
-2515.62	294
-2505.28	276
-2494.96	249
-2484.65	293
-2474.36	316
-2464.08	299
-2453.82	396
-2443.57	384
-2433.33	205
-2423.11	255
-2412.91	382
-2402.72	266
-2392.54	300
-2382.38	256
-2372.23	201
-2362.09	718
-2351.97	235
-2341.87	220
-2331.78	249
-2321.7	258
-2311.64	329
-2301.59	207
-2291.55	226
-2281.53	324
-2271.53	153
-2261.53	342
-2251.55	238
-2241.59	319
-2231.64	478
-2221.7	238
-2211.78	327
-2201.87	332
-2191.97	376
-2182.09	302
-2172.22	360
-2162.37	330
-2152.53	235
-2142.7	218
-2132.89	254
-2123.09	284
-2113.3	202
-2103.53	356
-2093.77	298
-2084.02	206
-2074.29	347
-2064.57	401
-2054.86	288
-2045.17	333
-2035.49	300
-2025.82	277
-2016.17	290
-2006.53	239
-1996.91	406
-1987.29	341
-1977.69	357
-1968.11	303
-1958.53	204
-1948.97	400
-1939.42	296
-1929.89	312
-1920.37	346
-1910.86	291
-1901.36	276
-1891.88	338
-1882.41	308
-1872.95	270
-1863.51	296
-1854.08	255
-1844.66	238
-1835.26	338
-1825.86	287
-1816.48	341
-1807.11	344
-1797.76	372
-1788.42	408
-1779.09	184
-1769.77	228
-1760.47	363
-1751.17	300
-1741.89	295
-1732.63	340
-1723.37	402
-1714.13	339
-1704.9	222
-1695.68	239
-1686.48	246
-1677.29	367
-1668.11	330
-1658.94	392
-1649.78	385
-1640.64	305
-1631.51	388
-1622.39	282
-1613.28	277
-1604.19	395
-1595.1	338
-1586.03	185
-1576.97	259
-1567.93	255
-1558.89	323
-1549.87	304
-1540.86	295
-1531.86	271
-1522.87	309
-1513.9	350
-1504.93	382
-1495.98	382
-1487.04	355
-1478.12	271
-1469.2	316
-1460.3	298
-1451.4	375
-1442.52	352
-1433.65	267
-1424.8	370
-1415.95	285
-1407.12	308
-1398.3	283
-1389.48	330
-1380.69	297
-1371.9	260
-1363.12	329
-1354.36	370
-1345.6	294
-1336.86	335
-1328.13	328
-1319.41	358
-1310.7	419
-1302.01	305
-1293.32	300
-1284.65	384
-1275.99	413
-1267.33	452
-1258.69	274
-1250.06	279
-1241.45	348
-1232.84	342
-1224.25	368
-1215.66	315
-1207.09	298
-1198.53	416
-1189.97	240
-1181.43	329
-1172.91	281
-1164.39	357
-1155.88	128
-1147.38	245
-1138.9	343
-1130.43	329
-1121.96	325
-1113.51	186
-1105.07	254
-1096.64	316
-1088.22	268
-1079.81	233
-1071.41	336
-1063.02	251
-1054.65	288
-1046.28	243
-1037.92	340
-1029.58	355
-1021.24	254
-1012.92	362
-1004.61	380
-996.3	455
-988.01	265
-979.73	357
-971.46	330
-963.2	271
-954.95	199
-946.71	405
-938.48	251
-930.26	350
-922.06	336
-913.86	249
-905.67	365
-897.49	243
-889.33	349
-881.17	262
-873.02	256
-864.89	352
-856.76	367
-848.65	225
-840.54	381
-832.45	348
-824.36	217
-816.29	259
-808.22	289
-800.17	333
-792.12	443
-784.09	371
-776.06	165
-768.05	295
-760.04	396
-752.05	300
-744.07	312
-736.09	309
-728.13	249
-720.17	284
-712.23	339
-704.29	331
-696.37	366
-688.45	304
-680.55	371
-672.65	320
-664.77	283
-656.89	241
-649.03	286
-641.17	338
-633.32	361
-625.49	277
-617.66	285
-609.84	271
-602.03	187
-594.23	378
-586.45	260
-578.67	303
-570.9	385
-563.14	306
-555.39	222
-547.65	363
-539.91	211
-532.19	344
-524.48	307
-516.78	303
-509.08	360
-501.4	402
-493.72	369
-486.06	291
-478.4	335
-470.76	348
-463.12	406
-455.49	268
-447.87	284
-440.26	261
-432.66	333
-425.07	151
-417.49	325
-409.92	292
-402.35	389
-394.8	241
-387.25	289
-379.72	157
-372.19	468
-364.67	366
-357.17	385
-349.67	311
-342.18	384
-334.69	449
-327.22	312
-319.76	370
-312.3	301
-304.86	365
-297.42	405
-290	270
-282.58	328
-275.17	343
-267.77	390
-260.37	381
-252.99	328
-245.62	517
-238.25	438
-230.9	410
-223.55	443
-216.21	482
-208.88	480
-201.56	585
-194.25	540
-186.94	564
-179.65	568
-172.36	576
-165.08	730
-157.81	697
-150.55	717
-143.3	808
-136.06	961
-128.82	910
-121.6	1019
-114.38	1088
-107.17	1227
-99.97	1289
-92.78	1487
-85.6	1582
-78.42	1796
-71.25	1965
-64.1	2407
-56.95	2777
-49.81	3097
-42.67	3866
-35.55	4818
-28.43	6152
-21.33	9728
-14.23	28712
-7.14	56900
-0.05	56699
7.02	56375
14.09	56687
21.14	31271
28.19	13145
35.23	8186
42.27	6251
49.29	5245
56.31	4343
63.32	3800
70.32	3078
77.31	2635
84.29	2401
91.27	2088
98.23	1914
105.19	1770
112.14	1818
119.09	2486
126.02	3436
132.95	3562
139.87	3615
146.78	3387
153.68	3289
160.58	3209
167.46	3151
174.34	2956
181.21	3003
188.08	3093
194.93	3094
201.78	2940
208.62	3014
215.45	2918
222.27	2953
229.09	2946
235.9	2878
242.7	2900
249.49	2892
256.27	2639
263.05	2782
269.82	2751
276.58	2720
283.33	2581
290.08	2586
296.82	2526
303.55	2407
310.27	2482
316.98	2529
323.69	2576
330.39	2394
337.08	2525
343.76	2462
350.44	2512
357.11	2388
363.77	2348
370.42	2397
377.07	2302
383.71	2317
390.34	2254
396.96	2276
403.58	2294
410.19	2350
416.79	2477
423.38	2546
429.97	2310
436.55	2156
443.12	2152
449.68	2071
456.24	2150
462.79	2112
469.33	2163
475.86	2047
482.39	1955
488.91	2164
495.42	1952
501.93	2025
508.42	2077
514.91	2031
521.4	1954
527.87	1945
534.34	1804
540.8	1931
547.25	1844
553.7	1979
560.14	2015
566.57	1832
573	1855
579.41	1877
585.83	1844
592.23	1896
598.62	1795
605.01	1786
611.4	1916
617.77	1852
624.14	1833
630.5	1801
636.85	1727
643.2	1741
649.54	1785
655.87	1671
662.2	1816
668.52	1776
674.83	1852
681.13	1672
687.43	1787
693.72	1721
700	1816
706.28	1667
712.55	1766
718.81	1680
725.07	1674
731.32	1710
737.56	1685
743.79	1871
750.02	1564
756.24	1756
762.46	1721
768.67	1769
774.87	1673
781.06	1651
787.25	1517
793.43	1706
799.6	1533
805.77	1595
811.93	1595
818.08	1629
824.23	1623
830.37	1760
836.5	1749
842.63	1617
848.75	1719
854.87	1669
860.97	1679
867.07	1733
873.17	1775
879.25	1661
885.33	1662
891.41	1743
897.47	1709
903.53	1642
909.59	1576
915.63	1619
921.67	1688
927.71	1596
933.74	1468
939.76	1441
945.77	1480
951.78	1552
957.78	1443
963.78	1482
969.77	1438
975.75	1580
981.72	1426
987.69	2109
993.66	1444
999.61	1607
1005.56	1452
1011.51	1545
1017.44	1499
1023.37	1486
1029.3	1506
1035.22	1601
1041.13	1649
1047.03	1648
1052.93	1763
1058.83	2162
1064.71	2203
1070.59	1976
1076.47	1830
1082.33	1756
1088.2	1779
1094.05	1583
1099.9	1518
1105.74	1572
1111.58	1401
1117.41	1598
1123.23	1921
1129.05	2048
1134.86	1970
1140.67	1740
1146.47	1559
1152.26	1447
1158.05	1346
1163.83	1398
1169.6	1496
1175.37	1473
1181.13	1416
1186.89	1350
1192.64	1423
1198.38	1377
1204.12	1423
1209.85	1419
1215.58	1281
1221.3	1411
1227.02	1294
1232.72	1413
1238.43	1348
1244.12	1397
1249.81	1419
1255.5	1445
1261.17	1338
1266.85	1450
1272.51	1555
1278.17	1496
1283.83	1632
1289.47	2041
1295.12	2551
1300.75	2402
1306.38	2149
1312.01	1848
1317.63	1812
1323.24	1633
1328.85	1548
1334.45	1505
1340.04	1529
1345.63	1551
1351.22	1606
1356.8	1584
1362.37	1588
1367.93	1497
1373.49	1614
1379.05	1682
1384.6	1596
1390.14	1572
1395.68	1627
1401.21	1598
1406.74	1523
1412.26	1714
1417.77	1908
1423.28	1926
1428.78	2219
1434.28	2464
1439.77	2777
1445.26	2706
1450.74	2636
1456.22	2539
1461.68	2379
1467.15	2226
1472.61	1870
1478.06	1859
1483.51	1731
1488.95	1528
1494.38	1536
1499.81	1441
1505.24	1331
1510.65	1412
1516.07	1314
1521.48	1320
1526.88	1394
1532.27	1331
1537.67	1262
1543.05	1302
1548.43	1153
1553.81	1336
1559.18	1305
1564.54	1317
1569.9	1252
1575.25	1337
1580.6	1192
1585.94	1213
1591.28	1215
1596.61	1159
1601.93	1249
1607.25	1251
1612.57	1114
1617.88	1152
1623.18	1211
1628.48	1114
1633.77	1171
1639.06	1259
1644.34	1137
1649.62	1042
1654.89	1189
1660.16	1070
1665.42	1117
1670.67	1121
1675.92	1125
1681.17	1186
1686.41	1064
1691.64	1108
1696.87	1098
1702.1	1009
1707.32	1033
1712.53	1069
1717.74	977
1722.94	1109
1728.14	903
1733.33	1042
1738.52	1023
1743.7	1084
1748.88	943
1754.05	1038
1759.22	996
1764.38	-32
1769.53	963
1774.69	988
1779.83	952
1784.97	945
1790.11	946
1795.24	993
1800.36	988
1805.48	1052
1810.6	1061
1815.71	895
1820.82	949
1825.92	955
1831.01	948
1836.1	931
1841.19	849
1846.26	857
1851.34	901
1856.41	832
1861.47	873
1866.53	912
1871.59	935
1876.64	923
1881.68	825
1886.72	896
1891.76	747
1896.79	795
1901.81	820
1906.83	838
1911.85	804
1916.86	758
1921.86	946
1926.86	789
1931.86	715
1936.85	752
1941.83	787
1946.81	741
1951.79	745
1956.76	748
1961.72	809
1966.68	658
1971.64	837
1976.59	748
1981.54	724
1986.48	816
1991.42	752
1996.35	801
2001.27	715
2006.2	804
2011.11	822
2016.03	740
2020.93	623
2025.84	764
2030.73	676
2035.63	790
2040.52	767
2045.4	836
2050.28	772
2055.15	762
2060.02	749
2064.89	661
2069.75	731
2074.6	748
2079.46	677
2084.3	757
2089.14	670
2093.98	728
2098.81	623
2103.64	697
2108.46	752
2113.28	710
2118.09	689
2122.9	763
2127.7	709
2132.5	680
2137.3	652
2142.09	704
2146.87	543
2151.66	748
2156.43	658
2161.2	616
2165.97	726
2170.73	683
2175.49	693
2180.24	751
2184.99	684
2189.74	797
2194.48	747
2199.21	679
2203.94	683
2208.67	704
2213.39	857
2218.11	682
2222.82	673
2227.53	756
2232.23	644
2236.93	557
2241.63	610
2246.32	622
2251	573
2255.68	604
2260.36	617
2265.03	696
2269.7	617
2274.36	494
2279.02	744
2283.68	573
2288.33	608
2292.97	587
2297.61	668
2302.25	502
2306.88	534
2311.51	565
2316.14	557
2320.75	582
2325.37	523
2329.98	501
2334.59	597
2339.19	583
2343.79	538
2348.38	532
2352.97	495
2357.55	632
2362.13	688
2366.71	550
2371.28	596
2375.85	595
2380.41	528
2384.97	594
2389.52	612
2394.07	612
2398.62	650
2403.16	487
2407.7	520
2412.23	527
2416.76	559
2421.29	564
2425.81	601
2430.32	558
2434.84	508
2439.34	555
2443.85	496
2448.35	494
2452.84	487
2457.33	532
2461.82	433
2466.3	480
2470.78	525
2475.25	474
2479.72	509
2484.19	421
2488.65	494
2493.11	464
2497.56	608
2502.01	459
2506.46	494
2510.9	505
2515.34	566
2519.77	521
2524.2	446
2528.62	549
2533.04	494
2537.46	490
2541.87	452
2546.28	497
2550.68	522
2555.08	487
2559.48	640
2563.87	451
2568.26	538
2572.64	589
2577.02	603
2581.4	441
2585.77	467
2590.14	453
2594.5	472
2598.86	553
2603.22	496
2607.57	627
2611.92	523
2616.26	512
2620.6	548
2624.94	582
2629.27	528
2633.6	448
2637.92	487
2642.24	405
2646.56	502
2650.87	407
2655.18	456
2659.48	451
2663.78	634
2668.08	637
2672.37	588
2676.66	544
2680.95	593
2685.23	572
2689.5	504
2693.78	541
2698.05	452
2702.31	565
2706.57	675
2710.83	575
2715.08	583
2719.33	551
2723.58	647
2727.82	738
2732.06	705
2736.29	592
2740.53	567
2744.75	638
2748.97	623
2753.19	514
2757.41	654
2761.62	495
2765.83	606
2770.03	539
2774.23	554
2778.43	513
2782.62	595
2786.81	687
2791	627
2795.18	736
2799.35	584
2803.53	596
2807.7	649
2811.86	703
2816.03	791
2820.19	785
2824.34	902
2828.49	924
2832.64	1092
2836.78	1278
2840.92	1311
2845.06	1663
2849.19	1893
2853.32	2060
2857.45	2066
2861.57	1994
2865.69	1987
2869.8	1941
2873.91	1938
2878.02	2185
2882.12	2206
2886.22	2202
2890.32	2205
2894.41	1904
2898.5	1936
2902.58	1771
2906.67	1696
2910.74	1577
2914.82	1427
2918.89	1442
2922.96	1422
2927.02	1306
2931.08	1230
2935.13	1121
2939.19	1161
2943.24	987
2947.28	947
2951.32	968
2955.36	755
2959.4	853
2963.43	751
2967.46	739
2971.48	507
2975.5	630
2979.52	697
2983.53	552
2987.54	501
2991.55	597
2995.55	606
2999.55	511
3003.54	459
3007.54	433
3011.53	500
3015.51	416
3019.49	448
3023.47	458
3027.45	366
3031.42	456
3035.39	294
3039.35	467
3043.31	397
3047.27	388
3051.22	457
3055.17	391
3059.12	378
3063.06	370
3067	508
3070.94	276
3074.87	354
3078.8	354
3082.73	261
3086.65	429
3090.57	401
3094.49	459
3098.4	282
3102.31	437
3106.22	420
3110.12	400
3114.02	422
3117.92	439
3121.81	393
3125.7	336
3129.58	175
3133.47	406
3137.34	353
3141.22	319
3145.09	417
3148.96	350
3152.83	260
3156.69	366
3160.55	382
3164.4	449
3168.26	367
3172.1	447
3175.95	325
3179.79	440
3183.63	403
3187.47	311
3191.3	316
3195.13	500
3198.95	378
3202.78	422
3206.6	312
3210.41	399
3214.23	315
3218.03	349
3221.84	238
3225.64	379
3229.44	272
3233.24	336
3237.03	332
3240.82	383
3244.61	365
3248.39	353
3252.17	272
3255.95	361
3259.72	305
3263.49	409
3267.26	307
3271.03	354
3274.79	377
3278.54	370
3282.3	306
3286.05	329
3289.8	537
3293.54	358
3297.29	431
3301.02	390
3304.76	373
3308.49	389
3312.22	304
3315.95	313
3319.67	278
3323.39	379
3327.1	314
3330.82	375
3334.53	353
3338.24	310
3341.94	346
3345.64	303
3349.34	326
3353.03	431
3356.72	322
3360.41	282
3364.1	408
3367.78	313
3371.46	351
3375.13	300
3378.81	440
3382.48	375
3386.14	588
3389.81	430
3393.47	299
3397.12	384
3400.78	400
3404.43	251
3408.08	367
3411.72	424
3415.36	377
3419	425
3422.64	391
3426.27	274
3429.9	277
3433.53	323
3437.15	339
3440.77	257
3444.39	331
3448	322
3451.62	312
3455.22	343
3458.83	201
3462.43	384
3466.03	368
3469.63	345
3473.22	420
3476.81	291
3480.4	288
3483.99	228
3487.57	365
3491.15	329
3494.72	296
3498.29	377
3501.86	299
3505.43	269
3508.99	221
3512.56	188
3516.11	325
3519.67	283
3523.22	345
3526.77	312
3530.32	226
3533.86	301
3537.4	301
3540.94	287
3544.47	316
3548	202
3551.53	233
3555.06	306
3558.58	349
3562.1	299
3565.62	256
3569.13	252
3572.64	263
3576.15	324
3579.66	331
3583.16	252
3586.66	295
3590.16	331
3593.65	305
3597.14	285
3600.63	364
3604.11	368
3607.6	220
3611.08	308
3614.55	227
3618.03	293
3621.5	308
3624.97	314
3628.43	395
3631.9	300
3635.36	331
3638.81	317
3642.27	293
3645.72	239
3649.17	258
3652.61	315
3656.06	322
3659.5	211
3662.93	344
3666.37	118
3669.8	243
3673.23	266
3676.65	304
3680.08	350
3683.5	228
3686.92	237
3690.33	200
3693.74	269
3697.15	272
3700.56	249
3703.96	326
3707.36	153
3710.76	180
3714.16	261
3717.55	197
3720.94	268
3724.33	246
3727.71	226
3731.1	241
3734.48	236
3737.85	221
3741.23	218
3744.6	255
3747.97	264
3751.33	303
3754.69	299
3758.05	245
3761.41	187
3764.77	260
3768.12	129
3771.47	218
3774.82	330
3778.16	-5
3781.5	-1
3784.84	1
3788.18	2
