-37534.58	-3
-37414.56	-1
-37295.11	4
-37176.24	0
-37057.95	78
-36940.22	-38
-36823.05	-84
-36706.45	155
-36590.4	26
-36474.9	-16
-36359.95	145
-36245.55	-14
-36131.68	141
-36018.35	55
-35905.55	-26
-35793.29	92
-35681.54	80
-35570.32	114
-35459.62	-9
-35349.43	5
-35239.75	7
-35130.58	45
-35021.91	50
-34913.74	-44
-34806.07	62
-34698.89	120
-34592.2	27
-34486	57
-34380.28	-43
-34275.04	47
-34170.27	35
-34065.98	18
-33962.16	44
-33858.81	72
-33755.92	31
-33653.49	71
-33551.52	-37
-33450.01	-36
-33348.94	28
-33248.33	102
-33148.16	-11
-33048.43	13
-32949.14	-36
-32850.29	46
-32751.87	27
-32653.89	72
-32556.33	115
-32459.2	64
-32362.49	-22
-32266.19	5
-32170.32	30
-32074.86	148
-31979.82	-11
-31885.18	60
-31790.95	-13
-31697.12	-43
-31603.69	-113
-31510.67	-3
-31418.04	101
-31325.8	7
-31233.95	8
-31142.49	12
-31051.42	175
-30960.73	145
-30870.43	101
-30780.5	90
-30690.95	37
-30601.77	79
-30512.97	47
-30424.53	-27
-30336.46	-29
-30248.76	60
-30161.42	41
-30074.44	41
-29987.81	-7
-29901.55	44
-29815.63	-53
-29730.07	136
-29644.86	-31
-29560	83
-29475.48	-59
-29391.3	31
-29307.47	-12
-29223.97	64
-29140.81	89
-29057.99	4
-28975.5	112
-28893.34	84
-28811.51	-7
-28730	24
-28648.82	62
-28567.97	-6
-28487.43	22
-28407.21	-20
-28327.32	51
-28247.73	74
-28168.46	70
-28089.5	-1
-28010.85	15
-27932.51	29
-27854.48	108
-27776.75	-1
-27699.32	49
-27622.19	-44
-27545.37	121
-27468.84	-36
-27392.6	-62
-27316.66	103
-27241.01	109
-27165.66	63
-27090.59	7
-27015.81	88
-26941.31	17
-26867.1	38
-26793.17	-5
-26719.52	101
-26646.15	22
-26573.06	58
-26500.24	6
-26427.7	42
-26355.43	115
-26283.43	-120
-26211.71	29
-26140.25	-23
-26069.06	29
-25998.13	58
-25927.46	23
-25857.06	-12
-25786.92	-117
-25717.04	-2
-25647.42	34
-25578.05	11
-25508.94	128
-25440.09	39
-25371.48	48
-25303.13	139
-25235.02	81
-25167.17	40
-25099.56	59
-25032.19	51
-24965.07	32
-24898.2	78
-24831.56	-40
-24765.17	94
-24699.01	119
-24633.1	-26
-24567.41	-53
-24501.97	15
-24436.75	24
-24371.77	20
-24307.03	-4
-24242.51	138
-24178.22	38
-24114.16	129
-24050.32	60
-23986.71	-49
-23923.32	-65
-23860.16	46
-23797.22	36
-23734.5	-39
-23672	67
-23609.71	52
-23547.65	53
-23485.8	97
-23424.16	56
-23362.74	104
-23301.53	-32
-23240.54	6
-23179.75	-11
-23119.17	-12
-23058.8	-4
-22998.64	-9
-22938.68	134
-22878.93	29
-22819.39	48
-22760.04	38
-22700.9	61
-22641.96	60
-22583.22	-3
-22524.68	11
-22466.33	90
-22408.19	-1
-22350.23	2
-22292.48	4
-22234.92	-35
-22177.55	0
-22120.37	103
-22063.38	16
-22006.58	98
-21949.98	1
-21893.56	-24
-21837.33	15
-21781.28	-17
-21725.42	-37
-21669.74	31
-21614.25	121
-21558.94	23
-21503.81	71
-21448.86	119
-21394.1	108
-21339.51	-13
-21285.1	18
-21230.86	81
-21176.81	-53
-21122.93	-80
-21069.22	-13
-21015.69	10
-20962.33	109
-20909.14	-20
-20856.13	92
-20803.28	-5
-20750.61	7
-20698.1	94
-20645.76	43
-20593.59	-17
-20541.59	-44
-20489.75	17
-20438.07	67
-20386.56	137
-20335.22	106
-20284.03	-20
-20233.01	62
-20182.15	-11
-20131.45	118
-20080.91	-38
-20030.52	-6
-19980.3	72
-19930.23	97
-19880.32	-23
-19830.56	-94
-19780.96	6
-19731.52	-23
-19682.23	-20
-19633.09	124
-19584.1	103
-19535.26	63
-19486.58	153
-19438.04	40
-19389.66	66
-19341.42	50
-19293.33	-71
-19245.39	-58
-19197.6	33
-19149.95	29
-19102.45	-14
-19055.09	21
-19007.87	75
-18960.8	32
-18913.87	-11
-18867.09	-19
-18820.44	68
-18773.94	15
-18727.57	-52
-18681.35	109
-18635.26	33
-18589.31	-93
-18543.5	41
-18497.83	129
-18452.29	70
-18406.89	84
-18361.63	11
-18316.5	-41
-18271.5	145
-18226.63	56
-18181.9	24
-18137.3	112
-18092.84	9
-18048.5	92
-18004.29	44
-17960.22	-24
-17916.27	86
-17872.45	53
-17828.76	72
-17785.2	-55
-17741.77	-23
-17698.46	86
-17655.28	-43
-17612.22	32
-17569.29	17
-17526.48	-55
-17483.79	50
-17441.23	-74
-17398.79	-43
-17356.48	108
-17314.28	10
-17272.21	50
-17230.26	70
-17188.42	-24
-17146.71	72
-17105.12	95
-17063.64	110
-17022.28	27
-16981.04	85
-16939.92	92
-16898.91	12
-16858.02	71
-16817.25	-20
-16776.59	-37
-16736.04	-12
-16695.61	7
-16655.29	128
-16615.09	140
-16574.99	30
-16535.01	-55
-16495.15	-18
-16455.39	27
-16415.74	50
-16376.21	56
-16336.78	19
-16297.46	-6
-16258.26	100
-16219.16	39
-16180.17	13
-16141.28	-9
-16102.51	122
-16063.84	80
-16025.27	56
-15986.82	1
-15948.46	0
-15910.22	42
-15872.07	26
-15834.04	91
-15796.1	111
-15758.27	-67
-15720.54	129
-15682.91	-74
-15645.39	-19
-15607.97	51
-15570.64	59
-15533.42	-11
-15496.3	38
-15459.28	-49
-15422.36	43
-15385.54	158
-15348.82	-27
-15312.19	21
-15275.66	16
-15239.23	51
-15202.9	-42
-15166.67	11
-15130.53	14
-15094.48	-27
-15058.54	-86
-15022.68	0
-14986.93	36
-14951.26	49
-14915.69	122
-14880.22	1
-14844.84	44
-14809.55	50
-14774.35	102
-14739.25	89
-14704.24	57
-14669.32	35
-14634.49	34
-14599.75	124
-14565.1	23
-14530.55	68
-14496.08	88
-14461.7	88
-14427.41	73
-14393.21	-12
-14359.1	11
-14325.07	-15
-14291.14	71
-14257.29	16
-14223.52	29
-14189.85	-9
-14156.26	3
-14122.76	68
-14089.34	-15
-14056.01	85
-14022.76	24
-13989.6	-10
-13956.52	-71
-13923.53	-36
-13890.62	79
-13857.79	-42
-13825.05	47
-13792.39	-14
-13759.81	35
-13727.31	1
-13694.9	49
-13662.57	0
-13630.31	51
-13598.14	52
-13566.05	31
-13534.05	24
-13502.12	56
-13470.27	38
-13438.5	42
-13406.8	-7
-13375.19	0
-13343.66	92
-13312.2	46
-13280.83	83
-13249.53	-56
-13218.3	-22
-13187.16	5
-13156.09	82
-13125.1	76
-13094.18	80
-13063.34	4
-13032.58	47
-13001.89	-156
-12971.28	60
-12940.74	-3
-12910.27	48
-12879.88	33
-12849.57	-4
-12819.33	33
-12789.16	6
-12759.06	93
-12729.04	74
-12699.09	140
-12669.21	68
-12639.41	-83
-12609.68	48
-12580.02	10
-12550.43	110
-12520.91	-52
-12491.46	-29
-12462.08	73
-12432.77	-44
-12403.54	-102
-12374.37	76
-12345.27	63
-12316.24	-21
-12287.29	127
-12258.4	7
-12229.57	29
-12200.82	55
-12172.14	74
-12143.52	40
-12114.97	30
-12086.49	78
-12058.07	28
-12029.73	-37
-12001.44	-21
-11973.23	27
-11945.08	-6
-11917	62
-11888.98	48
-11861.03	54
-11833.15	19
-11805.32	6
-11777.57	76
-11749.88	42
-11722.25	132
-11694.69	31
-11667.19	-66
-11639.75	25
-11612.38	-19
-11585.07	73
-11557.83	12
-11530.65	59
-11503.53	47
-11476.47	2
-11449.48	100
-11422.54	147
-11395.67	119
-11368.86	-29
-11342.11	-7
-11315.43	129
-11288.8	118
-11262.23	-81
-11235.73	12
-11209.28	130
-11182.9	49
-11156.57	57
-11130.31	65
-11104.1	65
-11077.96	-13
-11051.87	-11
-11025.84	33
-10999.87	6
-10973.96	53
-10948.11	27
-10922.31	-12
-10896.58	48
-10870.9	35
-10845.28	93
-10819.71	78
-10794.2	1
-10768.75	50
-10743.36	79
-10718.02	10
-10692.74	70
-10667.52	73
-10642.35	9
-10617.24	-73
-10592.18	-19
-10567.18	36
-10542.23	-40
-10517.34	55
-10492.51	-34
-10467.72	35
-10443	-67
-10418.32	7
-10393.7	31
-10369.14	-110
-10344.63	21
-10320.17	54
-10295.77	-62
-10271.42	-21
-10247.12	-2
-10222.88	-175
-10198.68	29
-10174.54	-142
-10150.46	-132
-10126.42	-95
-10102.44	-88
-10078.51	-65
-10054.63	-193
-10030.8	-140
-10007.03	-92
-9983.3	-63
-9959.63	-154
-9936.01	-263
-9912.44	-145
-9888.92	-231
-9865.44	-139
-9842.02	-126
-9818.65	-215
-9795.33	-271
-9772.06	-261
-9748.84	-257
-9725.67	-226
-9702.55	-275
-9679.47	-329
-9656.45	-429
-9633.47	-404
-9610.55	-474
-9587.67	-409
-9564.84	-532
-9542.06	-521
-9519.32	-632
-9496.64	-813
-9474	-749
-9451.41	-891
-9428.87	-876
-9406.37	-909
-9383.92	-867
-9361.52	-781
-9339.17	-1034
-9316.86	-1068
-9294.6	-1151
-9272.38	-1285
-9250.21	-1264
-9228.09	-1480
-9206.01	-1597
-9183.98	-1465
-9162	-1383
-9140.06	-1246
-9118.16	-1251
-9096.31	-1288
-9074.51	-1307
-9052.75	-1420
-9031.04	-1288
-9009.37	-1240
-8987.74	-1209
-8966.16	-869
-8944.63	-1080
-8923.14	-852
-8901.69	-866
-8880.29	-1116
-8858.93	-1004
-8837.61	-1121
-8816.34	-1005
-8795.11	-1206
-8773.92	-1140
-8752.78	-1078
-8731.68	-994
-8710.62	-939
-8689.61	-1025
-8668.63	-1013
-8647.7	-1184
-8626.82	-1081
-8605.97	-1024
-8585.17	-1040
-8564.41	-942
-8543.69	-858
-8523.01	-823
-8502.37	-859
-8481.78	-794
-8461.23	-923
-8440.71	-1082
-8420.24	-1048
-8399.81	-1015
-8379.42	-1140
-8359.08	-1144
-8338.77	-902
-8318.5	-924
-8298.27	-875
-8278.09	-716
-8257.94	-853
-8237.83	-901
-8217.76	-1070
-8197.74	-1115
-8177.75	-946
-8157.8	-1014
-8137.89	-872
-8118.02	-747
-8098.19	-822
-8078.4	-797
-8058.65	-905
-8038.93	-850
-8019.26	-884
-7999.62	-743
-7980.02	-790
-7960.46	-729
-7940.94	-704
-7921.46	-716
-7902.01	-654
-7882.6	-588
-7863.23	-628
-7843.9	-799
-7824.61	-716
-7805.35	-784
-7786.13	-824
-7766.95	-787
-7747.8	-819
-7728.69	-665
-7709.62	-765
-7690.59	-729
-7671.59	-758
-7652.63	-843
-7633.7	-800
-7614.81	-894
-7595.96	-725
-7577.15	-694
-7558.37	-599
-7539.62	-701
-7520.91	-738
-7502.24	-633
-7483.6	-664
-7465	-780
-7446.44	-625
-7427.91	-548
-7409.41	-627
-7390.95	-450
-7372.53	-395
-7354.14	-474
-7335.78	-535
-7317.46	-407
-7299.18	-419
-7280.92	-563
-7262.71	-696
-7244.52	-666
-7226.38	-820
-7208.26	-682
-7190.18	-723
-7172.14	-628
-7154.12	-584
-7136.15	-622
-7118.2	-537
-7100.29	-617
-7082.41	-636
-7064.57	-599
-7046.76	-479
-7028.98	-588
-7011.24	-464
-6993.53	-474
-6975.85	-388
-6958.2	-382
-6940.59	-269
-6923.01	-301
-6905.46	-367
-6887.94	-385
-6870.46	-532
-6853.01	-731
-6835.59	-546
-6818.21	-526
-6800.85	-512
-6783.53	-493
-6766.24	-352
-6748.98	-296
-6731.76	-343
-6714.56	-286
-6697.4	-228
-6680.26	-258
-6663.16	-300
-6646.09	-384
-6629.05	-550
-6612.05	-430
-6595.07	-515
-6578.13	-452
-6561.21	-459
-6544.33	-336
-6527.47	-205
-6510.65	-192
-6493.86	-63
-6477.1	-153
-6460.36	-218
-6443.66	-165
-6426.99	-167
-6410.35	-133
-6393.74	-228
-6377.16	-99
-6360.61	-257
-6344.09	-270
-6327.59	-385
-6311.13	-313
-6294.7	-224
-6278.29	-348
-6261.92	-396
-6245.58	-451
-6229.26	-525
-6212.97	-408
-6196.72	-311
-6180.49	-214
-6164.29	-81
-6148.12	-119
-6131.98	-213
-6115.86	8
-6099.78	-172
-6083.72	-202
-6067.69	-72
-6051.69	-79
-6035.72	-106
-6019.78	-77
-6003.87	-163
-5987.98	-197
-5972.12	-358
-5956.29	-291
-5940.49	-277
-5924.71	-226
-5908.96	-184
-5893.24	-155
-5877.55	-129
-5861.89	-111
-5846.25	-99
-5830.64	-242
-5815.05	-64
-5799.5	-159
-5783.97	-127
-5768.47	-209
-5752.99	-95
-5737.55	-178
-5722.12	-394
-5706.73	-320
-5691.36	-277
-5676.02	-280
-5660.71	-157
-5645.42	-77
-5630.16	-89
-5614.92	-203
-5599.71	-256
-5584.53	-129
-5569.37	-160
-5554.24	-918
-5539.14	-170
-5524.06	-151
-5509.01	-212
-5493.98	-262
-5478.98	-176
-5464	-175
-5449.05	-138
-5434.13	-104
-5419.23	-164
-5404.36	-110
-5389.51	-182
-5374.69	-278
-5359.89	-272
-5345.12	-302
-5330.37	-349
-5315.65	-162
-5300.95	-146
-5286.28	-98
-5271.63	-196
-5257.01	25
-5242.41	-304
-5227.84	-138
-5213.29	-124
-5198.76	-187
-5184.26	-87
-5169.79	-109
-5155.33	-157
-5140.91	-179
-5126.51	-164
-5112.13	-170
-5097.77	-218
-5083.44	-93
-5069.13	-229
-5054.85	-142
-5040.59	-177
-5026.36	-130
-5012.15	-263
-4997.96	-201
-4983.8	-11
-4969.66	-37
-4955.54	-45
-4941.44	-126
-4927.37	-186
-4913.33	-316
-4899.3	-297
-4885.3	-324
-4871.33	-246
-4857.37	-41
-4843.44	-141
-4829.53	10
-4815.65	-107
-4801.79	-181
-4787.95	-206
-4774.13	-106
-4760.34	-74
-4746.56	62
-4732.82	-11
-4719.09	-86
-4705.38	-283
-4691.7	-166
-4678.04	-121
-4664.41	-108
-4650.79	-256
-4637.2	-91
-4623.63	-151
-4610.08	-138
-4596.56	-178
-4583.05	-252
-4569.57	-286
-4556.11	-43
-4542.67	-22
-4529.25	-58
-4515.86	-154
-4502.49	-236
-4489.13	-273
-4475.8	-258
-4462.49	-146
-4449.21	-120
-4435.94	-33
-4422.7	-129
-4409.47	-146
-4396.27	-32
-4383.09	-110
-4369.93	-50
-4356.79	-9
-4343.67	-27
-4330.58	-124
-4317.5	-34
-4304.45	-107
-4291.41	-63
-4278.4	2
-4265.41	-83
-4252.44	-13
-4239.49	-102
-4226.55	-73
-4213.65	-60
-4200.76	-79
-4187.89	2
-4175.04	87
-4162.21	-51
-4149.4	-90
-4136.61	-56
-4123.85	66
-4111.1	-15
-4098.37	-43
-4085.66	30
-4072.98	8
-4060.31	-19
-4047.66	-39
-4035.04	93
-4022.43	26
-4009.84	20
-3997.27	-2
-3984.72	-29
-3972.19	75
-3959.69	25
-3947.2	30
-3934.73	104
-3922.27	104
-3909.84	52
-3897.43	9
-3885.04	-18
-3872.67	19
-3860.31	77
-3847.98	4
-3835.66	-24
-3823.36	81
-3811.09	9
-3798.83	48
-3786.59	84
-3774.37	-13
-3762.17	20
-3749.98	58
-3737.82	-28
-3725.67	-1
-3713.55	173
-3701.44	-89
-3689.35	17
-3677.28	77
-3665.22	56
-3653.19	72
-3641.17	-45
-3629.18	-99
-3617.2	-17
-3605.24	-20
-3593.3	-8
-3581.37	26
-3569.47	102
-3557.58	27
-3545.71	67
-3533.86	69
-3522.02	-12
-3510.21	9
-3498.41	-28
-3486.63	-30
-3474.87	10
-3463.12	52
-3451.4	-9
-3439.69	0
-3428	-43
-3416.33	-14
-3404.67	36
-3393.03	5
-3381.41	79
-3369.81	27
-3358.22	36
-3346.66	92
-3335.1	96
-3323.57	-18
-3312.06	-31
-3300.56	75
-3289.08	137
-3277.61	-7
-3266.16	40
-3254.73	107
-3243.32	-71
-3231.92	-63
-3220.55	118
-3209.18	105
-3197.84	34
-3186.51	-39
-3175.2	-47
-3163.9	85
-3152.63	79
-3141.36	159
-3130.12	54
-3118.89	36
-3107.68	-14
-3096.49	-2
-3085.31	87
-3074.15	-7
-3063	-12
-3051.87	26
-3040.76	10
-3029.67	-32
-3018.59	44
-3007.52	-52
-2996.48	8
-2985.44	137
-2974.43	47
-2963.43	107
-2952.45	-65
-2941.48	-62
-2930.53	80
-2919.6	-15
-2908.68	-21
-2897.78	-82
-2886.89	30
-2876.02	93
-2865.17	-35
-2854.33	-68
-2843.5	20
-2832.7	9
-2821.9	61
-2811.13	81
-2800.37	79
-2789.62	74
-2778.89	9
-2768.18	133
-2757.48	-26
-2746.8	77
-2736.13	76
-2725.48	52
-2714.84	-44
-2704.22	43
-2693.61	47
-2683.02	115
-2672.45	22
-2661.89	106
-2651.34	43
-2640.81	-52
-2630.3	103
-2619.8	-25
-2609.31	-8
-2598.84	3
-2588.39	145
-2577.95	50
-2567.52	10
-2557.11	116
-2546.71	6
-2536.33	49
-2525.97	8
-2515.62	64
-2505.28	68
-2494.96	18
-2484.65	25
-2474.36	25
-2464.08	18
-2453.82	75
-2443.57	32
-2433.33	92
-2423.11	38
-2412.91	42
-2402.72	11
-2392.54	84
-2382.38	4
-2372.23	17
-2362.09	81
-2351.97	-24
-2341.87	96
-2331.78	-81
-2321.7	-20
-2311.64	131
-2301.59	-30
-2291.55	-25
-2281.53	-19
-2271.53	-36
-2261.53	-57
-2251.55	86
-2241.59	-19
-2231.64	126
-2221.7	-2
-2211.78	34
-2201.87	27
-2191.97	-26
-2182.09	169
-2172.22	87
-2162.37	85
-2152.53	-60
-2142.7	26
-2132.89	56
-2123.09	112
-2113.3	69
-2103.53	36
-2093.77	37
-2084.02	-30
-2074.29	40
-2064.57	110
-2054.86	12
-2045.17	-2
-2035.49	-79
-2025.82	79
-2016.17	53
-2006.53	78
-1996.91	118
-1987.29	130
-1977.69	101
-1968.11	-48
-1958.53	-52
-1948.97	123
-1939.42	-14
-1929.89	145
-1920.37	42
-1910.86	75
-1901.36	-2
-1891.88	38
-1882.41	58
-1872.95	25
-1863.51	65
-1854.08	31
-1844.66	-4
-1835.26	77
-1825.86	43
-1816.48	164
-1807.11	60
-1797.76	1
-1788.42	-47
-1779.09	-157
-1769.77	-13
-1760.47	58
-1751.17	70
-1741.89	36
-1732.63	-18
-1723.37	41
-1714.13	-16
-1704.9	130
-1695.68	-139
-1686.48	11
-1677.29	97
-1668.11	-82
-1658.94	101
-1649.78	61
-1640.64	-1
-1631.51	30
-1622.39	-38
-1613.28	49
-1604.19	54
-1595.1	60
-1586.03	37
-1576.97	-52
-1567.93	41
-1558.89	79
-1549.87	39
-1540.86	14
-1531.86	80
-1522.87	95
-1513.9	69
-1504.93	56
-1495.98	139
-1487.04	31
-1478.12	-11
-1469.2	38
-1460.3	24
-1451.4	142
-1442.52	27
-1433.65	-18
-1424.8	37
-1415.95	32
-1407.12	-19
-1398.3	96
-1389.48	115
-1380.69	1
-1371.9	-100
-1363.12	-16
-1354.36	30
-1345.6	7
-1336.86	26
-1328.13	29
-1319.41	44
-1310.7	143
-1302.01	44
-1293.32	8
-1284.65	71
-1275.99	132
-1267.33	97
-1258.69	-47
-1250.06	131
-1241.45	78
-1232.84	9
-1224.25	57
-1215.66	-19
-1207.09	-11
-1198.53	154
-1189.97	-68
-1181.43	-27
-1172.91	15
-1164.39	53
-1155.88	-49
-1147.38	33
-1138.9	3
-1130.43	26
-1121.96	-2
-1113.51	-88
-1105.07	54
-1096.64	171
-1088.22	124
-1079.81	33
-1071.41	-15
-1063.02	56
-1054.65	1
-1046.28	-1
-1037.92	34
-1029.58	28
-1021.24	-25
-1012.92	-96
-1004.61	101
-996.3	145
-988.01	10
-979.73	59
-971.46	107
-963.2	46
-954.95	8
-946.71	191
-938.48	49
-930.26	114
-922.06	48
-913.86	40
-905.67	140
-897.49	-61
-889.33	101
-881.17	94
-873.02	66
-864.89	19
-856.76	64
-848.65	53
-840.54	180
-832.45	71
-824.36	-37
-816.29	6
-808.22	-10
-800.17	79
-792.12	7
-784.09	72
-776.06	104
-768.05	48
-760.04	81
-752.05	-15
-744.07	33
-736.09	106
-728.13	-44
-720.17	-9
-712.23	114
-704.29	-29
-696.37	16
-688.45	56
-680.55	151
-672.65	25
-664.77	22
-656.89	14
-649.03	100
-641.17	150
-633.32	110
-625.49	51
-617.66	75
-609.84	22
-602.03	72
-594.23	105
-586.45	24
-578.67	61
-570.9	153
-563.14	20
-555.39	-81
-547.65	83
-539.91	-26
-532.19	42
-524.48	67
-516.78	156
-509.08	71
-501.4	176
-493.72	98
-486.06	173
-478.4	82
-470.76	75
-463.12	61
-455.49	72
-447.87	42
-440.26	75
-432.66	6
-425.07	-4
-417.49	78
-409.92	70
-402.35	3
-394.8	46
-387.25	104
-379.72	3
-372.19	162
-364.67	109
-357.17	107
-349.67	72
-342.18	133
-334.69	124
-327.22	78
-319.76	-10
-312.3	104
-304.86	133
-297.42	210
-290	63
-282.58	168
-275.17	225
-267.77	143
-260.37	184
-252.99	136
-245.62	304
-238.25	186
-230.9	327
-223.55	345
-216.21	284
-208.88	347
-201.56	293
-194.25	377
-186.94	418
-179.65	375
-172.36	502
-165.08	563
-157.81	586
-150.55	552
-143.3	717
-136.06	860
-128.82	925
-121.6	980
-114.38	1089
-107.17	1266
-99.97	1386
-92.78	1574
-85.6	1776
-78.42	2047
-71.25	2319
-64.1	2808
-56.95	3244
-49.81	3881
-42.67	4827
-35.55	6122
-28.43	7882
-21.33	12594
-14.23	37450
-7.14	56900
-0.05	56699
7.02	56375
14.09	56687
21.14	40163
28.19	17198
35.23	10794
42.27	7964
49.29	6549
56.31	5417
63.32	4664
70.32	3709
77.31	3178
84.29	2843
91.27	2366
98.23	2083
105.19	1885
112.14	1858
119.09	2379
126.02	3079
132.95	3402
139.87	3449
146.78	3241
153.68	3116
160.58	2917
167.46	2998
174.34	2799
181.21	2736
188.08	2678
194.93	2891
201.78	2705
208.62	2721
215.45	2709
222.27	2661
229.09	2801
235.9	2554
242.7	2568
249.49	2475
256.27	2563
263.05	2483
269.82	2481
276.58	2492
283.33	2384
290.08	2315
296.82	2384
303.55	2202
310.27	2282
316.98	2263
323.69	2327
330.39	2228
337.08	2219
343.76	2109
350.44	2265
357.11	2085
363.77	2159
370.42	2104
377.07	2221
383.71	2216
390.34	1985
396.96	2008
403.58	2075
410.19	2203
416.79	2256
423.38	2233
429.97	2054
436.55	2005
443.12	1880
449.68	1832
456.24	1860
462.79	1836
469.33	1876
475.86	1821
482.39	1808
488.91	1836
495.42	1707
501.93	1795
508.42	1817
514.91	1693
521.4	1634
527.87	1788
534.34	1734
540.8	1708
547.25	1662
553.7	1740
560.14	1727
566.57	1523
573	1693
579.41	1669
585.83	1621
592.23	1629
598.62	1587
605.01	1553
611.4	1636
617.77	1552
624.14	1509
630.5	1572
636.85	1439
643.2	1506
649.54	1475
655.87	1415
662.2	1482
668.52	1455
674.83	1550
681.13	1449
687.43	1418
693.72	1503
700	1533
706.28	1446
712.55	1405
718.81	1405
725.07	1405
731.32	1489
737.56	1446
743.79	1609
750.02	1448
756.24	1588
762.46	1391
768.67	1441
774.87	1467
781.06	1441
787.25	1298
793.43	1385
799.6	1384
805.77	1416
811.93	1389
818.08	1397
824.23	1400
830.37	1521
836.5	1467
842.63	1335
848.75	1468
854.87	1497
860.97	1487
867.07	1459
873.17	1469
879.25	1455
885.33	1318
891.41	1413
897.47	1408
903.53	1341
909.59	1268
915.63	1234
921.67	1357
927.71	1269
933.74	1257
939.76	1200
945.77	1168
951.78	1207
957.78	1211
963.78	1152
969.77	1179
975.75	1259
981.72	1211
987.69	1293
993.66	1215
999.61	1324
1005.56	1268
1011.51	1264
1017.44	1300
1023.37	1208
1029.3	1286
1035.22	1300
1041.13	1326
1047.03	1357
1052.93	1339
1058.83	1714
1064.71	1633
1070.59	1600
1076.47	1427
1082.33	1335
1088.2	1401
1094.05	1187
1099.9	1206
1105.74	1201
1111.58	1235
1117.41	1385
1123.23	1525
1129.05	1601
1134.86	1499
1140.67	1420
1146.47	1239
1152.26	1201
1158.05	1161
1163.83	1126
1169.6	1064
1175.37	1127
1181.13	1058
1186.89	1150
1192.64	1068
1198.38	1102
1204.12	1129
1209.85	1112
1215.58	1174
1221.3	1123
1227.02	1015
1232.72	1058
1238.43	1114
1244.12	1039
1249.81	1128
1255.5	1130
1261.17	1120
1266.85	1152
1272.51	1184
1278.17	1229
1283.83	1302
1289.47	1516
1295.12	2000
1300.75	1864
1306.38	1761
1312.01	1487
1317.63	1472
1323.24	1360
1328.85	1204
1334.45	1294
1340.04	1287
1345.63	1283
1351.22	1334
1356.8	1303
1362.37	1361
1367.93	1261
1373.49	1417
1379.05	1367
1384.6	1384
1390.14	1380
1395.68	1365
1401.21	1398
1406.74	1187
1412.26	1460
1417.77	1504
1423.28	1470
1428.78	1760
1434.28	1866
1439.77	2045
1445.26	2115
1450.74	2092
1456.22	2012
1461.68	1765
1467.15	1664
1472.61	1547
1478.06	1517
1483.51	1274
1488.95	1266
1494.38	1263
1499.81	1189
1505.24	933
1510.65	1040
1516.07	1058
1521.48	1098
1526.88	1132
1532.27	993
1537.67	1083
1543.05	1072
1548.43	967
1553.81	1070
1559.18	1091
1564.54	1105
1569.9	1009
1575.25	1092
1580.6	887
1585.94	978
1591.28	996
1596.61	952
1601.93	1103
1607.25	931
1612.57	875
1617.88	879
1623.18	975
1628.48	1025
1633.77	900
1639.06	907
1644.34	1012
1649.62	801
1654.89	928
1660.16	883
1665.42	840
1670.67	902
1675.92	830
1681.17	965
1686.41	770
1691.64	820
1696.87	872
1702.1	804
1707.32	685
1712.53	825
1717.74	759
1722.94	892
1728.14	633
1733.33	854
1738.52	742
1743.7	770
1748.88	700
1754.05	715
1759.22	821
1764.38	674
1769.53	601
1774.69	743
1779.83	668
1784.97	661
1790.11	747
1795.24	704
1800.36	734
1805.48	716
1810.6	708
1815.71	735
1820.82	690
1825.92	698
1831.01	640
1836.1	678
1841.19	678
1846.26	594
1851.34	681
1856.41	613
1861.47	645
1866.53	739
1871.59	703
1876.64	620
1881.68	631
1886.72	612
1891.76	476
1896.79	522
1901.81	522
1906.83	581
1911.85	527
1916.86	586
1921.86	536
1926.86	564
1931.86	455
1936.85	576
1941.83	579
1946.81	549
1951.79	631
1956.76	485
1961.72	591
1966.68	521
1971.64	554
1976.59	538
1981.54	535
1986.48	513
1991.42	476
1996.35	534
2001.27	511
2006.2	513
2011.11	606
2016.03	465
2020.93	416
2025.84	502
2030.73	402
2035.63	461
2040.52	417
2045.4	547
2050.28	405
2055.15	492
2060.02	485
2064.89	362
2069.75	466
2074.6	542
2079.46	434
2084.3	434
2089.14	477
2093.98	528
2098.81	442
2103.64	450
2108.46	449
2113.28	450
2118.09	505
2122.9	361
2127.7	444
2132.5	379
2137.3	346
2142.09	430
2146.87	293
2151.66	430
2156.43	377
2161.2	452
2165.97	475
2170.73	371
2175.49	491
2180.24	494
2184.99	419
2189.74	481
2194.48	476
2199.21	416
2203.94	339
2208.67	441
2213.39	549
2218.11	431
2222.82	473
2227.53	430
2232.23	414
2236.93	300
2241.63	343
2246.32	260
2251	451
2255.68	315
2260.36	278
2265.03	365
2269.7	350
2274.36	273
2279.02	426
2283.68	264
2288.33	369
2292.97	430
2297.61	440
2302.25	333
2306.88	332
2311.51	370
2316.14	329
2320.75	257
2325.37	350
2329.98	299
2334.59	344
2339.19	383
2343.79	185
2348.38	339
2352.97	274
2357.55	301
2362.13	387
2366.71	282
2371.28	375
2375.85	236
2380.41	287
2384.97	308
2389.52	282
2394.07	334
2398.62	361
2403.16	277
2407.7	217
2412.23	291
2416.76	252
2421.29	266
2425.81	408
2430.32	255
2434.84	230
2439.34	379
2443.85	174
2448.35	264
2452.84	177
2457.33	315
2461.82	241
2466.3	224
2470.78	231
2475.25	251
2479.72	306
2484.19	253
2488.65	229
2493.11	256
2497.56	349
2502.01	168
2506.46	179
2510.9	248
2515.34	204
2519.77	236
2524.2	245
2528.62	276
2533.04	194
2537.46	186
2541.87	274
2546.28	196
2550.68	296
2555.08	236
2559.48	334
2563.87	239
2568.26	209
2572.64	345
2577.02	404
2581.4	238
2585.77	256
2590.14	254
2594.5	256
2598.86	255
2603.22	161
2607.57	275
2611.92	191
2616.26	251
2620.6	270
2624.94	345
2629.27	285
2633.6	267
2637.92	177
2642.24	196
2646.56	183
2650.87	257
2655.18	221
2659.48	223
2663.78	176
2668.08	281
2672.37	315
2676.66	283
2680.95	308
2685.23	229
2689.5	279
2693.78	227
2698.05	223
2702.31	222
2706.57	325
2710.83	291
2715.08	328
2719.33	225
2723.58	289
2727.82	328
2732.06	430
2736.29	166
2740.53	339
2744.75	312
2748.97	272
2753.19	180
2757.41	248
2761.62	365
2765.83	319
2770.03	311
2774.23	184
2778.43	299
2782.62	311
2786.81	371
2791	371
2795.18	332
2799.35	242
2803.53	243
2807.7	381
2811.86	413
2816.03	473
2820.19	412
2824.34	516
2828.49	473
2832.64	586
2836.78	674
2840.92	748
2845.06	1053
2849.19	1193
2853.32	1288
2857.45	1285
2861.57	1463
2865.69	1100
2869.8	1169
2873.91	1264
2878.02	1296
2882.12	1333
2886.22	1413
2890.32	1421
2894.41	1237
2898.5	1169
2902.58	1034
2906.67	1037
2910.74	931
2914.82	931
2918.89	864
2922.96	803
2927.02	849
2931.08	753
2935.13	726
2939.19	695
2943.24	583
2947.28	411
2951.32	561
2955.36	370
2959.4	396
2963.43	414
2967.46	291
2971.48	346
2975.5	258
2979.52	366
2983.53	198
2987.54	208
2991.55	308
2995.55	212
2999.55	180
3003.54	215
3007.54	120
3011.53	253
3015.51	50
3019.49	180
3023.47	244
3027.45	124
3031.42	199
3035.39	139
3039.35	174
3043.31	186
3047.27	89
3051.22	136
3055.17	225
3059.12	92
3063.06	86
3067	267
3070.94	1
3074.87	209
3078.8	48
3082.73	75
3086.65	159
3090.57	175
3094.49	177
3098.4	95
3102.31	230
3106.22	46
3110.12	159
3114.02	199
3117.92	136
3121.81	145
3125.7	125
3129.58	6
3133.47	235
3137.34	113
3141.22	63
3145.09	133
3148.96	89
3152.83	31
3156.69	95
3160.55	174
3164.4	116
3168.26	83
3172.1	135
3175.95	93
3179.79	70
3183.63	162
3187.47	72
3191.3	110
3195.13	244
3198.95	129
3202.78	177
3206.6	54
3210.41	191
3214.23	33
3218.03	110
3221.84	66
3225.64	176
3229.44	12
3233.24	120
3237.03	103
3240.82	66
3244.61	70
3248.39	98
3252.17	32
3255.95	68
3259.72	170
3263.49	96
3267.26	130
3271.03	113
3274.79	116
3278.54	66
3282.3	52
3286.05	125
3289.8	216
3293.54	-5
3297.29	136
3301.02	95
3304.76	151
3308.49	206
3312.22	146
3315.95	190
3319.67	97
3323.39	107
3327.1	57
3330.82	74
3334.53	47
3338.24	17
3341.94	64
3345.64	103
3349.34	2
3353.03	189
3356.72	184
3360.41	46
3364.1	124
3367.78	137
3371.46	69
3375.13	-8
3378.81	232
3382.48	61
3386.14	280
3389.81	85
3393.47	95
3397.12	90
3400.78	141
3404.43	24
3408.08	101
3411.72	132
3415.36	119
3419	144
3422.64	113
3426.27	9
3429.9	24
3433.53	45
3437.15	122
3440.77	60
3444.39	16
3448	71
3451.62	110
3455.22	67
3458.83	-27
3462.43	110
3466.03	68
3469.63	91
3473.22	75
3476.81	151
3480.4	62
3483.99	82
3487.57	183
3491.15	-22
3494.72	119
3498.29	7
3501.86	166
3505.43	-9
3508.99	57
3512.56	-60
3516.11	74
3519.67	76
3523.22	13
3526.77	70
3530.32	-10
3533.86	-36
3537.4	-20
3540.94	96
3544.47	-23
3548	-23
3551.53	-9
3555.06	77
3558.58	52
3562.1	100
3565.62	43
3569.13	115
3572.64	-24
3576.15	84
3579.66	26
3583.16	-82
3586.66	10
3590.16	43
3593.65	21
3597.14	131
3600.63	5
3604.11	77
3607.6	49
3611.08	2
3614.55	12
3618.03	4
3621.5	-58
3624.97	62
3628.43	55
3631.9	97
3635.36	22
3638.81	84
3642.27	72
3645.72	38
3649.17	108
3652.61	52
3656.06	37
3659.5	3
3662.93	15
3666.37	-5
3669.8	-81
3673.23	105
3676.65	39
3680.08	70
3683.5	19
3686.92	-22
3690.33	-64
3693.74	59
3697.15	127
3700.56	4
3703.96	64
3707.36	-20
3710.76	15
3714.16	83
3717.55	65
3720.94	-9
3724.33	36
3727.71	-18
3731.1	164
3734.48	-4
3737.85	2
3741.23	-12
3744.6	-5
3747.97	25
3751.33	77
3754.69	117
3758.05	13
3761.41	37
3764.77	29
3768.12	-45
3771.47	48
3774.82	120
3778.16	-10
3781.5	2
3784.84	-2
3788.18	-8
