-37534.58	6
-37414.56	0
-37295.11	4
-37176.24	3
-37057.95	284
-36940.22	228
-36823.05	270
-36706.45	477
-36590.4	312
-36474.9	216
-36359.95	365
-36245.55	370
-36131.68	395
-36018.35	408
-35905.55	351
-35793.29	401
-35681.54	403
-35570.32	362
-35459.62	342
-35349.43	329
-35239.75	346
-35130.58	314
-35021.91	396
-34913.74	314
-34806.07	379
-34698.89	404
-34592.2	201
-34486	412
-34380.28	362
-34275.04	339
-34170.27	350
-34065.98	335
-33962.16	372
-33858.81	433
-33755.92	324
-33653.49	399
-33551.52	329
-33450.01	261
-33348.94	299
-33248.33	362
-33148.16	341
-33048.43	413
-32949.14	424
-32850.29	386
-32751.87	367
-32653.89	406
-32556.33	468
-32459.2	445
-32362.49	375
-32266.19	360
-32170.32	364
-32074.86	462
-31979.82	383
-31885.18	387
-31790.95	496
-31697.12	288
-31603.69	360
-31510.67	367
-31418.04	338
-31325.8	354
-31233.95	429
-31142.49	316
-31051.42	463
-30960.73	430
-30870.43	480
-30780.5	458
-30690.95	375
-30601.77	471
-30512.97	301
-30424.53	363
-30336.46	335
-30248.76	400
-30161.42	455
-30074.44	492
-29987.81	407
-29901.55	413
-29815.63	383
-29730.07	426
-29644.86	372
-29560	438
-29475.48	335
-29391.3	329
-29307.47	319
-29223.97	437
-29140.81	465
-29057.99	301
-28975.5	391
-28893.34	476
-28811.51	363
-28730	347
-28648.82	426
-28567.97	381
-28487.43	291
-28407.21	318
-28327.32	443
-28247.73	516
-28168.46	513
-28089.5	389
-28010.85	312
-27932.51	284
-27854.48	451
-27776.75	415
-27699.32	262
-27622.19	315
-27545.37	464
-27468.84	415
-27392.6	317
-27316.66	353
-27241.01	402
-27165.66	441
-27090.59	359
-27015.81	333
-26941.31	404
-26867.1	392
-26793.17	397
-26719.52	398
-26646.15	327
-26573.06	411
-26500.24	392
-26427.7	289
-26355.43	424
-26283.43	344
-26211.71	351
-26140.25	367
-26069.06	358
-25998.13	390
-25927.46	334
-25857.06	387
-25786.92	305
-25717.04	291
-25647.42	306
-25578.05	333
-25508.94	394
-25440.09	367
-25371.48	404
-25303.13	435
-25235.02	459
-25167.17	431
-25099.56	361
-25032.19	340
-24965.07	419
-24898.2	361
-24831.56	365
-24765.17	410
-24699.01	456
-24633.1	312
-24567.41	348
-24501.97	392
-24436.75	417
-24371.77	246
-24307.03	345
-24242.51	443
-24178.22	417
-24114.16	354
-24050.32	408
-23986.71	267
-23923.32	303
-23860.16	313
-23797.22	336
-23734.5	386
-23672	469
-23609.71	364
-23547.65	425
-23485.8	315
-23424.16	318
-23362.74	392
-23301.53	276
-23240.54	333
-23179.75	372
-23119.17	347
-23058.8	367
-22998.64	372
-22938.68	416
-22878.93	402
-22819.39	288
-22760.04	305
-22700.9	485
-22641.96	368
-22583.22	398
-22524.68	382
-22466.33	346
-22408.19	250
-22350.23	314
-22292.48	396
-22234.92	389
-22177.55	372
-22120.37	456
-22063.38	296
-22006.58	358
-21949.98	323
-21893.56	386
-21837.33	321
-21781.28	352
-21725.42	218
-21669.74	380
-21614.25	354
-21558.94	313
-21503.81	457
-21448.86	424
-21394.1	429
-21339.51	275
-21285.1	365
-21230.86	346
-21176.81	334
-21122.93	381
-21069.22	262
-21015.69	410
-20962.33	476
-20909.14	353
-20856.13	340
-20803.28	342
-20750.61	304
-20698.1	396
-20645.76	423
-20593.59	378
-20541.59	390
-20489.75	447
-20438.07	393
-20386.56	385
-20335.22	389
-20284.03	344
-20233.01	399
-20182.15	309
-20131.45	360
-20080.91	298
-20030.52	346
-19980.3	405
-19930.23	376
-19880.32	282
-19830.56	338
-19780.96	332
-19731.52	276
-19682.23	346
-19633.09	307
-19584.1	333
-19535.26	395
-19486.58	443
-19438.04	354
-19389.66	456
-19341.42	376
-19293.33	284
-19245.39	390
-19197.6	425
-19149.95	376
-19102.45	400
-19055.09	335
-19007.87	546
-18960.8	366
-18913.87	308
-18867.09	326
-18820.44	317
-18773.94	321
-18727.57	286
-18681.35	345
-18635.26	349
-18589.31	293
-18543.5	343
-18497.83	324
-18452.29	391
-18406.89	422
-18361.63	445
-18316.5	259
-18271.5	340
-18226.63	314
-18181.9	448
-18137.3	484
-18092.84	287
-18048.5	390
-18004.29	355
-17960.22	275
-17916.27	401
-17872.45	451
-17828.76	382
-17785.2	353
-17741.77	296
-17698.46	382
-17655.28	276
-17612.22	342
-17569.29	380
-17526.48	375
-17483.79	403
-17441.23	327
-17398.79	333
-17356.48	399
-17314.28	354
-17272.21	384
-17230.26	349
-17188.42	288
-17146.71	389
-17105.12	337
-17063.64	412
-17022.28	357
-16981.04	381
-16939.92	456
-16898.91	414
-16858.02	406
-16817.25	399
-16776.59	285
-16736.04	318
-16695.61	281
-16655.29	386
-16615.09	368
-16574.99	291
-16535.01	336
-16495.15	367
-16455.39	349
-16415.74	353
-16376.21	279
-16336.78	331
-16297.46	380
-16258.26	403
-16219.16	329
-16180.17	338
-16141.28	461
-16102.51	442
-16063.84	439
-16025.27	346
-15986.82	280
-15948.46	253
-15910.22	380
-15872.07	320
-15834.04	395
-15796.1	293
-15758.27	233
-15720.54	380
-15682.91	412
-15645.39	403
-15607.97	348
-15570.64	231
-15533.42	356
-15496.3	389
-15459.28	359
-15422.36	430
-15385.54	437
-15348.82	311
-15312.19	384
-15275.66	322
-15239.23	329
-15202.9	317
-15166.67	285
-15130.53	346
-15094.48	333
-15058.54	302
-15022.68	416
-14986.93	427
-14951.26	331
-14915.69	404
-14880.22	325
-14844.84	358
-14809.55	455
-14774.35	309
-14739.25	314
-14704.24	321
-14669.32	252
-14634.49	363
-14599.75	416
-14565.1	333
-14530.55	338
-14496.08	408
-14461.7	446
-14427.41	475
-14393.21	299
-14359.1	324
-14325.07	369
-14291.14	298
-14257.29	416
-14223.52	328
-14189.85	364
-14156.26	290
-14122.76	356
-14089.34	459
-14056.01	438
-14022.76	380
-13989.6	310
-13956.52	259
-13923.53	281
-13890.62	393
-13857.79	267
-13825.05	385
-13792.39	244
-13759.81	452
-13727.31	334
-13694.9	309
-13662.57	343
-13630.31	359
-13598.14	387
-13566.05	333
-13534.05	371
-13502.12	362
-13470.27	407
-13438.5	366
-13406.8	323
-13375.19	313
-13343.66	327
-13312.2	373
-13280.83	374
-13249.53	354
-13218.3	215
-13187.16	377
-13156.09	453
-13125.1	405
-13094.18	429
-13063.34	381
-13032.58	369
-13001.89	244
-12971.28	384
-12940.74	334
-12910.27	389
-12879.88	379
-12849.57	338
-12819.33	342
-12789.16	260
-12759.06	382
-12729.04	386
-12699.09	890
-12669.21	369
-12639.41	276
-12609.68	348
-12580.02	390
-12550.43	309
-12520.91	326
-12491.46	334
-12462.08	371
-12432.77	270
-12403.54	302
-12374.37	437
-12345.27	363
-12316.24	380
-12287.29	457
-12258.4	255
-12229.57	419
-12200.82	275
-12172.14	380
-12143.52	324
-12114.97	308
-12086.49	493
-12058.07	335
-12029.73	422
-12001.44	375
-11973.23	458
-11945.08	258
-11917	423
-11888.98	258
-11861.03	378
-11833.15	390
-11805.32	361
-11777.57	532
-11749.88	363
-11722.25	387
-11694.69	371
-11667.19	353
-11639.75	424
-11612.38	335
-11585.07	287
-11557.83	307
-11530.65	454
-11503.53	354
-11476.47	305
-11449.48	422
-11422.54	463
-11395.67	416
-11368.86	345
-11342.11	395
-11315.43	376
-11288.8	450
-11262.23	355
-11235.73	318
-11209.28	430
-11182.9	408
-11156.57	387
-11130.31	468
-11104.1	383
-11077.96	280
-11051.87	359
-11025.84	456
-10999.87	266
-10973.96	464
-10948.11	319
-10922.31	448
-10896.58	460
-10870.9	461
-10845.28	391
-10819.71	394
-10794.2	364
-10768.75	379
-10743.36	424
-10718.02	326
-10692.74	383
-10667.52	342
-10642.35	348
-10617.24	326
-10592.18	338
-10567.18	314
-10542.23	330
-10517.34	445
-10492.51	324
-10467.72	295
-10443	367
-10418.32	452
-10393.7	411
-10369.14	338
-10344.63	430
-10320.17	492
-10295.77	440
-10271.42	328
-10247.12	412
-10222.88	427
-10198.68	398
-10174.54	416
-10150.46	273
-10126.42	356
-10102.44	454
-10078.51	409
-10054.63	361
-10030.8	433
-10007.03	519
-9983.3	513
-9959.63	369
-9936.01	433
-9912.44	445
-9888.92	357
-9865.44	427
-9842.02	450
-9818.65	469
-9795.33	407
-9772.06	412
-9748.84	370
-9725.67	453
-9702.55	646
-9679.47	511
-9656.45	510
-9633.47	513
-9610.55	506
-9587.67	618
-9564.84	587
-9542.06	623
-9519.32	642
-9496.64	607
-9474	731
-9451.41	691
-9428.87	660
-9406.37	611
-9383.92	619
-9361.52	762
-9339.17	612
-9316.86	660
-9294.6	715
-9272.38	871
-9250.21	1011
-9228.09	1005
-9206.01	853
-9183.98	742
-9162	708
-9140.06	760
-9118.16	901
-9096.31	817
-9074.51	817
-9052.75	915
-9031.04	856
-9009.37	787
-8987.74	703
-8966.16	786
-8944.63	578
-8923.14	726
-8901.69	698
-8880.29	521
-8858.93	711
-8837.61	704
-8816.34	951
-8795.11	682
-8773.92	819
-8752.78	647
-8731.68	538
-8710.62	720
-8689.61	650
-8668.63	604
-8647.7	709
-8626.82	623
-8605.97	801
-8585.17	718
-8564.41	564
-8543.69	664
-8523.01	574
-8502.37	702
-8481.78	779
-8461.23	620
-8440.71	652
-8420.24	717
-8399.81	752
-8379.42	760
-8359.08	610
-8338.77	670
-8318.5	640
-8298.27	655
-8278.09	724
-8257.94	645
-8237.83	648
-8217.76	685
-8197.74	590
-8177.75	671
-8157.8	517
-8137.89	485
-8118.02	697
-8098.19	504
-8078.4	535
-8058.65	440
-8038.93	579
-8019.26	636
-7999.62	608
-7980.02	486
-7960.46	463
-7940.94	461
-7921.46	596
-7902.01	495
-7882.6	566
-7863.23	526
-7843.9	440
-7824.61	410
-7805.35	541
-7786.13	618
-7766.95	575
-7747.8	431
-7728.69	480
-7709.62	477
-7690.59	596
-7671.59	649
-7652.63	549
-7633.7	599
-7614.81	530
-7595.96	541
-7577.15	447
-7558.37	545
-7539.62	612
-7520.91	421
-7502.24	611
-7483.6	662
-7465	417
-7446.44	469
-7427.91	386
-7409.41	497
-7390.95	527
-7372.53	397
-7354.14	417
-7335.78	421
-7317.46	445
-7299.18	564
-7280.92	520
-7262.71	454
-7244.52	578
-7226.38	472
-7208.26	519
-7190.18	595
-7172.14	645
-7154.12	557
-7136.15	623
-7118.2	638
-7100.29	568
-7082.41	599
-7064.57	651
-7046.76	653
-7028.98	431
-7011.24	535
-6993.53	448
-6975.85	519
-6958.2	432
-6940.59	473
-6923.01	451
-6905.46	459
-6887.94	642
-6870.46	661
-6853.01	521
-6835.59	636
-6818.21	547
-6800.85	512
-6783.53	480
-6766.24	499
-6748.98	416
-6731.76	393
-6714.56	440
-6697.4	373
-6680.26	503
-6663.16	547
-6646.09	625
-6629.05	570
-6612.05	515
-6595.07	553
-6578.13	547
-6561.21	544
-6544.33	389
-6527.47	472
-6510.65	435
-6493.86	505
-6477.1	494
-6460.36	540
-6443.66	406
-6426.99	421
-6410.35	467
-6393.74	476
-6377.16	550
-6360.61	530
-6344.09	613
-6327.59	430
-6311.13	428
-6294.7	567
-6278.29	577
-6261.92	483
-6245.58	547
-6229.26	455
-6212.97	531
-6196.72	532
-6180.49	512
-6164.29	412
-6148.12	478
-6131.98	266
-6115.86	494
-6099.78	310
-6083.72	304
-6067.69	331
-6051.69	322
-6035.72	379
-6019.78	453
-6003.87	510
-5987.98	561
-5972.12	493
-5956.29	579
-5940.49	493
-5924.71	506
-5908.96	415
-5893.24	308
-5877.55	428
-5861.89	502
-5846.25	462
-5830.64	311
-5815.05	373
-5799.5	437
-5783.97	320
-5768.47	330
-5752.99	651
-5737.55	524
-5722.12	426
-5706.73	438
-5691.36	532
-5676.02	353
-5660.71	457
-5645.42	530
-5630.16	492
-5614.92	363
-5599.71	363
-5584.53	615
-5569.37	499
-5554.24	-226
-5539.14	418
-5524.06	410
-5509.01	471
-5493.98	408
-5478.98	414
-5464	427
-5449.05	356
-5434.13	422
-5419.23	428
-5404.36	386
-5389.51	415
-5374.69	541
-5359.89	562
-5345.12	563
-5330.37	564
-5315.65	590
-5300.95	454
-5286.28	431
-5271.63	435
-5257.01	491
-5242.41	425
-5227.84	425
-5213.29	414
-5198.76	373
-5184.26	420
-5169.79	423
-5155.33	386
-5140.91	485
-5126.51	510
-5112.13	466
-5097.77	419
-5083.44	350
-5069.13	252
-5054.85	415
-5040.59	441
-5026.36	403
-5012.15	508
-4997.96	408
-4983.8	472
-4969.66	386
-4955.54	354
-4941.44	314
-4927.37	465
-4913.33	552
-4899.3	433
-4885.3	500
-4871.33	501
-4857.37	463
-4843.44	430
-4829.53	483
-4815.65	379
-4801.79	359
-4787.95	328
-4774.13	455
-4760.34	381
-4746.56	502
-4732.82	407
-4719.09	391
-4705.38	415
-4691.7	588
-4678.04	564
-4664.41	415
-4650.79	360
-4637.2	346
-4623.63	328
-4610.08	365
-4596.56	426
-4583.05	422
-4569.57	319
-4556.11	411
-4542.67	376
-4529.25	278
-4515.86	388
-4502.49	463
-4489.13	390
-4475.8	407
-4462.49	388
-4449.21	473
-4435.94	344
-4422.7	336
-4409.47	377
-4396.27	392
-4383.09	329
-4369.93	284
-4356.79	497
-4343.67	366
-4330.58	390
-4317.5	516
-4304.45	412
-4291.41	381
-4278.4	363
-4265.41	239
-4252.44	450
-4239.49	380
-4226.55	459
-4213.65	387
-4200.76	477
-4187.89	361
-4175.04	371
-4162.21	416
-4149.4	417
-4136.61	380
-4123.85	437
-4111.1	358
-4098.37	257
-4085.66	337
-4072.98	483
-4060.31	422
-4047.66	344
-4035.04	385
-4022.43	360
-4009.84	363
-3997.27	338
-3984.72	321
-3972.19	453
-3959.69	251
-3947.2	390
-3934.73	392
-3922.27	449
-3909.84	393
-3897.43	419
-3885.04	377
-3872.67	392
-3860.31	425
-3847.98	372
-3835.66	354
-3823.36	412
-3811.09	379
-3798.83	363
-3786.59	462
-3774.37	318
-3762.17	321
-3749.98	429
-3737.82	340
-3725.67	456
-3713.55	460
-3701.44	345
-3689.35	393
-3677.28	381
-3665.22	376
-3653.19	408
-3641.17	307
-3629.18	259
-3617.2	247
-3605.24	337
-3593.3	389
-3581.37	399
-3569.47	444
-3557.58	359
-3545.71	344
-3533.86	517
-3522.02	227
-3510.21	321
-3498.41	360
-3486.63	449
-3474.87	377
-3463.12	291
-3451.4	422
-3439.69	384
-3428	329
-3416.33	381
-3404.67	333
-3393.03	433
-3381.41	397
-3369.81	297
-3358.22	327
-3346.66	461
-3335.1	400
-3323.57	343
-3312.06	349
-3300.56	437
-3289.08	441
-3277.61	373
-3266.16	395
-3254.73	360
-3243.32	271
-3231.92	325
-3220.55	362
-3209.18	429
-3197.84	383
-3186.51	329
-3175.2	387
-3163.9	404
-3152.63	440
-3141.36	505
-3130.12	415
-3118.89	332
-3107.68	364
-3096.49	351
-3085.31	409
-3074.15	321
-3063	353
-3051.87	333
-3040.76	291
-3029.67	368
-3018.59	420
-3007.52	293
-2996.48	424
-2985.44	480
-2974.43	452
-2963.43	413
-2952.45	268
-2941.48	289
-2930.53	373
-2919.6	288
-2908.68	369
-2897.78	326
-2886.89	410
-2876.02	359
-2865.17	394
-2854.33	330
-2843.5	366
-2832.7	317
-2821.9	401
-2811.13	470
-2800.37	440
-2789.62	384
-2778.89	400
-2768.18	469
-2757.48	368
-2746.8	462
-2736.13	402
-2725.48	330
-2714.84	304
-2704.22	401
-2693.61	345
-2683.02	488
-2672.45	314
-2661.89	394
-2651.34	434
-2640.81	357
-2630.3	431
-2619.8	274
-2609.31	374
-2598.84	272
-2588.39	456
-2577.95	430
-2567.52	338
-2557.11	362
-2546.71	301
-2536.33	425
-2525.97	445
-2515.62	356
-2505.28	355
-2494.96	317
-2484.65	341
-2474.36	505
-2464.08	329
-2453.82	432
-2443.57	404
-2433.33	249
-2423.11	366
-2412.91	326
-2402.72	359
-2392.54	476
-2382.38	362
-2372.23	330
-2362.09	-3384
-2351.97	356
-2341.87	261
-2331.78	383
-2321.7	401
-2311.64	371
-2301.59	334
-2291.55	291
-2281.53	347
-2271.53	315
-2261.53	363
-2251.55	417
-2241.59	305
-2231.64	461
-2221.7	321
-2211.78	339
-2201.87	355
-2191.97	377
-2182.09	473
-2172.22	456
-2162.37	392
-2152.53	249
-2142.7	342
-2132.89	455
-2123.09	374
-2113.3	286
-2103.53	413
-2093.77	395
-2084.02	308
-2074.29	495
-2064.57	485
-2054.86	400
-2045.17	334
-2035.49	379
-2025.82	418
-2016.17	240
-2006.53	356
-1996.91	476
-1987.29	404
-1977.69	416
-1968.11	235
-1958.53	331
-1948.97	375
-1939.42	390
-1929.89	381
-1920.37	398
-1910.86	468
-1901.36	332
-1891.88	299
-1882.41	403
-1872.95	380
-1863.51	453
-1854.08	312
-1844.66	362
-1835.26	370
-1825.86	403
-1816.48	394
-1807.11	295
-1797.76	422
-1788.42	439
-1779.09	280
-1769.77	324
-1760.47	432
-1751.17	442
-1741.89	361
-1732.63	376
-1723.37	478
-1714.13	403
-1704.9	446
-1695.68	329
-1686.48	413
-1677.29	417
-1668.11	412
-1658.94	403
-1649.78	413
-1640.64	415
-1631.51	336
-1622.39	366
-1613.28	428
-1604.19	434
-1595.1	439
-1586.03	344
-1576.97	337
-1567.93	427
-1558.89	386
-1549.87	336
-1540.86	290
-1531.86	411
-1522.87	394
-1513.9	373
-1504.93	441
-1495.98	401
-1487.04	488
-1478.12	425
-1469.2	393
-1460.3	384
-1451.4	511
-1442.52	349
-1433.65	358
-1424.8	272
-1415.95	329
-1407.12	438
-1398.3	408
-1389.48	435
-1380.69	357
-1371.9	252
-1363.12	420
-1354.36	411
-1345.6	391
-1336.86	420
-1328.13	355
-1319.41	312
-1310.7	479
-1302.01	411
-1293.32	441
-1284.65	386
-1275.99	327
-1267.33	484
-1258.69	390
-1250.06	417
-1241.45	412
-1232.84	386
-1224.25	411
-1215.66	454
-1207.09	332
-1198.53	473
-1189.97	338
-1181.43	393
-1172.91	288
-1164.39	380
-1155.88	258
-1147.38	376
-1138.9	359
-1130.43	269
-1121.96	430
-1113.51	354
-1105.07	349
-1096.64	418
-1088.22	482
-1079.81	391
-1071.41	345
-1063.02	335
-1054.65	326
-1046.28	258
-1037.92	368
-1029.58	383
-1021.24	373
-1012.92	335
-1004.61	460
-996.3	544
-988.01	369
-979.73	361
-971.46	462
-963.2	312
-954.95	277
-946.71	454
-938.48	360
-930.26	382
-922.06	442
-913.86	500
-905.67	418
-897.49	332
-889.33	394
-881.17	376
-873.02	426
-864.89	451
-856.76	361
-848.65	377
-840.54	535
-832.45	445
-824.36	312
-816.29	335
-808.22	363
-800.17	407
-792.12	407
-784.09	477
-776.06	308
-768.05	329
-760.04	455
-752.05	363
-744.07	416
-736.09	394
-728.13	320
-720.17	351
-712.23	427
-704.29	316
-696.37	505
-688.45	420
-680.55	477
-672.65	468
-664.77	307
-656.89	346
-649.03	435
-641.17	409
-633.32	538
-625.49	454
-617.66	349
-609.84	337
-602.03	212
-594.23	428
-586.45	332
-578.67	375
-570.9	418
-563.14	336
-555.39	266
-547.65	499
-539.91	247
-532.19	410
-524.48	396
-516.78	406
-509.08	377
-501.4	503
-493.72	387
-486.06	548
-478.4	512
-470.76	479
-463.12	433
-455.49	334
-447.87	363
-440.26	328
-432.66	378
-425.07	404
-417.49	482
-409.92	346
-402.35	389
-394.8	346
-387.25	407
-379.72	369
-372.19	548
-364.67	508
-357.17	455
-349.67	478
-342.18	507
-334.69	440
-327.22	392
-319.76	443
-312.3	463
-304.86	483
-297.42	585
-290	447
-282.58	507
-275.17	552
-267.77	494
-260.37	501
-252.99	512
-245.62	587
-238.25	535
-230.9	500
-223.55	573
-216.21	636
-208.88	631
-201.56	806
-194.25	632
-186.94	767
-179.65	669
-172.36	852
-165.08	913
-157.81	1012
-150.55	1004
-143.3	1066
-136.06	1243
-128.82	1243
-121.6	1407
-114.38	1522
-107.17	1728
-99.97	1845
-92.78	2040
-85.6	2146
-78.42	2588
-71.25	2889
-64.1	3304
-56.95	3965
-49.81	4528
-42.67	5655
-35.55	6898
-28.43	8913
-21.33	14167
-14.23	41959
-7.14	56900
-0.05	56699
7.02	56375
14.09	56687
21.14	42810
28.19	18925
35.23	11804
42.27	9064
49.29	7408
56.31	6227
63.32	5386
70.32	4278
77.31	3708
84.29	3278
91.27	2875
98.23	2576
105.19	2431
112.14	2350
119.09	2911
126.02	3736
132.95	3930
139.87	3906
146.78	3763
153.68	3511
160.58	3368
167.46	3394
174.34	3156
181.21	3212
188.08	3184
194.93	3247
201.78	3070
208.62	3108
215.45	3067
222.27	3112
229.09	3156
235.9	2996
242.7	3030
249.49	3016
256.27	2804
263.05	2963
269.82	2893
276.58	2829
283.33	2787
290.08	2713
296.82	2745
303.55	2583
310.27	2650
316.98	2545
323.69	2607
330.39	2574
337.08	2618
343.76	2541
350.44	2761
357.11	2580
363.77	2425
370.42	2440
377.07	2440
383.71	2515
390.34	2406
396.96	2388
403.58	2359
410.19	2471
416.79	2696
423.38	2534
429.97	2421
436.55	2306
443.12	2342
449.68	2178
456.24	2256
462.79	2208
469.33	2204
475.86	2099
482.39	2084
488.91	2270
495.42	2075
501.93	2034
508.42	2097
514.91	2011
521.4	1986
527.87	2107
534.34	2054
540.8	2015
547.25	1967
553.7	1986
560.14	2170
566.57	1950
573	2032
579.41	2119
585.83	1964
592.23	2039
598.62	1886
605.01	1920
611.4	2040
617.77	1862
624.14	1826
630.5	1987
636.85	1796
643.2	1966
649.54	1873
655.87	1763
662.2	1829
668.52	1820
674.83	1958
681.13	1821
687.43	1924
693.72	1786
700	1817
706.28	1763
712.55	1816
718.81	1823
725.07	1691
731.32	1828
737.56	1687
743.79	1954
750.02	1702
756.24	1806
762.46	1738
768.67	1839
774.87	1850
781.06	1840
787.25	1743
793.43	1819
799.6	1741
805.77	1809
811.93	1797
818.08	1825
824.23	1713
830.37	1945
836.5	1808
842.63	1746
848.75	1859
854.87	1845
860.97	1712
867.07	1848
873.17	1839
879.25	1781
885.33	1728
891.41	1810
897.47	1840
903.53	1624
909.59	1709
915.63	1619
921.67	1786
927.71	1737
933.74	1611
939.76	1541
945.77	1571
951.78	1552
957.78	1550
963.78	1592
969.77	1551
975.75	1636
981.72	1510
987.69	2115
993.66	1717
999.61	1681
1005.56	1492
1011.51	1633
1017.44	1614
1023.37	1678
1029.3	1597
1035.22	1632
1041.13	1707
1047.03	1738
1052.93	1837
1058.83	2169
1064.71	2354
1070.59	2101
1076.47	1905
1082.33	1783
1088.2	1795
1094.05	1644
1099.9	1615
1105.74	1616
1111.58	1583
1117.41	1737
1123.23	1966
1129.05	2153
1134.86	2002
1140.67	1831
1146.47	1616
1152.26	1511
1158.05	1448
1163.83	1492
1169.6	1516
1175.37	1421
1181.13	1380
1186.89	1421
1192.64	1484
1198.38	1382
1204.12	1504
1209.85	1468
1215.58	1489
1221.3	1496
1227.02	1417
1232.72	1485
1238.43	1501
1244.12	1393
1249.81	1447
1255.5	1449
1261.17	1468
1266.85	1621
1272.51	1555
1278.17	1621
1283.83	1709
1289.47	2050
1295.12	2558
1300.75	2563
1306.38	2221
1312.01	1990
1317.63	1823
1323.24	1680
1328.85	1711
1334.45	1583
1340.04	1655
1345.63	1582
1351.22	1790
1356.8	1659
1362.37	1778
1367.93	1681
1373.49	1837
1379.05	1775
1384.6	1789
1390.14	1708
1395.68	1746
1401.21	1661
1406.74	1613
1412.26	1815
1417.77	1933
1423.28	1931
1428.78	2189
1434.28	2558
1439.77	2748
1445.26	2784
1450.74	2764
1456.22	2705
1461.68	2439
1467.15	2334
1472.61	2048
1478.06	1989
1483.51	1702
1488.95	1610
1494.38	1643
1499.81	1581
1505.24	1364
1510.65	1465
1516.07	1445
1521.48	1450
1526.88	1438
1532.27	1330
1537.67	1536
1543.05	1510
1548.43	1358
1553.81	1362
1559.18	1351
1564.54	1361
1569.9	1300
1575.25	1448
1580.6	1252
1585.94	1352
1591.28	1274
1596.61	1311
1601.93	1286
1607.25	1259
1612.57	1265
1617.88	1302
1623.18	1234
1628.48	1349
1633.77	1311
1639.06	1304
1644.34	1259
1649.62	1208
1654.89	1252
1660.16	1215
1665.42	1227
1670.67	1191
1675.92	1123
1681.17	1252
1686.41	1159
1691.64	1212
1696.87	1293
1702.1	1089
1707.32	1183
1712.53	1179
1717.74	1146
1722.94	1156
1728.14	988
1733.33	1134
1738.52	998
1743.7	1131
1748.88	1064
1754.05	1074
1759.22	1115
1764.38	1233
1769.53	984
1774.69	1098
1779.83	1140
1784.97	1008
1790.11	1050
1795.24	1003
1800.36	1085
1805.48	1132
1810.6	1008
1815.71	988
1820.82	1036
1825.92	1078
1831.01	983
1836.1	1017
1841.19	910
1846.26	1009
1851.34	1028
1856.41	984
1861.47	961
1866.53	990
1871.59	1081
1876.64	1014
1881.68	775
1886.72	1063
1891.76	818
1896.79	905
1901.81	813
1906.83	1002
1911.85	927
1916.86	919
1921.86	1035
1926.86	799
1931.86	844
1936.85	867
1941.83	884
1946.81	879
1951.79	923
1956.76	823
1961.72	899
1966.68	841
1971.64	832
1976.59	800
1981.54	829
1986.48	871
1991.42	786
1996.35	981
2001.27	796
2006.2	875
2011.11	817
2016.03	806
2020.93	778
2025.84	874
2030.73	819
2035.63	826
2040.52	723
2045.4	864
2050.28	819
2055.15	888
2060.02	864
2064.89	748
2069.75	906
2074.6	825
2079.46	874
2084.3	823
2089.14	788
2093.98	923
2098.81	780
2103.64	772
2108.46	828
2113.28	853
2118.09	925
2122.9	746
2127.7	863
2132.5	802
2137.3	754
2142.09	823
2146.87	739
2151.66	841
2156.43	796
2161.2	728
2165.97	889
2170.73	801
2175.49	887
2180.24	809
2184.99	877
2189.74	886
2194.48	822
2199.21	770
2203.94	731
2208.67	822
2213.39	846
2218.11	823
2222.82	798
2227.53	801
2232.23	747
2236.93	618
2241.63	711
2246.32	611
2251	650
2255.68	687
2260.36	674
2265.03	718
2269.7	801
2274.36	630
2279.02	682
2283.68	677
2288.33	696
2292.97	665
2297.61	698
2302.25	655
2306.88	634
2311.51	663
2316.14	589
2320.75	658
2325.37	675
2329.98	638
2334.59	715
2339.19	656
2343.79	575
2348.38	635
2352.97	612
2357.55	832
2362.13	802
2366.71	583
2371.28	753
2375.85	587
2380.41	697
2384.97	725
2389.52	720
2394.07	686
2398.62	653
2403.16	589
2407.7	553
2412.23	693
2416.76	666
2421.29	666
2425.81	758
2430.32	671
2434.84	537
2439.34	646
2443.85	541
2448.35	647
2452.84	594
2457.33	671
2461.82	546
2466.3	606
2470.78	647
2475.25	525
2479.72	652
2484.19	568
2488.65	584
2493.11	599
2497.56	709
2502.01	541
2506.46	517
2510.9	480
2515.34	607
2519.77	527
2524.2	534
2528.62	652
2533.04	542
2537.46	569
2541.87	542
2546.28	574
2550.68	583
2555.08	599
2559.48	726
2563.87	528
2568.26	639
2572.64	649
2577.02	761
2581.4	611
2585.77	572
2590.14	550
2594.5	601
2598.86	602
2603.22	530
2607.57	643
2611.92	562
2616.26	640
2620.6	622
2624.94	589
2629.27	615
2633.6	616
2637.92	595
2642.24	534
2646.56	559
2650.87	609
2655.18	653
2659.48	560
2663.78	634
2668.08	637
2672.37	653
2676.66	601
2680.95	714
2685.23	509
2689.5	611
2693.78	618
2698.05	605
2702.31	580
2706.57	747
2710.83	725
2715.08	670
2719.33	631
2723.58	792
2727.82	806
2732.06	757
2736.29	640
2740.53	648
2744.75	662
2748.97	679
2753.19	604
2757.41	644
2761.62	623
2765.83	689
2770.03	555
2774.23	531
2778.43	624
2782.62	669
2786.81	675
2791	708
2795.18	711
2799.35	612
2803.53	727
2807.7	821
2811.86	750
2816.03	805
2820.19	860
2824.34	945
2828.49	988
2832.64	1001
2836.78	1217
2840.92	1350
2845.06	1653
2849.19	1960
2853.32	1989
2857.45	2066
2861.57	2035
2865.69	1941
2869.8	1861
2873.91	2003
2878.02	2038
2882.12	2180
2886.22	2210
2890.32	2160
2894.41	1880
2898.5	1836
2902.58	1709
2906.67	1745
2910.74	1547
2914.82	1553
2918.89	1452
2922.96	1421
2927.02	1346
2931.08	1278
2935.13	1139
2939.19	1188
2943.24	1073
2947.28	994
2951.32	893
2955.36	916
2959.4	848
2963.43	816
2967.46	705
2971.48	795
2975.5	724
2979.52	728
2983.53	663
2987.54	624
2991.55	725
2995.55	629
2999.55	534
3003.54	569
3007.54	535
3011.53	542
3015.51	510
3019.49	604
3023.47	530
3027.45	478
3031.42	520
3035.39	406
3039.35	509
3043.31	463
3047.27	500
3051.22	549
3055.17	556
3059.12	434
3063.06	514
3067	588
3070.94	415
3074.87	429
3078.8	380
3082.73	440
3086.65	475
3090.57	493
3094.49	529
3098.4	451
3102.31	378
3106.22	398
3110.12	579
3114.02	440
3117.92	472
3121.81	381
3125.7	396
3129.58	296
3133.47	588
3137.34	500
3141.22	381
3145.09	483
3148.96	352
3152.83	398
3156.69	457
3160.55	445
3164.4	453
3168.26	409
3172.1	512
3175.95	433
3179.79	440
3183.63	471
3187.47	420
3191.3	402
3195.13	591
3198.95	313
3202.78	476
3206.6	349
3210.41	499
3214.23	345
3218.03	504
3221.84	438
3225.64	424
3229.44	407
3233.24	391
3237.03	454
3240.82	466
3244.61	370
3248.39	400
3252.17	385
3255.95	497
3259.72	486
3263.49	526
3267.26	474
3271.03	488
3274.79	441
3278.54	450
3282.3	373
3286.05	354
3289.8	561
3293.54	463
3297.29	548
3301.02	502
3304.76	383
3308.49	465
3312.22	323
3315.95	495
3319.67	361
3323.39	438
3327.1	485
3330.82	417
3334.53	436
3338.24	348
3341.94	377
3345.64	361
3349.34	367
3353.03	499
3356.72	410
3360.41	405
3364.1	438
3367.78	434
3371.46	351
3375.13	357
3378.81	541
3382.48	456
3386.14	573
3389.81	462
3393.47	444
3397.12	439
3400.78	564
3404.43	359
3408.08	384
3411.72	423
3415.36	380
3419	474
3422.64	499
3426.27	363
3429.9	427
3433.53	409
3437.15	457
3440.77	311
3444.39	290
3448	355
3451.62	410
3455.22	382
3458.83	349
3462.43	430
3466.03	375
3469.63	407
3473.22	466
3476.81	387
3480.4	440
3483.99	332
3487.57	435
3491.15	358
3494.72	415
3498.29	435
3501.86	378
3505.43	312
3508.99	388
3512.56	273
3516.11	345
3519.67	354
3523.22	370
3526.77	386
3530.32	398
3533.86	312
3537.4	451
3540.94	423
3544.47	361
3548	279
3551.53	289
3555.06	313
3558.58	454
3562.1	383
3565.62	360
3569.13	398
3572.64	372
3576.15	395
3579.66	360
3583.16	367
3586.66	371
3590.16	424
3593.65	324
3597.14	346
3600.63	434
3604.11	399
3607.6	324
3611.08	345
3614.55	362
3618.03	387
3621.5	251
3624.97	405
3628.43	415
3631.9	422
3635.36	352
3638.81	357
3642.27	387
3645.72	346
3649.17	384
3652.61	315
3656.06	349
3659.5	311
3662.93	424
3666.37	326
3669.8	244
3673.23	382
3676.65	432
3680.08	370
3683.5	265
3686.92	321
3690.33	258
3693.74	349
3697.15	356
3700.56	310
3703.96	325
3707.36	308
3710.76	335
3714.16	397
3717.55	327
3720.94	329
3724.33	370
3727.71	301
3731.1	288
3734.48	261
3737.85	303
3741.23	288
3744.6	246
3747.97	266
3751.33	401
3754.69	328
3758.05	302
3761.41	337
3764.77	301
3768.12	189
3771.47	298
3774.82	387
3778.16	-5
3781.5	3
3784.84	4
3788.18	5
