-37534.58	1
-37414.56	7
-37295.11	-6
-37176.24	6
-37057.95	28
-36940.22	58
-36823.05	138
-36706.45	-97
-36590.4	-22
-36474.9	-17
-36359.95	138
-36245.55	45
-36131.68	32
-36018.35	82
-35905.55	53
-35793.29	91
-35681.54	-39
-35570.32	-27
-35459.62	38
-35349.43	-64
-35239.75	81
-35130.58	103
-35021.91	0
-34913.74	16
-34806.07	39
-34698.89	78
-34592.2	35
-34486	61
-34380.28	143
-34275.04	43
-34170.27	-72
-34065.98	6
-33962.16	62
-33858.81	62
-33755.92	113
-33653.49	75
-33551.52	45
-33450.01	152
-33348.94	23
-33248.33	25
-33148.16	138
-33048.43	-12
-32949.14	123
-32850.29	102
-32751.87	104
-32653.89	110
-32556.33	-109
-32459.2	16
-32362.49	96
-32266.19	61
-32170.32	49
-32074.86	113
-31979.82	-3
-31885.18	110
-31790.95	174
-31697.12	49
-31603.69	79
-31510.67	-63
-31418.04	51
-31325.8	87
-31233.95	32
-31142.49	115
-31051.42	-43
-30960.73	186
-30870.43	88
-30780.5	81
-30690.95	150
-30601.77	165
-30512.97	-46
-30424.53	169
-30336.46	63
-30248.76	95
-30161.42	106
-30074.44	73
-29987.81	205
-29901.55	-23
-29815.63	76
-29730.07	129
-29644.86	72
-29560	-8
-29475.48	19
-29391.3	158
-29307.47	34
-29223.97	163
-29140.81	14
-29057.99	3
-28975.5	-6
-28893.34	100
-28811.51	-18
-28730	90
-28648.82	110
-28567.97	-73
-28487.43	25
-28407.21	73
-28327.32	32
-28247.73	15
-28168.46	128
-28089.5	64
-28010.85	60
-27932.51	12
-27854.48	70
-27776.75	117
-27699.32	92
-27622.19	179
-27545.37	78
-27468.84	152
-27392.6	107
-27316.66	48
-27241.01	28
-27165.66	-68
-27090.59	149
-27015.81	-24
-26941.31	81
-26867.1	12
-26793.17	228
-26719.52	9
-26646.15	227
-26573.06	41
-26500.24	56
-26427.7	59
-26355.43	-52
-26283.43	39
-26211.71	111
-26140.25	235
-26069.06	61
-25998.13	98
-25927.46	6
-25857.06	89
-25786.92	-46
-25717.04	11
-25647.42	0
-25578.05	-58
-25508.94	44
-25440.09	47
-25371.48	16
-25303.13	214
-25235.02	-11
-25167.17	-45
-25099.56	30
-25032.19	81
-24965.07	36
-24898.2	175
-24831.56	85
-24765.17	38
-24699.01	-20
-24633.1	134
-24567.41	33
-24501.97	164
-24436.75	42
-24371.77	70
-24307.03	128
-24242.51	-49
-24178.22	91
-24114.16	144
-24050.32	219
-23986.71	144
-23923.32	36
-23860.16	43
-23797.22	22
-23734.5	-4
-23672	59
-23609.71	35
-23547.65	87
-23485.8	65
-23424.16	94
-23362.74	71
-23301.53	-22
-23240.54	12
-23179.75	81
-23119.17	0
-23058.8	154
-22998.64	132
-22938.68	6
-22878.93	5
-22819.39	29
-22760.04	31
-22700.9	114
-22641.96	-6
-22583.22	18
-22524.68	15
-22466.33	111
-22408.19	19
-22350.23	148
-22292.48	68
-22234.92	36
-22177.55	47
-22120.37	40
-22063.38	59
-22006.58	71
-21949.98	44
-21893.56	97
-21837.33	37
-21781.28	63
-21725.42	122
-21669.74	58
-21614.25	53
-21558.94	106
-21503.81	-79
-21448.86	73
-21394.1	133
-21339.51	95
-21285.1	52
-21230.86	79
-21176.81	19
-21122.93	66
-21069.22	-23
-21015.69	17
-20962.33	26
-20909.14	222
-20856.13	5
-20803.28	95
-20750.61	78
-20698.1	-14
-20645.76	62
-20593.59	-75
-20541.59	27
-20489.75	-22
-20438.07	123
-20386.56	141
-20335.22	38
-20284.03	46
-20233.01	18
-20182.15	134
-20131.45	-42
-20080.91	121
-20030.52	76
-19980.3	31
-19930.23	12
-19880.32	-147
-19830.56	74
-19780.96	93
-19731.52	-11
-19682.23	-11
-19633.09	-7
-19584.1	156
-19535.26	44
-19486.58	101
-19438.04	60
-19389.66	58
-19341.42	-50
-19293.33	53
-19245.39	-88
-19197.6	84
-19149.95	158
-19102.45	156
-19055.09	58
-19007.87	55
-18960.8	58
-18913.87	119
-18867.09	-28
-18820.44	35
-18773.94	183
-18727.57	-94
-18681.35	169
-18635.26	119
-18589.31	81
-18543.5	70
-18497.83	63
-18452.29	143
-18406.89	15
-18361.63	92
-18316.5	-138
-18271.5	232
-18226.63	143
-18181.9	75
-18137.3	133
-18092.84	91
-18048.5	159
-18004.29	-35
-17960.22	56
-17916.27	78
-17872.45	45
-17828.76	0
-17785.2	146
-17741.77	-75
-17698.46	-112
-17655.28	103
-17612.22	167
-17569.29	63
-17526.48	-6
-17483.79	40
-17441.23	70
-17398.79	115
-17356.48	122
-17314.28	51
-17272.21	119
-17230.26	-30
-17188.42	-16
-17146.71	51
-17105.12	42
-17063.64	54
-17022.28	81
-16981.04	-39
-16939.92	-12
-16898.91	28
-16858.02	99
-16817.25	58
-16776.59	153
-16736.04	74
-16695.61	20
-16655.29	196
-16615.09	117
-16574.99	5
-16535.01	173
-16495.15	-13
-16455.39	35
-16415.74	55
-16376.21	130
-16336.78	72
-16297.46	23
-16258.26	115
-16219.16	107
-16180.17	73
-16141.28	68
-16102.51	82
-16063.84	89
-16025.27	4
-15986.82	-89
-15948.46	-37
-15910.22	121
-15872.07	86
-15834.04	36
-15796.1	28
-15758.27	114
-15720.54	86
-15682.91	74
-15645.39	81
-15607.97	60
-15570.64	89
-15533.42	113
-15496.3	85
-15459.28	173
-15422.36	19
-15385.54	80
-15348.82	124
-15312.19	152
-15275.66	62
-15239.23	107
-15202.9	30
-15166.67	6
-15130.53	125
-15094.48	96
-15058.54	16
-15022.68	-40
-14986.93	-3
-14951.26	10
-14915.69	-37
-14880.22	84
-14844.84	33
-14809.55	-110
-14774.35	45
-14739.25	-28
-14704.24	95
-14669.32	8
-14634.49	-15
-14599.75	93
-14565.1	-3
-14530.55	146
-14496.08	100
-14461.7	-10
-14427.41	91
-14393.21	-68
-14359.1	74
-14325.07	108
-14291.14	7
-14257.29	23
-14223.52	43
-14189.85	125
-14156.26	-36
-14122.76	34
-14089.34	87
-14056.01	-22
-14022.76	58
-13989.6	-24
-13956.52	38
-13923.53	-13
-13890.62	101
-13857.79	143
-13825.05	-8
-13792.39	137
-13759.81	185
-13727.31	103
-13694.9	122
-13662.57	14
-13630.31	75
-13598.14	116
-13566.05	-95
-13534.05	45
-13502.12	101
-13470.27	132
-13438.5	61
-13406.8	37
-13375.19	14
-13343.66	41
-13312.2	31
-13280.83	78
-13249.53	32
-13218.3	42
-13187.16	170
-13156.09	95
-13125.1	7
-13094.18	42
-13063.34	78
-13032.58	-19
-13001.89	89
-12971.28	158
-12940.74	74
-12910.27	76
-12879.88	45
-12849.57	-73
-12819.33	74
-12789.16	-22
-12759.06	36
-12729.04	121
-12699.09	1215
-12669.21	-15
-12639.41	53
-12609.68	167
-12580.02	91
-12550.43	-65
-12520.91	70
-12491.46	143
-12462.08	59
-12432.77	107
-12403.54	12
-12374.37	38
-12345.27	11
-12316.24	49
-12287.29	105
-12258.4	44
-12229.57	171
-12200.82	56
-12172.14	-5
-12143.52	31
-12114.97	90
-12086.49	99
-12058.07	44
-12029.73	51
-12001.44	26
-11973.23	56
-11945.08	-49
-11917	39
-11888.98	92
-11861.03	-40
-11833.15	85
-11805.32	5
-11777.57	-133
-11749.88	77
-11722.25	86
-11694.69	64
-11667.19	134
-11639.75	75
-11612.38	-36
-11585.07	229
-11557.83	145
-11530.65	-34
-11503.53	-11
-11476.47	67
-11449.48	-1
-11422.54	83
-11395.67	101
-11368.86	38
-11342.11	-29
-11315.43	106
-11288.8	37
-11262.23	-30
-11235.73	83
-11209.28	66
-11182.9	40
-11156.57	158
-11130.31	178
-11104.1	170
-11077.96	-6
-11051.87	34
-11025.84	44
-10999.87	131
-10973.96	143
-10948.11	1
-10922.31	53
-10896.58	93
-10870.9	53
-10845.28	-32
-10819.71	83
-10794.2	109
-10768.75	79
-10743.36	-1
-10718.02	78
-10692.74	30
-10667.52	-37
-10642.35	119
-10617.24	8
-10592.18	-78
-10567.18	56
-10542.23	73
-10517.34	90
-10492.51	38
-10467.72	12
-10443	-75
-10418.32	56
-10393.7	-109
-10369.14	-70
-10344.63	-14
-10320.17	-36
-10295.77	-96
-10271.42	4
-10247.12	-69
-10222.88	-19
-10198.68	-47
-10174.54	0
-10150.46	-69
-10126.42	-116
-10102.44	-200
-10078.51	-71
-10054.63	-48
-10030.8	-58
-10007.03	-103
-9983.3	1
-9959.63	-44
-9936.01	-87
-9912.44	-187
-9888.92	-184
-9865.44	-147
-9842.02	-142
-9818.65	-258
-9795.33	-213
-9772.06	-208
-9748.84	-232
-9725.67	-118
-9702.55	-170
-9679.47	-230
-9656.45	-366
-9633.47	-343
-9610.55	-412
-9587.67	-337
-9564.84	-326
-9542.06	-546
-9519.32	-552
-9496.64	-647
-9474	-671
-9451.41	-565
-9428.87	-685
-9406.37	-627
-9383.92	-689
-9361.52	-567
-9339.17	-788
-9316.86	-797
-9294.6	-1050
-9272.38	-1126
-9250.21	-1138
-9228.09	-1295
-9206.01	-1014
-9183.98	-890
-9162	-876
-9140.06	-869
-9118.16	-894
-9096.31	-987
-9074.51	-892
-9052.75	-881
-9031.04	-859
-9009.37	-844
-8987.74	-621
-8966.16	-421
-8944.63	-485
-8923.14	-536
-8901.69	-645
-8880.29	-538
-8858.93	-603
-8837.61	-734
-8816.34	-708
-8795.11	-660
-8773.92	-393
-8752.78	-458
-8731.68	-356
-8710.62	-380
-8689.61	-762
-8668.63	-660
-8647.7	-781
-8626.82	-552
-8605.97	-599
-8585.17	-639
-8564.41	-451
-8543.69	-562
-8523.01	-457
-8502.37	-502
-8481.78	-499
-8461.23	-678
-8440.71	-642
-8420.24	-594
-8399.81	-602
-8379.42	-556
-8359.08	-420
-8338.77	-492
-8318.5	-561
-8298.27	-396
-8278.09	-328
-8257.94	-465
-8237.83	-484
-8217.76	-529
-8197.74	-475
-8177.75	-495
-8157.8	-373
-8137.89	-328
-8118.02	-198
-8098.19	-539
-8078.4	-356
-8058.65	-441
-8038.93	-503
-8019.26	-454
-7999.62	-281
-7980.02	-130
-7960.46	-427
-7940.94	-369
-7921.46	-340
-7902.01	-326
-7882.6	-345
-7863.23	-379
-7843.9	-368
-7824.61	-475
-7805.35	-407
-7786.13	-499
-7766.95	-383
-7747.8	-390
-7728.69	-407
-7709.62	-471
-7690.59	-354
-7671.59	-479
-7652.63	-454
-7633.7	-525
-7614.81	-429
-7595.96	-480
-7577.15	-269
-7558.37	-370
-7539.62	-328
-7520.91	-319
-7502.24	-408
-7483.6	-412
-7465	-354
-7446.44	-237
-7427.91	-301
-7409.41	-184
-7390.95	-166
-7372.53	-238
-7354.14	-307
-7335.78	-257
-7317.46	-216
-7299.18	-239
-7280.92	-289
-7262.71	-462
-7244.52	-207
-7226.38	-272
-7208.26	-282
-7190.18	-316
-7172.14	-330
-7154.12	-348
-7136.15	-286
-7118.2	-411
-7100.29	-443
-7082.41	-545
-7064.57	-461
-7046.76	-314
-7028.98	-405
-7011.24	-63
-6993.53	-178
-6975.85	-155
-6958.2	-117
-6940.59	-307
-6923.01	-165
-6905.46	-283
-6887.94	-223
-6870.46	-3029
-6853.01	-379
-6835.59	-316
-6818.21	-215
-6800.85	-296
-6783.53	2
-6766.24	-209
-6748.98	-152
-6731.76	-135
-6714.56	-229
-6697.4	-76
-6680.26	-156
-6663.16	-154
-6646.09	-285
-6629.05	-331
-6612.05	-202
-6595.07	-204
-6578.13	-303
-6561.21	-186
-6544.33	-182
-6527.47	-202
-6510.65	-159
-6493.86	-26
-6477.1	-40
-6460.36	18
-6443.66	-58
-6426.99	-185
-6410.35	-140
-6393.74	-120
-6377.16	-113
-6360.61	-259
-6344.09	-160
-6327.59	-268
-6311.13	-307
-6294.7	-105
-6278.29	-118
-6261.92	-243
-6245.58	-355
-6229.26	-338
-6212.97	-167
-6196.72	-39
-6180.49	-58
-6164.29	-144
-6148.12	-65
-6131.98	-65
-6115.86	-102
-6099.78	-33
-6083.72	58
-6067.69	-173
-6051.69	-15
-6035.72	-110
-6019.78	-3
-6003.87	-143
-5987.98	-206
-5972.12	-172
-5956.29	-268
-5940.49	-239
-5924.71	-115
-5908.96	-90
-5893.24	-15
-5877.55	2
-5861.89	64
-5846.25	-38
-5830.64	18
-5815.05	-7
-5799.5	-74
-5783.97	-104
-5768.47	-81
-5752.99	-224
-5737.55	-108
-5722.12	-144
-5706.73	-127
-5691.36	-269
-5676.02	18
-5660.71	-8
-5645.42	-136
-5630.16	5
-5614.92	-87
-5599.71	-8
-5584.53	-98
-5569.37	-74
-5554.24	-184
-5539.14	-57
-5524.06	-24
-5509.01	-25
-5493.98	81
-5478.98	8
-5464	-33
-5449.05	-172
-5434.13	-38
-5419.23	-14
-5404.36	-37
-5389.51	-151
-5374.69	-76
-5359.89	-183
-5345.12	-133
-5330.37	23
-5315.65	-82
-5300.95	-54
-5286.28	-23
-5271.63	-94
-5257.01	-143
-5242.41	-35
-5227.84	-143
-5213.29	-26
-5198.76	85
-5184.26	157
-5169.79	-107
-5155.33	-11
-5140.91	-155
-5126.51	-58
-5112.13	11
-5097.77	-38
-5083.44	20
-5069.13	6
-5054.85	-92
-5040.59	-53
-5026.36	-79
-5012.15	18
-4997.96	-60
-4983.8	50
-4969.66	-37
-4955.54	23
-4941.44	-103
-4927.37	9
-4913.33	-109
-4899.3	-117
-4885.3	-15
-4871.33	-142
-4857.37	-58
-4843.44	9
-4829.53	-116
-4815.65	17
-4801.79	-72
-4787.95	-29
-4774.13	-128
-4760.34	9
-4746.56	63
-4732.82	30
-4719.09	-100
-4705.38	-203
-4691.7	-60
-4678.04	-179
-4664.41	-151
-4650.79	61
-4637.2	22
-4623.63	-39
-4610.08	39
-4596.56	29
-4583.05	-90
-4569.57	-100
-4556.11	-132
-4542.67	46
-4529.25	19
-4515.86	48
-4502.49	-83
-4489.13	-217
-4475.8	-106
-4462.49	-39
-4449.21	-50
-4435.94	-14
-4422.7	9
-4409.47	33
-4396.27	-105
-4383.09	31
-4369.93	121
-4356.79	-10
-4343.67	105
-4330.58	-3
-4317.5	-126
-4304.45	4
-4291.41	-162
-4278.4	41
-4265.41	39
-4252.44	82
-4239.49	-51
-4226.55	-17
-4213.65	52
-4200.76	61
-4187.89	111
-4175.04	-58
-4162.21	24
-4149.4	30
-4136.61	157
-4123.85	-5
-4111.1	95
-4098.37	18
-4085.66	21
-4072.98	-4
-4060.31	115
-4047.66	37
-4035.04	8
-4022.43	100
-4009.84	146
-3997.27	126
-3984.72	124
-3972.19	112
-3959.69	70
-3947.2	25
-3934.73	38
-3922.27	29
-3909.84	60
-3897.43	16
-3885.04	122
-3872.67	103
-3860.31	68
-3847.98	-85
-3835.66	124
-3823.36	126
-3811.09	74
-3798.83	84
-3786.59	77
-3774.37	156
-3762.17	14
-3749.98	132
-3737.82	88
-3725.67	90
-3713.55	63
-3701.44	28
-3689.35	-20
-3677.28	82
-3665.22	29
-3653.19	11
-3641.17	58
-3629.18	-22
-3617.2	147
-3605.24	72
-3593.3	-13
-3581.37	39
-3569.47	3
-3557.58	98
-3545.71	8
-3533.86	41
-3522.02	-33
-3510.21	102
-3498.41	-88
-3486.63	60
-3474.87	112
-3463.12	28
-3451.4	90
-3439.69	44
-3428	70
-3416.33	-44
-3404.67	49
-3393.03	158
-3381.41	75
-3369.81	56
-3358.22	-10
-3346.66	160
-3335.1	-11
-3323.57	16
-3312.06	24
-3300.56	23
-3289.08	10
-3277.61	-15
-3266.16	120
-3254.73	46
-3243.32	212
-3231.92	-104
-3220.55	123
-3209.18	43
-3197.84	76
-3186.51	2
-3175.2	99
-3163.9	68
-3152.63	118
-3141.36	21
-3130.12	51
-3118.89	70
-3107.68	22
-3096.49	7
-3085.31	72
-3074.15	3
-3063	64
-3051.87	94
-3040.76	106
-3029.67	66
-3018.59	41
-3007.52	68
-2996.48	54
-2985.44	45
-2974.43	172
-2963.43	32
-2952.45	37
-2941.48	-39
-2930.53	112
-2919.6	56
-2908.68	12
-2897.78	23
-2886.89	111
-2876.02	126
-2865.17	-24
-2854.33	-76
-2843.5	110
-2832.7	121
-2821.9	104
-2811.13	166
-2800.37	98
-2789.62	118
-2778.89	68
-2768.18	22
-2757.48	27
-2746.8	103
-2736.13	-10
-2725.48	94
-2714.84	137
-2704.22	20
-2693.61	138
-2683.02	51
-2672.45	-59
-2661.89	107
-2651.34	28
-2640.81	34
-2630.3	-42
-2619.8	-11
-2609.31	-38
-2598.84	79
-2588.39	45
-2577.95	-28
-2567.52	39
-2557.11	100
-2546.71	-87
-2536.33	36
-2525.97	19
-2515.62	156
-2505.28	36
-2494.96	99
-2484.65	-22
-2474.36	-64
-2464.08	108
-2453.82	42
-2443.57	66
-2433.33	103
-2423.11	49
-2412.91	120
-2402.72	153
-2392.54	30
-2382.38	92
-2372.23	-102
-2362.09	-4394
-2351.97	155
-2341.87	30
-2331.78	54
-2321.7	151
-2311.64	20
-2301.59	35
-2291.55	100
-2281.53	160
-2271.53	50
-2261.53	-20
-2251.55	70
-2241.59	179
-2231.64	91
-2221.7	78
-2211.78	61
-2201.87	-8
-2191.97	52
-2182.09	-23
-2172.22	-32
-2162.37	137
-2152.53	225
-2142.7	-29
-2132.89	240
-2123.09	106
-2113.3	11
-2103.53	64
-2093.77	3
-2084.02	-17
-2074.29	126
-2064.57	87
-2054.86	128
-2045.17	185
-2035.49	5
-2025.82	142
-2016.17	0
-2006.53	-16
-1996.91	65
-1987.29	20
-1977.69	-21
-1968.11	209
-1958.53	-12
-1948.97	87
-1939.42	63
-1929.89	69
-1920.37	70
-1910.86	-13
-1901.36	73
-1891.88	121
-1882.41	99
-1872.95	71
-1863.51	79
-1854.08	44
-1844.66	119
-1835.26	81
-1825.86	-89
-1816.48	69
-1807.11	25
-1797.76	57
-1788.42	110
-1779.09	73
-1769.77	166
-1760.47	101
-1751.17	80
-1741.89	148
-1732.63	-2
-1723.37	183
-1714.13	86
-1704.9	234
-1695.68	21
-1686.48	107
-1677.29	51
-1668.11	138
-1658.94	96
-1649.78	116
-1640.64	123
-1631.51	105
-1622.39	65
-1613.28	57
-1604.19	-21
-1595.1	-2
-1586.03	51
-1576.97	178
-1567.93	-102
-1558.89	51
-1549.87	102
-1540.86	94
-1531.86	35
-1522.87	-34
-1513.9	65
-1504.93	80
-1495.98	87
-1487.04	171
-1478.12	23
-1469.2	40
-1460.3	99
-1451.4	77
-1442.52	44
-1433.65	-89
-1424.8	108
-1415.95	31
-1407.12	75
-1398.3	51
-1389.48	-14
-1380.69	71
-1371.9	129
-1363.12	50
-1354.36	107
-1345.6	191
-1336.86	93
-1328.13	120
-1319.41	-37
-1310.7	37
-1302.01	125
-1293.32	60
-1284.65	49
-1275.99	32
-1267.33	78
-1258.69	42
-1250.06	68
-1241.45	81
-1232.84	140
-1224.25	-31
-1215.66	-17
-1207.09	197
-1198.53	119
-1189.97	40
-1181.43	-38
-1172.91	80
-1164.39	14
-1155.88	21
-1147.38	80
-1138.9	1
-1130.43	134
-1121.96	94
-1113.51	194
-1105.07	169
-1096.64	11
-1088.22	120
-1079.81	110
-1071.41	22
-1063.02	117
-1054.65	89
-1046.28	214
-1037.92	-10
-1029.58	67
-1021.24	62
-1012.92	80
-1004.61	37
-996.3	145
-988.01	-90
-979.73	143
-971.46	83
-963.2	157
-954.95	-35
-946.71	-12
-938.48	11
-930.26	29
-922.06	-1
-913.86	175
-905.67	128
-897.49	57
-889.33	119
-881.17	6
-873.02	59
-864.89	102
-856.76	71
-848.65	30
-840.54	18
-832.45	117
-824.36	54
-816.29	2
-808.22	53
-800.17	96
-792.12	12
-784.09	101
-776.06	27
-768.05	159
-760.04	-37
-752.05	104
-744.07	-22
-736.09	30
-728.13	126
-720.17	-25
-712.23	26
-704.29	47
-696.37	84
-688.45	53
-680.55	47
-672.65	139
-664.77	24
-656.89	55
-649.03	45
-641.17	-19
-633.32	51
-625.49	76
-617.66	76
-609.84	-2
-602.03	104
-594.23	59
-586.45	91
-578.67	30
-570.9	60
-563.14	109
-555.39	60
-547.65	48
-539.91	81
-532.19	67
-524.48	144
-516.78	113
-509.08	50
-501.4	110
-493.72	104
-486.06	22
-478.4	216
-470.76	-13
-463.12	102
-455.49	122
-447.87	-42
-440.26	126
-432.66	26
-425.07	103
-417.49	128
-409.92	44
-402.35	124
-394.8	155
-387.25	62
-379.72	-21
-372.19	-43
-364.67	60
-357.17	154
-349.67	159
-342.18	203
-334.69	73
-327.22	160
-319.76	118
-312.3	121
-304.86	113
-297.42	0
-290	109
-282.58	-20
-275.17	-40
-267.77	172
-260.37	-24
-252.99	85
-245.62	45
-238.25	210
-230.9	196
-223.55	213
-216.21	76
-208.88	164
-201.56	250
-194.25	251
-186.94	267
-179.65	304
-172.36	311
-165.08	337
-157.81	417
-150.55	338
-143.3	462
-136.06	408
-128.82	394
-121.6	472
-114.38	550
-107.17	559
-99.97	775
-92.78	763
-85.6	910
-78.42	1033
-71.25	1102
-64.1	1378
-56.95	1425
-49.81	1832
-42.67	2234
-35.55	2733
-28.43	3583
-21.33	6000
-14.23	19081
-7.14	54962
-0.05	54569
7.02	54299
14.09	54597
21.14	17590
28.19	7398
35.23	4713
42.27	3503
49.29	2917
56.31	2533
63.32	2084
70.32	1684
77.31	1410
84.29	1357
91.27	1080
98.23	995
105.19	1038
112.14	1316
119.09	2402
126.02	4169
132.95	5276
139.87	5439
146.78	5630
153.68	5634
160.58	5503
167.46	5527
174.34	5437
181.21	5255
188.08	5501
194.93	5373
201.78	5467
208.62	5583
215.45	5498
222.27	5455
229.09	5464
235.9	5409
242.7	5421
249.49	5359
256.27	5178
263.05	5331
269.82	5410
276.58	5228
283.33	5289
290.08	5172
296.82	5203
303.55	5131
310.27	5046
316.98	5186
323.69	5087
330.39	4879
337.08	5065
343.76	4953
350.44	4986
357.11	5026
363.77	4939
370.42	4939
377.07	4943
383.71	5003
390.34	4872
396.96	4930
403.58	4845
410.19	4877
416.79	4936
423.38	4979
429.97	4782
436.55	4862
443.12	4681
449.68	4524
456.24	4559
462.79	4553
469.33	4491
475.86	4517
482.39	4468
488.91	4434
495.42	4574
501.93	4412
508.42	4413
514.91	4134
521.4	4335
527.87	4146
534.34	4400
540.8	4253
547.25	4237
553.7	4277
560.14	4175
566.57	4252
573	4197
579.41	4104
585.83	4204
592.23	4021
598.62	4118
605.01	3956
611.4	4060
617.77	4022
624.14	3962
630.5	3984
636.85	3936
643.2	3938
649.54	3739
655.87	4022
662.2	3784
668.52	3909
674.83	3592
681.13	3745
687.43	3719
693.72	3693
700	3728
706.28	3738
712.55	3602
718.81	3698
725.07	3610
731.32	3560
737.56	3677
743.79	3689
750.02	3716
756.24	3638
762.46	3613
768.67	3573
774.87	3649
781.06	3678
787.25	3539
793.43	3515
799.6	3633
805.77	3418
811.93	3417
818.08	3433
824.23	3457
830.37	3572
836.5	3360
842.63	3288
848.75	3355
854.87	3440
860.97	3294
867.07	3305
873.17	3393
879.25	3321
885.33	3289
891.41	3305
897.47	3135
903.53	3269
909.59	3137
915.63	3076
921.67	3192
927.71	3052
933.74	3229
939.76	3101
945.77	3078
951.78	3106
957.78	3136
963.78	3081
969.77	3010
975.75	3047
981.72	3015
987.69	3169
993.66	3255
999.61	3015
1005.56	2989
1011.51	3072
1017.44	3075
1023.37	3049
1029.3	3079
1035.22	3120
1041.13	3044
1047.03	2972
1052.93	3061
1058.83	3476
1064.71	3499
1070.59	3375
1076.47	3135
1082.33	3066
1088.2	2997
1094.05	2909
1099.9	3040
1105.74	2931
1111.58	2860
1117.41	2948
1123.23	3285
1129.05	3399
1134.86	3060
1140.67	3060
1146.47	2857
1152.26	2717
1158.05	2761
1163.83	2909
1169.6	2889
1175.37	2726
1181.13	2564
1186.89	2782
1192.64	2682
1198.38	2662
1204.12	2809
1209.85	2670
1215.58	2674
1221.3	2655
1227.02	2690
1232.72	2738
1238.43	2602
1244.12	2653
1249.81	2763
1255.5	2818
1261.17	2737
1266.85	2766
1272.51	2783
1278.17	2866
1283.83	2864
1289.47	3329
1295.12	3388
1300.75	3385
1306.38	3195
1312.01	2989
1317.63	2740
1323.24	2893
1328.85	2845
1334.45	2838
1340.04	2738
1345.63	2716
1351.22	2787
1356.8	2725
1362.37	2837
1367.93	2735
1373.49	2767
1379.05	2754
1384.6	2752
1390.14	2859
1395.68	2815
1401.21	2705
1406.74	2887
1412.26	2788
1417.77	2978
1423.28	3136
1428.78	3111
1434.28	3262
1439.77	3479
1445.26	3630
1450.74	3275
1456.22	3281
1461.68	3347
1467.15	3149
1472.61	2973
1478.06	2724
1483.51	2701
1488.95	2593
1494.38	2607
1499.81	2531
1505.24	2463
1510.65	2440
1516.07	2501
1521.48	2421
1526.88	2286
1532.27	2492
1537.67	2393
1543.05	2239
1548.43	2362
1553.81	2293
1559.18	2363
1564.54	2306
1569.9	2214
1575.25	2069
1580.6	2279
1585.94	2232
1591.28	2314
1596.61	2199
1601.93	2168
1607.25	2172
1612.57	2238
1617.88	2132
1623.18	2151
1628.48	2201
1633.77	2207
1639.06	2091
1644.34	2074
1649.62	2086
1654.89	2044
1660.16	2021
1665.42	2113
1670.67	2045
1675.92	2042
1681.17	2002
1686.41	2070
1691.64	2005
1696.87	2012
1702.1	1831
1707.32	1941
1712.53	1884
1717.74	1874
1722.94	1876
1728.14	1876
1733.33	1902
1738.52	1763
1743.7	1696
1748.88	1746
1754.05	1856
1759.22	1936
1764.38	1809
1769.53	1627
1774.69	1699
1779.83	1790
1784.97	1738
1790.11	1625
1795.24	1669
1800.36	1758
1805.48	1758
1810.6	1669
1815.71	1590
1820.82	1691
1825.92	1677
1831.01	1545
1836.1	1537
1841.19	1689
1846.26	1649
1851.34	1530
1856.41	1674
1861.47	1623
1866.53	1451
1871.59	1486
1876.64	1446
1881.68	1503
1886.72	1413
1891.76	1394
1896.79	1431
1901.81	1514
1906.83	1333
1911.85	1433
1916.86	1443
1921.86	1423
1926.86	1512
1931.86	1417
1936.85	1286
1941.83	1327
1946.81	1320
1951.79	1330
1956.76	1204
1961.72	1287
1966.68	1292
1971.64	1215
1976.59	1133
1981.54	1211
1986.48	1109
1991.42	1191
1996.35	1255
2001.27	1236
2006.2	1042
2011.11	1138
2016.03	1208
2020.93	1226
2025.84	1202
2030.73	1285
2035.63	1200
2040.52	1089
2045.4	1209
2050.28	1167
2055.15	1135
2060.02	1080
2064.89	1139
2069.75	1041
2074.6	1180
2079.46	992
2084.3	1027
2089.14	1033
2093.98	943
2098.81	1067
2103.64	930
2108.46	965
2113.28	932
2118.09	1074
2122.9	1000
2127.7	1052
2132.5	1057
2137.3	990
2142.09	936
2146.87	1016
2151.66	932
2156.43	917
2161.2	885
2165.97	973
2170.73	939
2175.49	804
2180.24	1006
2184.99	871
2189.74	903
2194.48	856
2199.21	992
2203.94	857
2208.67	1005
2213.39	925
2218.11	925
2222.82	879
2227.53	985
2232.23	902
2236.93	805
2241.63	968
2246.32	839
2251	811
2255.68	913
2260.36	853
2265.03	924
2269.7	866
2274.36	855
2279.02	750
2283.68	734
2288.33	846
2292.97	857
2297.61	675
2302.25	745
2306.88	693
2311.51	659
2316.14	848
2320.75	815
2325.37	759
2329.98	857
2334.59	665
2339.19	786
2343.79	723
2348.38	754
2352.97	936
2357.55	637
2362.13	719
2366.71	693
2371.28	663
2375.85	660
2380.41	746
2384.97	651
2389.52	705
2394.07	629
2398.62	542
2403.16	764
2407.7	618
2412.23	654
2416.76	611
2421.29	667
2425.81	561
2430.32	648
2434.84	519
2439.34	635
2443.85	628
2448.35	565
2452.84	595
2457.33	660
2461.82	515
2466.3	578
2470.78	484
2475.25	603
2479.72	590
2484.19	567
2488.65	606
2493.11	577
2497.56	588
2502.01	379
2506.46	567
2510.9	602
2515.34	596
2519.77	537
2524.2	575
2528.62	494
2533.04	563
2537.46	440
2541.87	465
2546.28	628
2550.68	506
2555.08	431
2559.48	549
2563.87	409
2568.26	455
2572.64	590
2577.02	547
2581.4	516
2585.77	478
2590.14	428
2594.5	508
2598.86	460
2603.22	430
2607.57	492
2611.92	294
2616.26	443
2620.6	442
2624.94	544
2629.27	517
2633.6	498
2637.92	447
2642.24	376
2646.56	635
2650.87	504
2655.18	421
2659.48	477
2663.78	470
2668.08	436
2672.37	434
2676.66	575
2680.95	509
2685.23	404
2689.5	533
2693.78	508
2698.05	433
2702.31	608
2706.57	595
2710.83	438
2715.08	555
2719.33	554
2723.58	562
2727.82	554
2732.06	406
2736.29	505
2740.53	572
2744.75	487
2748.97	434
2753.19	456
2757.41	428
2761.62	368
2765.83	489
2770.03	413
2774.23	500
2778.43	410
2782.62	405
2786.81	456
2791	523
2795.18	439
2799.35	494
2803.53	544
2807.7	489
2811.86	617
2816.03	537
2820.19	462
2824.34	595
2828.49	642
2832.64	627
2836.78	756
2840.92	1029
2845.06	1293
2849.19	1212
2853.32	1293
2857.45	1396
2861.57	1331
2865.69	1227
2869.8	1229
2873.91	1311
2878.02	1513
2882.12	1376
2886.22	1437
2890.32	1580
2894.41	1390
2898.5	1399
2902.58	1238
2906.67	1185
2910.74	1114
2914.82	1023
2918.89	915
2922.96	915
2927.02	939
2931.08	812
2935.13	815
2939.19	724
2943.24	675
2947.28	719
2951.32	606
2955.36	636
2959.4	451
2963.43	516
2967.46	408
2971.48	468
2975.5	318
2979.52	362
2983.53	477
2987.54	244
2991.55	406
2995.55	400
2999.55	440
3003.54	380
3007.54	195
3011.53	390
3015.51	241
3019.49	174
3023.47	291
3027.45	240
3031.42	239
3035.39	281
3039.35	304
3043.31	293
3047.27	261
3051.22	160
3055.17	319
3059.12	166
3063.06	173
3067	212
3070.94	195
3074.87	205
3078.8	254
3082.73	272
3086.65	69
3090.57	273
3094.49	167
3098.4	139
3102.31	169
3106.22	217
3110.12	150
3114.02	217
3117.92	184
3121.81	248
3125.7	180
3129.58	216
3133.47	193
3137.34	52
3141.22	158
3145.09	284
3148.96	182
3152.83	208
3156.69	105
3160.55	154
3164.4	173
3168.26	88
3172.1	115
3175.95	214
3179.79	176
3183.63	229
3187.47	109
3191.3	67
3195.13	290
3198.95	151
3202.78	184
3206.6	84
3210.41	156
3214.23	165
3218.03	125
3221.84	41
3225.64	242
3229.44	106
3233.24	206
3237.03	144
3240.82	179
3244.61	338
3248.39	204
3252.17	152
3255.95	83
3259.72	147
3263.49	189
3267.26	103
3271.03	183
3274.79	291
3278.54	183
3282.3	94
3286.05	182
3289.8	178
3293.54	174
3297.29	34
3301.02	74
3304.76	207
3308.49	185
3312.22	169
3315.95	64
3319.67	214
3323.39	86
3327.1	67
3330.82	114
3334.53	161
3338.24	136
3341.94	205
3345.64	220
3349.34	166
3353.03	205
3356.72	158
3360.41	102
3364.1	152
3367.78	85
3371.46	194
3375.13	87
3378.81	160
3382.48	205
3386.14	120
3389.81	193
3393.47	127
3397.12	132
3400.78	79
3404.43	205
3408.08	78
3411.72	134
3415.36	142
3419	168
3422.64	128
3426.27	177
3429.9	83
3433.53	168
3437.15	124
3440.77	108
3444.39	36
3448	103
3451.62	104
3455.22	132
3458.83	84
3462.43	75
3466.03	52
3469.63	203
3473.22	165
3476.81	82
3480.4	105
3483.99	109
3487.57	77
3491.15	118
3494.72	69
3498.29	120
3501.86	-31
3505.43	98
3508.99	116
3512.56	98
3516.11	162
3519.67	-34
3523.22	67
3526.77	45
3530.32	61
3533.86	14
3537.4	-10
3540.94	81
3544.47	6
3548	123
3551.53	103
3555.06	123
3558.58	70
3562.1	-3
3565.62	49
3569.13	133
3572.64	125
3576.15	32
3579.66	136
3583.16	65
3586.66	77
3590.16	75
3593.65	90
3597.14	90
3600.63	212
3604.11	-57
3607.6	100
3611.08	14
3614.55	240
3618.03	3
3621.5	62
3624.97	20
3628.43	-29
3631.9	111
3635.36	14
3638.81	115
3642.27	7
3645.72	17
3649.17	194
3652.61	5
3656.06	47
3659.5	79
3662.93	39
3666.37	86
3669.8	156
3673.23	59
3676.65	108
3680.08	18
3683.5	76
3686.92	50
3690.33	48
3693.74	122
3697.15	20
3700.56	-61
3703.96	59
3707.36	-33
3710.76	-32
3714.16	29
3717.55	131
3720.94	-38
3724.33	82
3727.71	-14
3731.1	47
3734.48	0
3737.85	128
3741.23	-53
3744.6	88
3747.97	90
3751.33	8
3754.69	60
3758.05	41
3761.41	44
3764.77	56
3768.12	77
3771.47	-31
3774.82	78
3778.16	2
3781.5	1
3784.84	5
3788.18	-1
