-37534.58	14
-37414.56	-4
-37295.11	4
-37176.24	1
-37057.95	392
-36940.22	252
-36823.05	261
-36706.45	455
-36590.4	370
-36474.9	248
-36359.95	488
-36245.55	380
-36131.68	433
-36018.35	426
-35905.55	388
-35793.29	368
-35681.54	445
-35570.32	365
-35459.62	388
-35349.43	382
-35239.75	449
-35130.58	462
-35021.91	388
-34913.74	450
-34806.07	402
-34698.89	427
-34592.2	335
-34486	515
-34380.28	374
-34275.04	373
-34170.27	468
-34065.98	405
-33962.16	445
-33858.81	431
-33755.92	406
-33653.49	501
-33551.52	338
-33450.01	288
-33348.94	437
-33248.33	483
-33148.16	437
-33048.43	442
-32949.14	503
-32850.29	458
-32751.87	481
-32653.89	461
-32556.33	500
-32459.2	503
-32362.49	453
-32266.19	384
-32170.32	352
-32074.86	467
-31979.82	377
-31885.18	439
-31790.95	399
-31697.12	398
-31603.69	334
-31510.67	470
-31418.04	438
-31325.8	437
-31233.95	521
-31142.49	369
-31051.42	557
-30960.73	555
-30870.43	585
-30780.5	486
-30690.95	476
-30601.77	506
-30512.97	496
-30424.53	401
-30336.46	393
-30248.76	331
-30161.42	441
-30074.44	505
-29987.81	489
-29901.55	446
-29815.63	346
-29730.07	567
-29644.86	396
-29560	493
-29475.48	409
-29391.3	305
-29307.47	362
-29223.97	459
-29140.81	565
-29057.99	414
-28975.5	468
-28893.34	483
-28811.51	389
-28730	509
-28648.82	420
-28567.97	391
-28487.43	332
-28407.21	390
-28327.32	446
-28247.73	584
-28168.46	548
-28089.5	444
-28010.85	436
-27932.51	399
-27854.48	466
-27776.75	406
-27699.32	374
-27622.19	470
-27545.37	476
-27468.84	459
-27392.6	387
-27316.66	567
-27241.01	384
-27165.66	550
-27090.59	463
-27015.81	478
-26941.31	578
-26867.1	463
-26793.17	513
-26719.52	413
-26646.15	422
-26573.06	455
-26500.24	430
-26427.7	397
-26355.43	481
-26283.43	365
-26211.71	384
-26140.25	455
-26069.06	444
-25998.13	459
-25927.46	490
-25857.06	397
-25786.92	322
-25717.04	365
-25647.42	356
-25578.05	429
-25508.94	548
-25440.09	380
-25371.48	403
-25303.13	543
-25235.02	473
-25167.17	431
-25099.56	469
-25032.19	374
-24965.07	450
-24898.2	457
-24831.56	337
-24765.17	471
-24699.01	529
-24633.1	392
-24567.41	338
-24501.97	364
-24436.75	487
-24371.77	392
-24307.03	366
-24242.51	474
-24178.22	477
-24114.16	403
-24050.32	487
-23986.71	334
-23923.32	348
-23860.16	329
-23797.22	391
-23734.5	442
-23672	421
-23609.71	412
-23547.65	399
-23485.8	506
-23424.16	338
-23362.74	396
-23301.53	355
-23240.54	508
-23179.75	465
-23119.17	431
-23058.8	427
-22998.64	368
-22938.68	527
-22878.93	508
-22819.39	429
-22760.04	392
-22700.9	409
-22641.96	451
-22583.22	466
-22524.68	362
-22466.33	435
-22408.19	380
-22350.23	402
-22292.48	393
-22234.92	392
-22177.55	489
-22120.37	583
-22063.38	476
-22006.58	468
-21949.98	418
-21893.56	344
-21837.33	325
-21781.28	359
-21725.42	415
-21669.74	428
-21614.25	475
-21558.94	455
-21503.81	494
-21448.86	470
-21394.1	372
-21339.51	392
-21285.1	401
-21230.86	450
-21176.81	343
-21122.93	429
-21069.22	319
-21015.69	322
-20962.33	516
-20909.14	348
-20856.13	376
-20803.28	437
-20750.61	396
-20698.1	477
-20645.76	387
-20593.59	508
-20541.59	355
-20489.75	415
-20438.07	472
-20386.56	518
-20335.22	439
-20284.03	348
-20233.01	496
-20182.15	371
-20131.45	441
-20080.91	422
-20030.52	397
-19980.3	469
-19930.23	393
-19880.32	411
-19830.56	373
-19780.96	347
-19731.52	414
-19682.23	484
-19633.09	386
-19584.1	375
-19535.26	423
-19486.58	522
-19438.04	341
-19389.66	500
-19341.42	388
-19293.33	381
-19245.39	365
-19197.6	507
-19149.95	454
-19102.45	424
-19055.09	429
-19007.87	588
-18960.8	329
-18913.87	396
-18867.09	334
-18820.44	417
-18773.94	405
-18727.57	375
-18681.35	425
-18635.26	494
-18589.31	301
-18543.5	447
-18497.83	420
-18452.29	408
-18406.89	395
-18361.63	486
-18316.5	342
-18271.5	478
-18226.63	392
-18181.9	503
-18137.3	494
-18092.84	379
-18048.5	515
-18004.29	373
-17960.22	420
-17916.27	457
-17872.45	499
-17828.76	453
-17785.2	410
-17741.77	369
-17698.46	412
-17655.28	305
-17612.22	330
-17569.29	350
-17526.48	362
-17483.79	393
-17441.23	419
-17398.79	347
-17356.48	540
-17314.28	428
-17272.21	431
-17230.26	451
-17188.42	321
-17146.71	444
-17105.12	454
-17063.64	468
-17022.28	364
-16981.04	446
-16939.92	429
-16898.91	462
-16858.02	363
-16817.25	376
-16776.59	387
-16736.04	386
-16695.61	372
-16655.29	541
-16615.09	399
-16574.99	410
-16535.01	390
-16495.15	447
-16455.39	509
-16415.74	423
-16376.21	441
-16336.78	351
-16297.46	370
-16258.26	448
-16219.16	424
-16180.17	370
-16141.28	487
-16102.51	465
-16063.84	491
-16025.27	419
-15986.82	344
-15948.46	372
-15910.22	365
-15872.07	412
-15834.04	437
-15796.1	468
-15758.27	328
-15720.54	476
-15682.91	262
-15645.39	413
-15607.97	429
-15570.64	402
-15533.42	416
-15496.3	407
-15459.28	424
-15422.36	407
-15385.54	518
-15348.82	440
-15312.19	491
-15275.66	394
-15239.23	366
-15202.9	411
-15166.67	399
-15130.53	456
-15094.48	386
-15058.54	313
-15022.68	405
-14986.93	422
-14951.26	425
-14915.69	371
-14880.22	464
-14844.84	427
-14809.55	455
-14774.35	494
-14739.25	465
-14704.24	296
-14669.32	422
-14634.49	472
-14599.75	530
-14565.1	354
-14530.55	483
-14496.08	377
-14461.7	509
-14427.41	344
-14393.21	353
-14359.1	411
-14325.07	373
-14291.14	476
-14257.29	434
-14223.52	366
-14189.85	512
-14156.26	410
-14122.76	452
-14089.34	450
-14056.01	481
-14022.76	499
-13989.6	384
-13956.52	360
-13923.53	369
-13890.62	376
-13857.79	355
-13825.05	445
-13792.39	413
-13759.81	441
-13727.31	426
-13694.9	431
-13662.57	490
-13630.31	508
-13598.14	401
-13566.05	438
-13534.05	441
-13502.12	388
-13470.27	418
-13438.5	402
-13406.8	325
-13375.19	377
-13343.66	413
-13312.2	440
-13280.83	496
-13249.53	365
-13218.3	232
-13187.16	404
-13156.09	462
-13125.1	380
-13094.18	382
-13063.34	455
-13032.58	397
-13001.89	333
-12971.28	432
-12940.74	399
-12910.27	450
-12879.88	457
-12849.57	481
-12819.33	398
-12789.16	437
-12759.06	385
-12729.04	416
-12699.09	-571
-12669.21	420
-12639.41	388
-12609.68	419
-12580.02	449
-12550.43	462
-12520.91	385
-12491.46	362
-12462.08	410
-12432.77	396
-12403.54	366
-12374.37	403
-12345.27	417
-12316.24	371
-12287.29	463
-12258.4	391
-12229.57	385
-12200.82	425
-12172.14	430
-12143.52	378
-12114.97	317
-12086.49	481
-12058.07	280
-12029.73	462
-12001.44	349
-11973.23	443
-11945.08	311
-11917	469
-11888.98	418
-11861.03	478
-11833.15	460
-11805.32	388
-11777.57	484
-11749.88	483
-11722.25	488
-11694.69	420
-11667.19	347
-11639.75	478
-11612.38	427
-11585.07	479
-11557.83	350
-11530.65	493
-11503.53	411
-11476.47	388
-11449.48	446
-11422.54	506
-11395.67	453
-11368.86	467
-11342.11	415
-11315.43	523
-11288.8	417
-11262.23	354
-11235.73	369
-11209.28	507
-11182.9	462
-11156.57	423
-11130.31	480
-11104.1	454
-11077.96	444
-11051.87	384
-11025.84	393
-10999.87	460
-10973.96	475
-10948.11	331
-10922.31	472
-10896.58	397
-10870.9	522
-10845.28	423
-10819.71	421
-10794.2	441
-10768.75	427
-10743.36	450
-10718.02	342
-10692.74	519
-10667.52	481
-10642.35	379
-10617.24	356
-10592.18	358
-10567.18	396
-10542.23	398
-10517.34	441
-10492.51	396
-10467.72	293
-10443	368
-10418.32	502
-10393.7	498
-10369.14	356
-10344.63	342
-10320.17	510
-10295.77	411
-10271.42	365
-10247.12	414
-10222.88	419
-10198.68	497
-10174.54	355
-10150.46	290
-10126.42	506
-10102.44	367
-10078.51	427
-10054.63	290
-10030.8	408
-10007.03	521
-9983.3	420
-9959.63	370
-9936.01	369
-9912.44	331
-9888.92	307
-9865.44	401
-9842.02	421
-9818.65	314
-9795.33	268
-9772.06	347
-9748.84	297
-9725.67	376
-9702.55	355
-9679.47	489
-9656.45	314
-9633.47	322
-9610.55	215
-9587.67	413
-9564.84	384
-9542.06	347
-9519.32	200
-9496.64	234
-9474	283
-9451.41	207
-9428.87	190
-9406.37	157
-9383.92	199
-9361.52	246
-9339.17	158
-9316.86	212
-9294.6	151
-9272.38	104
-9250.21	299
-9228.09	128
-9206.01	7
-9183.98	1
-9162	109
-9140.06	132
-9118.16	69
-9096.31	111
-9074.51	61
-9052.75	40
-9031.04	250
-9009.37	81
-8987.74	188
-8966.16	343
-8944.63	196
-8923.14	227
-8901.69	239
-8880.29	89
-8858.93	246
-8837.61	134
-8816.34	244
-8795.11	104
-8773.92	147
-8752.78	62
-8731.68	194
-8710.62	278
-8689.61	165
-8668.63	149
-8647.7	256
-8626.82	166
-8605.97	248
-8585.17	90
-8564.41	55
-8543.69	212
-8523.01	257
-8502.37	199
-8481.78	184
-8461.23	136
-8440.71	127
-8420.24	167
-8399.81	245
-8379.42	12
-8359.08	53
-8338.77	244
-8318.5	205
-8298.27	205
-8278.09	251
-8257.94	293
-8237.83	259
-8217.76	120
-8197.74	61
-8177.75	114
-8157.8	121
-8137.89	116
-8118.02	249
-8098.19	183
-8078.4	171
-8058.65	119
-8038.93	276
-8019.26	300
-7999.62	298
-7980.02	119
-7960.46	175
-7940.94	142
-7921.46	201
-7902.01	218
-7882.6	321
-7863.23	360
-7843.9	195
-7824.61	171
-7805.35	145
-7786.13	251
-7766.95	256
-7747.8	188
-7728.69	288
-7709.62	114
-7690.59	283
-7671.59	262
-7652.63	118
-7633.7	189
-7614.81	251
-7595.96	149
-7577.15	184
-7558.37	290
-7539.62	265
-7520.91	147
-7502.24	229
-7483.6	274
-7465	137
-7446.44	246
-7427.91	233
-7409.41	217
-7390.95	294
-7372.53	263
-7354.14	427
-7335.78	287
-7317.46	414
-7299.18	304
-7280.92	296
-7262.71	206
-7244.52	295
-7226.38	215
-7208.26	203
-7190.18	339
-7172.14	347
-7154.12	321
-7136.15	283
-7118.2	501
-7100.29	318
-7082.41	319
-7064.57	323
-7046.76	395
-7028.98	218
-7011.24	386
-6993.53	257
-6975.85	320
-6958.2	359
-6940.59	357
-6923.01	325
-6905.46	306
-6887.94	431
-6870.46	-1980
-6853.01	352
-6835.59	377
-6818.21	259
-6800.85	351
-6783.53	283
-6766.24	286
-6748.98	350
-6731.76	237
-6714.56	327
-6697.4	370
-6680.26	418
-6663.16	523
-6646.09	404
-6629.05	391
-6612.05	289
-6595.07	360
-6578.13	461
-6561.21	267
-6544.33	383
-6527.47	328
-6510.65	308
-6493.86	461
-6477.1	453
-6460.36	446
-6443.66	333
-6426.99	432
-6410.35	423
-6393.74	440
-6377.16	496
-6360.61	402
-6344.09	462
-6327.59	351
-6311.13	357
-6294.7	390
-6278.29	452
-6261.92	212
-6245.58	327
-6229.26	288
-6212.97	399
-6196.72	451
-6180.49	329
-6164.29	412
-6148.12	459
-6131.98	331
-6115.86	520
-6099.78	363
-6083.72	269
-6067.69	399
-6051.69	350
-6035.72	418
-6019.78	427
-6003.87	436
-5987.98	395
-5972.12	411
-5956.29	465
-5940.49	380
-5924.71	408
-5908.96	376
-5893.24	401
-5877.55	448
-5861.89	495
-5846.25	437
-5830.64	335
-5815.05	431
-5799.5	413
-5783.97	311
-5768.47	342
-5752.99	517
-5737.55	454
-5722.12	284
-5706.73	332
-5691.36	439
-5676.02	268
-5660.71	389
-5645.42	488
-5630.16	475
-5614.92	374
-5599.71	354
-5584.53	576
-5569.37	442
-5554.24	-225
-5539.14	352
-5524.06	320
-5509.01	411
-5493.98	383
-5478.98	413
-5464	430
-5449.05	395
-5434.13	460
-5419.23	323
-5404.36	382
-5389.51	468
-5374.69	462
-5359.89	378
-5345.12	471
-5330.37	539
-5315.65	506
-5300.95	466
-5286.28	490
-5271.63	418
-5257.01	454
-5242.41	381
-5227.84	385
-5213.29	407
-5198.76	342
-5184.26	383
-5169.79	431
-5155.33	342
-5140.91	442
-5126.51	393
-5112.13	483
-5097.77	399
-5083.44	406
-5069.13	245
-5054.85	379
-5040.59	388
-5026.36	380
-5012.15	426
-4997.96	305
-4983.8	490
-4969.66	397
-4955.54	312
-4941.44	300
-4927.37	428
-4913.33	474
-4899.3	319
-4885.3	485
-4871.33	425
-4857.37	407
-4843.44	356
-4829.53	526
-4815.65	381
-4801.79	382
-4787.95	406
-4774.13	422
-4760.34	339
-4746.56	532
-4732.82	392
-4719.09	397
-4705.38	351
-4691.7	510
-4678.04	499
-4664.41	447
-4650.79	444
-4637.2	362
-4623.63	317
-4610.08	395
-4596.56	431
-4583.05	299
-4569.57	311
-4556.11	546
-4542.67	354
-4529.25	385
-4515.86	312
-4502.49	338
-4489.13	344
-4475.8	382
-4462.49	351
-4449.21	453
-4435.94	422
-4422.7	396
-4409.47	331
-4396.27	489
-4383.09	407
-4369.93	403
-4356.79	400
-4343.67	464
-4330.58	385
-4317.5	487
-4304.45	430
-4291.41	283
-4278.4	386
-4265.41	326
-4252.44	456
-4239.49	447
-4226.55	498
-4213.65	420
-4200.76	379
-4187.89	338
-4175.04	393
-4162.21	458
-4149.4	432
-4136.61	431
-4123.85	468
-4111.1	361
-4098.37	475
-4085.66	353
-4072.98	479
-4060.31	457
-4047.66	455
-4035.04	469
-4022.43	431
-4009.84	407
-3997.27	391
-3984.72	349
-3972.19	485
-3959.69	463
-3947.2	395
-3934.73	504
-3922.27	506
-3909.84	446
-3897.43	418
-3885.04	442
-3872.67	465
-3860.31	492
-3847.98	457
-3835.66	296
-3823.36	426
-3811.09	460
-3798.83	416
-3786.59	462
-3774.37	387
-3762.17	400
-3749.98	516
-3737.82	295
-3725.67	466
-3713.55	441
-3701.44	358
-3689.35	426
-3677.28	415
-3665.22	455
-3653.19	291
-3641.17	353
-3629.18	412
-3617.2	375
-3605.24	450
-3593.3	423
-3581.37	438
-3569.47	410
-3557.58	328
-3545.71	462
-3533.86	516
-3522.02	376
-3510.21	407
-3498.41	427
-3486.63	438
-3474.87	385
-3463.12	419
-3451.4	431
-3439.69	476
-3428	428
-3416.33	416
-3404.67	396
-3393.03	487
-3381.41	464
-3369.81	417
-3358.22	457
-3346.66	484
-3335.1	505
-3323.57	405
-3312.06	393
-3300.56	508
-3289.08	433
-3277.61	393
-3266.16	391
-3254.73	430
-3243.32	323
-3231.92	390
-3220.55	439
-3209.18	520
-3197.84	382
-3186.51	326
-3175.2	373
-3163.9	484
-3152.63	511
-3141.36	546
-3130.12	416
-3118.89	413
-3107.68	316
-3096.49	511
-3085.31	505
-3074.15	414
-3063	405
-3051.87	401
-3040.76	405
-3029.67	446
-3018.59	479
-3007.52	417
-2996.48	440
-2985.44	481
-2974.43	495
-2963.43	418
-2952.45	368
-2941.48	343
-2930.53	415
-2919.6	383
-2908.68	414
-2897.78	372
-2886.89	474
-2876.02	460
-2865.17	382
-2854.33	412
-2843.5	490
-2832.7	437
-2821.9	445
-2811.13	464
-2800.37	420
-2789.62	486
-2778.89	492
-2768.18	417
-2757.48	364
-2746.8	555
-2736.13	396
-2725.48	532
-2714.84	428
-2704.22	511
-2693.61	325
-2683.02	462
-2672.45	449
-2661.89	447
-2651.34	470
-2640.81	304
-2630.3	537
-2619.8	332
-2609.31	438
-2598.84	319
-2588.39	465
-2577.95	372
-2567.52	399
-2557.11	409
-2546.71	434
-2536.33	515
-2525.97	463
-2515.62	432
-2505.28	430
-2494.96	401
-2484.65	439
-2474.36	487
-2464.08	426
-2453.82	478
-2443.57	384
-2433.33	316
-2423.11	472
-2412.91	439
-2402.72	437
-2392.54	414
-2382.38	437
-2372.23	402
-2362.09	-3236
-2351.97	496
-2341.87	378
-2331.78	428
-2321.7	537
-2311.64	403
-2301.59	364
-2291.55	427
-2281.53	378
-2271.53	290
-2261.53	416
-2251.55	434
-2241.59	419
-2231.64	426
-2221.7	456
-2211.78	362
-2201.87	454
-2191.97	345
-2182.09	509
-2172.22	511
-2162.37	445
-2152.53	296
-2142.7	350
-2132.89	401
-2123.09	486
-2113.3	448
-2103.53	482
-2093.77	521
-2084.02	247
-2074.29	500
-2064.57	491
-2054.86	387
-2045.17	377
-2035.49	411
-2025.82	453
-2016.17	407
-2006.53	510
-1996.91	582
-1987.29	517
-1977.69	503
-1968.11	301
-1958.53	388
-1948.97	491
-1939.42	439
-1929.89	430
-1920.37	461
-1910.86	435
-1901.36	469
-1891.88	470
-1882.41	454
-1872.95	358
-1863.51	444
-1854.08	452
-1844.66	298
-1835.26	469
-1825.86	419
-1816.48	539
-1807.11	450
-1797.76	513
-1788.42	502
-1779.09	328
-1769.77	416
-1760.47	511
-1751.17	482
-1741.89	404
-1732.63	504
-1723.37	491
-1714.13	494
-1704.9	490
-1695.68	451
-1686.48	451
-1677.29	446
-1668.11	545
-1658.94	487
-1649.78	553
-1640.64	427
-1631.51	381
-1622.39	439
-1613.28	430
-1604.19	480
-1595.1	460
-1586.03	412
-1576.97	361
-1567.93	351
-1558.89	389
-1549.87	320
-1540.86	392
-1531.86	559
-1522.87	480
-1513.9	433
-1504.93	503
-1495.98	447
-1487.04	542
-1478.12	419
-1469.2	447
-1460.3	472
-1451.4	547
-1442.52	502
-1433.65	479
-1424.8	369
-1415.95	350
-1407.12	460
-1398.3	444
-1389.48	540
-1380.69	349
-1371.9	278
-1363.12	399
-1354.36	469
-1345.6	452
-1336.86	446
-1328.13	512
-1319.41	504
-1310.7	468
-1302.01	397
-1293.32	450
-1284.65	460
-1275.99	497
-1267.33	547
-1258.69	462
-1250.06	425
-1241.45	452
-1232.84	435
-1224.25	477
-1215.66	486
-1207.09	507
-1198.53	582
-1189.97	444
-1181.43	397
-1172.91	374
-1164.39	456
-1155.88	293
-1147.38	433
-1138.9	351
-1130.43	438
-1121.96	404
-1113.51	351
-1105.07	378
-1096.64	516
-1088.22	483
-1079.81	529
-1071.41	439
-1063.02	398
-1054.65	405
-1046.28	323
-1037.92	432
-1029.58	483
-1021.24	421
-1012.92	498
-1004.61	483
-996.3	599
-988.01	368
-979.73	518
-971.46	450
-963.2	353
-954.95	320
-946.71	635
-938.48	362
-930.26	472
-922.06	508
-913.86	414
-905.67	460
-897.49	379
-889.33	413
-881.17	378
-873.02	504
-864.89	419
-856.76	482
-848.65	482
-840.54	445
-832.45	492
-824.36	364
-816.29	412
-808.22	492
-800.17	442
-792.12	426
-784.09	531
-776.06	390
-768.05	483
-760.04	468
-752.05	448
-744.07	479
-736.09	395
-728.13	355
-720.17	282
-712.23	403
-704.29	418
-696.37	587
-688.45	387
-680.55	448
-672.65	469
-664.77	477
-656.89	320
-649.03	479
-641.17	532
-633.32	515
-625.49	426
-617.66	398
-609.84	370
-602.03	307
-594.23	432
-586.45	376
-578.67	416
-570.9	494
-563.14	384
-555.39	392
-547.65	486
-539.91	383
-532.19	380
-524.48	449
-516.78	566
-509.08	436
-501.4	485
-493.72	412
-486.06	534
-478.4	534
-470.76	532
-463.12	529
-455.49	451
-447.87	421
-440.26	322
-432.66	358
-425.07	421
-417.49	425
-409.92	426
-402.35	488
-394.8	354
-387.25	438
-379.72	410
-372.19	505
-364.67	470
-357.17	490
-349.67	433
-342.18	448
-334.69	460
-327.22	370
-319.76	394
-312.3	396
-304.86	545
-297.42	567
-290	507
-282.58	422
-275.17	467
-267.77	550
-260.37	463
-252.99	388
-245.62	584
-238.25	486
-230.9	488
-223.55	560
-216.21	556
-208.88	539
-201.56	611
-194.25	600
-186.94	579
-179.65	599
-172.36	617
-165.08	658
-157.81	728
-150.55	783
-143.3	701
-136.06	740
-128.82	866
-121.6	816
-114.38	869
-107.17	959
-99.97	983
-92.78	1108
-85.6	1138
-78.42	1244
-71.25	1379
-64.1	1503
-56.95	1779
-49.81	1966
-42.67	2401
-35.55	2985
-28.43	3788
-21.33	5831
-14.23	17145
-7.14	56900
-0.05	56699
7.02	56375
14.09	56687
21.14	17959
28.19	7239
35.23	4917
42.27	3748
49.29	3162
56.31	2715
63.32	2500
70.32	1934
77.31	1728
84.29	1675
91.27	1440
98.23	1250
105.19	1253
112.14	1284
119.09	1769
126.02	2477
132.95	2887
139.87	3082
146.78	3007
153.68	2941
160.58	3001
167.46	2962
174.34	2770
181.21	2822
188.08	2837
194.93	2835
201.78	2862
208.62	2947
215.45	2818
222.27	2674
229.09	2801
235.9	2765
242.7	2722
249.49	2804
256.27	2766
263.05	2741
269.82	2623
276.58	2622
283.33	2561
290.08	2567
296.82	2497
303.55	2350
310.27	2544
316.98	2426
323.69	2482
330.39	2382
337.08	2421
343.76	2451
350.44	2400
357.11	2421
363.77	2407
370.42	2302
377.07	2368
383.71	2302
390.34	2292
396.96	2270
403.58	2340
410.19	2321
416.79	2345
423.38	2309
429.97	2194
436.55	2208
443.12	2332
449.68	2069
456.24	2150
462.79	2152
469.33	2184
475.86	2025
482.39	2001
488.91	2119
495.42	1950
501.93	2110
508.42	2019
514.91	2013
521.4	1952
527.87	2054
534.34	1831
540.8	1991
547.25	1995
553.7	1943
560.14	1926
566.57	1810
573	1955
579.41	1991
585.83	1914
592.23	1932
598.62	1829
605.01	1808
611.4	1947
617.77	1864
624.14	1850
630.5	1854
636.85	1777
643.2	1915
649.54	1836
655.87	1721
662.2	1798
668.52	1744
674.83	1852
681.13	1781
687.43	1807
693.72	1773
700	1760
706.28	1711
712.55	1755
718.81	1679
725.07	1577
731.32	1775
737.56	1751
743.79	1877
750.02	1643
756.24	1791
762.46	1626
768.67	1739
774.87	1731
781.06	1733
787.25	1596
793.43	1656
799.6	1629
805.77	1735
811.93	1681
818.08	1699
824.23	1634
830.37	1792
836.5	1720
842.63	1592
848.75	1731
854.87	1739
860.97	1691
867.07	1732
873.17	1809
879.25	1691
885.33	1664
891.41	1709
897.47	1790
903.53	1596
909.59	1625
915.63	1504
921.67	1696
927.71	1607
933.74	1641
939.76	1577
945.77	1461
951.78	1556
957.78	1608
963.78	1592
969.77	1521
975.75	1595
981.72	1532
987.69	2254
993.66	1535
999.61	1561
1005.56	1475
1011.51	1570
1017.44	1611
1023.37	1604
1029.3	1597
1035.22	1604
1041.13	1657
1047.03	1704
1052.93	1675
1058.83	1995
1064.71	2108
1070.59	1988
1076.47	1781
1082.33	1707
1088.2	1711
1094.05	1572
1099.9	1574
1105.74	1502
1111.58	1553
1117.41	1649
1123.23	1757
1129.05	2048
1134.86	1834
1140.67	1672
1146.47	1608
1152.26	1460
1158.05	1457
1163.83	1526
1169.6	1475
1175.37	1379
1181.13	1401
1186.89	1370
1192.64	1439
1198.38	1435
1204.12	1487
1209.85	1487
1215.58	1506
1221.3	1551
1227.02	1479
1232.72	1416
1238.43	1488
1244.12	1402
1249.81	1464
1255.5	1529
1261.17	1389
1266.85	1456
1272.51	1605
1278.17	1570
1283.83	1511
1289.47	1790
1295.12	2332
1300.75	2227
1306.38	2038
1312.01	1742
1317.63	1724
1323.24	1640
1328.85	1533
1334.45	1549
1340.04	1595
1345.63	1574
1351.22	1663
1356.8	1524
1362.37	1707
1367.93	1613
1373.49	1756
1379.05	1594
1384.6	1645
1390.14	1644
1395.68	1658
1401.21	1634
1406.74	1607
1412.26	1690
1417.77	1864
1423.28	1867
1428.78	2042
1434.28	2241
1439.77	2446
1445.26	2525
1450.74	2415
1456.22	2287
1461.68	2147
1467.15	2091
1472.61	1841
1478.06	1857
1483.51	1611
1488.95	1611
1494.38	1605
1499.81	1495
1505.24	1389
1510.65	1411
1516.07	1413
1521.48	1355
1526.88	1422
1532.27	1351
1537.67	1358
1543.05	1455
1548.43	1280
1553.81	1434
1559.18	1292
1564.54	1381
1569.9	1316
1575.25	1451
1580.6	1284
1585.94	1299
1591.28	1252
1596.61	1236
1601.93	1344
1607.25	1192
1612.57	1291
1617.88	1258
1623.18	1242
1628.48	1323
1633.77	1366
1639.06	1341
1644.34	1327
1649.62	1128
1654.89	1356
1660.16	1175
1665.42	1284
1670.67	1184
1675.92	1124
1681.17	1168
1686.41	1091
1691.64	1159
1696.87	1211
1702.1	1105
1707.32	1130
1712.53	1169
1717.74	1171
1722.94	1087
1728.14	1080
1733.33	1199
1738.52	1101
1743.7	1163
1748.88	1041
1754.05	1075
1759.22	1115
1764.38	1353
1769.53	1057
1774.69	1113
1779.83	1022
1784.97	1041
1790.11	1070
1795.24	1065
1800.36	1110
1805.48	1048
1810.6	1093
1815.71	943
1820.82	1078
1825.92	1109
1831.01	981
1836.1	1023
1841.19	1003
1846.26	966
1851.34	1071
1856.41	1010
1861.47	1001
1866.53	1093
1871.59	1096
1876.64	1031
1881.68	996
1886.72	1031
1891.76	840
1896.79	972
1901.81	873
1906.83	1029
1911.85	919
1916.86	956
1921.86	1000
1926.86	869
1931.86	855
1936.85	772
1941.83	929
1946.81	898
1951.79	888
1956.76	881
1961.72	896
1966.68	871
1971.64	934
1976.59	826
1981.54	838
1986.48	836
1991.42	825
1996.35	922
2001.27	821
2006.2	889
2011.11	934
2016.03	901
2020.93	769
2025.84	803
2030.73	746
2035.63	907
2040.52	761
2045.4	910
2050.28	814
2055.15	880
2060.02	859
2064.89	759
2069.75	855
2074.6	886
2079.46	795
2084.3	756
2089.14	769
2093.98	799
2098.81	779
2103.64	659
2108.46	772
2113.28	721
2118.09	796
2122.9	749
2127.7	748
2132.5	750
2137.3	698
2142.09	755
2146.87	605
2151.66	817
2156.43	718
2161.2	699
2165.97	799
2170.73	745
2175.49	814
2180.24	731
2184.99	708
2189.74	794
2194.48	834
2199.21	676
2203.94	627
2208.67	753
2213.39	854
2218.11	710
2222.82	751
2227.53	711
2232.23	723
2236.93	632
2241.63	719
2246.32	637
2251	732
2255.68	723
2260.36	622
2265.03	717
2269.7	748
2274.36	603
2279.02	720
2283.68	670
2288.33	731
2292.97	709
2297.61	717
2302.25	643
2306.88	659
2311.51	648
2316.14	700
2320.75	720
2325.37	732
2329.98	661
2334.59	705
2339.19	728
2343.79	604
2348.38	649
2352.97	630
2357.55	723
2362.13	710
2366.71	680
2371.28	730
2375.85	602
2380.41	698
2384.97	742
2389.52	703
2394.07	678
2398.62	675
2403.16	665
2407.7	649
2412.23	719
2416.76	743
2421.29	674
2425.81	666
2430.32	728
2434.84	551
2439.34	678
2443.85	545
2448.35	713
2452.84	543
2457.33	686
2461.82	591
2466.3	541
2470.78	609
2475.25	594
2479.72	777
2484.19	550
2488.65	655
2493.11	591
2497.56	739
2502.01	539
2506.46	565
2510.9	694
2515.34	605
2519.77	536
2524.2	579
2528.62	744
2533.04	582
2537.46	683
2541.87	643
2546.28	668
2550.68	602
2555.08	566
2559.48	672
2563.87	563
2568.26	656
2572.64	644
2577.02	687
2581.4	534
2585.77	665
2590.14	566
2594.5	626
2598.86	559
2603.22	580
2607.57	641
2611.92	588
2616.26	633
2620.6	702
2624.94	638
2629.27	641
2633.6	572
2637.92	606
2642.24	615
2646.56	586
2650.87	585
2655.18	619
2659.48	525
2663.78	690
2668.08	728
2672.37	629
2676.66	655
2680.95	647
2685.23	625
2689.5	621
2693.78	580
2698.05	557
2702.31	659
2706.57	691
2710.83	712
2715.08	660
2719.33	740
2723.58	786
2727.82	765
2732.06	795
2736.29	573
2740.53	747
2744.75	706
2748.97	743
2753.19	540
2757.41	732
2761.62	696
2765.83	755
2770.03	595
2774.23	581
2778.43	583
2782.62	723
2786.81	718
2791	693
2795.18	757
2799.35	639
2803.53	616
2807.7	754
2811.86	689
2816.03	805
2820.19	810
2824.34	956
2828.49	922
2832.64	985
2836.78	1184
2840.92	1161
2845.06	1456
2849.19	1608
2853.32	1726
2857.45	1726
2861.57	1725
2865.69	1638
2869.8	1574
2873.91	1628
2878.02	1832
2882.12	1789
2886.22	1765
2890.32	1813
2894.41	1625
2898.5	1603
2902.58	1444
2906.67	1482
2910.74	1565
2914.82	1301
2918.89	1214
2922.96	1183
2927.02	1231
2931.08	1150
2935.13	990
2939.19	1086
2943.24	993
2947.28	924
2951.32	843
2955.36	857
2959.4	804
2963.43	878
2967.46	660
2971.48	695
2975.5	762
2979.52	720
2983.53	645
2987.54	656
2991.55	593
2995.55	535
2999.55	586
3003.54	535
3007.54	556
3011.53	624
3015.51	504
3019.49	650
3023.47	505
3027.45	480
3031.42	501
3035.39	489
3039.35	498
3043.31	618
3047.27	526
3051.22	614
3055.17	568
3059.12	418
3063.06	406
3067	504
3070.94	456
3074.87	575
3078.8	520
3082.73	560
3086.65	645
3090.57	523
3094.49	547
3098.4	429
3102.31	537
3106.22	459
3110.12	589
3114.02	487
3117.92	524
3121.81	485
3125.7	484
3129.58	392
3133.47	614
3137.34	530
3141.22	415
3145.09	545
3148.96	502
3152.83	448
3156.69	437
3160.55	553
3164.4	526
3168.26	511
3172.1	518
3175.95	506
3179.79	397
3183.63	473
3187.47	434
3191.3	452
3195.13	632
3198.95	455
3202.78	524
3206.6	408
3210.41	526
3214.23	424
3218.03	406
3221.84	501
3225.64	467
3229.44	409
3233.24	421
3237.03	452
3240.82	413
3244.61	415
3248.39	393
3252.17	493
3255.95	496
3259.72	511
3263.49	503
3267.26	489
3271.03	432
3274.79	445
3278.54	454
3282.3	362
3286.05	446
3289.8	582
3293.54	440
3297.29	600
3301.02	609
3304.76	451
3308.49	454
3312.22	415
3315.95	506
3319.67	519
3323.39	599
3327.1	491
3330.82	477
3334.53	443
3338.24	388
3341.94	453
3345.64	382
3349.34	466
3353.03	496
3356.72	529
3360.41	443
3364.1	456
3367.78	472
3371.46	430
3375.13	414
3378.81	574
3382.48	552
3386.14	638
3389.81	496
3393.47	417
3397.12	464
3400.78	550
3404.43	384
3408.08	430
3411.72	507
3415.36	439
3419	567
3422.64	469
3426.27	354
3429.9	418
3433.53	435
3437.15	442
3440.77	376
3444.39	407
3448	461
3451.62	473
3455.22	426
3458.83	339
3462.43	482
3466.03	498
3469.63	562
3473.22	482
3476.81	559
3480.4	402
3483.99	426
3487.57	551
3491.15	392
3494.72	371
3498.29	462
3501.86	463
3505.43	385
3508.99	399
3512.56	313
3516.11	492
3519.67	405
3523.22	412
3526.77	423
3530.32	388
3533.86	471
3537.4	445
3540.94	397
3544.47	407
3548	430
3551.53	375
3555.06	403
3558.58	467
3562.1	392
3565.62	422
3569.13	435
3572.64	416
3576.15	429
3579.66	393
3583.16	289
3586.66	436
3590.16	400
3593.65	407
3597.14	460
3600.63	422
3604.11	462
3607.6	348
3611.08	410
3614.55	383
3618.03	444
3621.5	409
3624.97	449
3628.43	439
3631.9	409
3635.36	385
3638.81	401
3642.27	463
3645.72	415
3649.17	343
3652.61	408
3656.06	399
3659.5	376
3662.93	432
3666.37	425
3669.8	342
3673.23	385
3676.65	444
3680.08	436
3683.5	361
3686.92	426
3690.33	354
3693.74	432
3697.15	451
3700.56	344
3703.96	429
3707.36	220
3710.76	364
3714.16	357
3717.55	369
3720.94	406
3724.33	329
3727.71	350
3731.1	386
3734.48	359
3737.85	341
3741.23	375
3744.6	308
3747.97	369
3751.33	408
3754.69	328
3758.05	349
3761.41	389
3764.77	395
3768.12	305
3771.47	294
3774.82	471
3778.16	-7
3781.5	5
3784.84	4
3788.18	2
