-37534.58	4
-37414.56	2
-37295.11	6
-37176.24	0
-37057.95	124
-36940.22	85
-36823.05	92
-36706.45	115
-36590.4	54
-36474.9	100
-36359.95	10
-36245.55	84
-36131.68	16
-36018.35	160
-35905.55	194
-35793.29	108
-35681.54	189
-35570.32	74
-35459.62	76
-35349.43	86
-35239.75	127
-35130.58	15
-35021.91	136
-34913.74	61
-34806.07	119
-34698.89	64
-34592.2	60
-34486	207
-34380.28	25
-34275.04	106
-34170.27	125
-34065.98	67
-33962.16	126
-33858.81	134
-33755.92	21
-33653.49	79
-33551.52	121
-33450.01	103
-33348.94	82
-33248.33	63
-33148.16	52
-33048.43	133
-32949.14	81
-32850.29	169
-32751.87	101
-32653.89	100
-32556.33	86
-32459.2	94
-32362.49	73
-32266.19	106
-32170.32	122
-32074.86	111
-31979.82	137
-31885.18	139
-31790.95	89
-31697.12	136
-31603.69	76
-31510.67	189
-31418.04	70
-31325.8	128
-31233.95	102
-31142.49	85
-31051.42	26
-30960.73	155
-30870.43	63
-30780.5	232
-30690.95	22
-30601.77	40
-30512.97	152
-30424.53	135
-30336.46	130
-30248.76	122
-30161.42	213
-30074.44	144
-29987.81	-46
-29901.55	100
-29815.63	108
-29730.07	75
-29644.86	106
-29560	134
-29475.48	140
-29391.3	97
-29307.47	126
-29223.97	142
-29140.81	90
-29057.99	130
-28975.5	172
-28893.34	84
-28811.51	77
-28730	104
-28648.82	182
-28567.97	93
-28487.43	151
-28407.21	148
-28327.32	152
-28247.73	188
-28168.46	39
-28089.5	152
-28010.85	176
-27932.51	53
-27854.48	187
-27776.75	112
-27699.32	106
-27622.19	115
-27545.37	34
-27468.84	184
-27392.6	148
-27316.66	215
-27241.01	100
-27165.66	124
-27090.59	237
-27015.81	44
-26941.31	129
-26867.1	85
-26793.17	182
-26719.52	155
-26646.15	52
-26573.06	29
-26500.24	118
-26427.7	101
-26355.43	39
-26283.43	191
-26211.71	91
-26140.25	150
-26069.06	103
-25998.13	113
-25927.46	110
-25857.06	178
-25786.92	23
-25717.04	55
-25647.42	-8
-25578.05	172
-25508.94	120
-25440.09	191
-25371.48	1
-25303.13	155
-25235.02	93
-25167.17	104
-25099.56	-2
-25032.19	132
-24965.07	73
-24898.2	113
-24831.56	29
-24765.17	34
-24699.01	114
-24633.1	38
-24567.41	125
-24501.97	178
-24436.75	-18
-24371.77	206
-24307.03	85
-24242.51	7
-24178.22	74
-24114.16	155
-24050.32	147
-23986.71	144
-23923.32	130
-23860.16	154
-23797.22	98
-23734.5	149
-23672	100
-23609.71	41
-23547.65	87
-23485.8	136
-23424.16	96
-23362.74	65
-23301.53	103
-23240.54	99
-23179.75	162
-23119.17	19
-23058.8	201
-22998.64	66
-22938.68	81
-22878.93	76
-22819.39	48
-22760.04	83
-22700.9	136
-22641.96	91
-22583.22	93
-22524.68	82
-22466.33	96
-22408.19	121
-22350.23	137
-22292.48	68
-22234.92	152
-22177.55	165
-22120.37	70
-22063.38	212
-22006.58	142
-21949.98	94
-21893.56	68
-21837.33	-1
-21781.28	83
-21725.42	71
-21669.74	68
-21614.25	68
-21558.94	46
-21503.81	149
-21448.86	95
-21394.1	161
-21339.51	81
-21285.1	79
-21230.86	132
-21176.81	115
-21122.93	149
-21069.22	151
-21015.69	138
-20962.33	122
-20909.14	111
-20856.13	279
-20803.28	181
-20750.61	62
-20698.1	101
-20645.76	135
-20593.59	96
-20541.59	216
-20489.75	73
-20438.07	106
-20386.56	116
-20335.22	108
-20284.03	94
-20233.01	52
-20182.15	140
-20131.45	50
-20080.91	124
-20030.52	70
-19980.3	92
-19930.23	123
-19880.32	129
-19830.56	223
-19780.96	124
-19731.52	97
-19682.23	71
-19633.09	36
-19584.1	80
-19535.26	225
-19486.58	173
-19438.04	133
-19389.66	71
-19341.42	44
-19293.33	73
-19245.39	142
-19197.6	69
-19149.95	86
-19102.45	60
-19055.09	117
-19007.87	166
-18960.8	87
-18913.87	200
-18867.09	82
-18820.44	177
-18773.94	112
-18727.57	76
-18681.35	87
-18635.26	63
-18589.31	101
-18543.5	77
-18497.83	116
-18452.29	195
-18406.89	85
-18361.63	131
-18316.5	36
-18271.5	95
-18226.63	226
-18181.9	113
-18137.3	111
-18092.84	151
-18048.5	85
-18004.29	143
-17960.22	122
-17916.27	44
-17872.45	163
-17828.76	186
-17785.2	97
-17741.77	130
-17698.46	157
-17655.28	120
-17612.22	66
-17569.29	145
-17526.48	147
-17483.79	111
-17441.23	69
-17398.79	70
-17356.48	100
-17314.28	167
-17272.21	77
-17230.26	107
-17188.42	123
-17146.71	108
-17105.12	104
-17063.64	217
-17022.28	133
-16981.04	109
-16939.92	163
-16898.91	215
-16858.02	155
-16817.25	172
-16776.59	48
-16736.04	116
-16695.61	61
-16655.29	114
-16615.09	113
-16574.99	210
-16535.01	107
-16495.15	246
-16455.39	136
-16415.74	133
-16376.21	37
-16336.78	127
-16297.46	70
-16258.26	35
-16219.16	88
-16180.17	156
-16141.28	204
-16102.51	79
-16063.84	27
-16025.27	90
-15986.82	84
-15948.46	106
-15910.22	77
-15872.07	-5
-15834.04	110
-15796.1	99
-15758.27	96
-15720.54	86
-15682.91	141
-15645.39	142
-15607.97	106
-15570.64	111
-15533.42	128
-15496.3	47
-15459.28	76
-15422.36	113
-15385.54	123
-15348.82	98
-15312.19	92
-15275.66	66
-15239.23	203
-15202.9	248
-15166.67	94
-15130.53	91
-15094.48	20
-15058.54	109
-15022.68	-18
-14986.93	67
-14951.26	103
-14915.69	36
-14880.22	218
-14844.84	129
-14809.55	135
-14774.35	152
-14739.25	120
-14704.24	159
-14669.32	145
-14634.49	45
-14599.75	165
-14565.1	161
-14530.55	133
-14496.08	5
-14461.7	86
-14427.41	161
-14393.21	92
-14359.1	126
-14325.07	167
-14291.14	105
-14257.29	126
-14223.52	173
-14189.85	173
-14156.26	113
-14122.76	162
-14089.34	26
-14056.01	20
-14022.76	113
-13989.6	215
-13956.52	85
-13923.53	54
-13890.62	62
-13857.79	164
-13825.05	160
-13792.39	108
-13759.81	192
-13727.31	133
-13694.9	34
-13662.57	170
-13630.31	119
-13598.14	195
-13566.05	111
-13534.05	169
-13502.12	110
-13470.27	154
-13438.5	129
-13406.8	134
-13375.19	103
-13343.66	95
-13312.2	132
-13280.83	45
-13249.53	135
-13218.3	54
-13187.16	104
-13156.09	65
-13125.1	52
-13094.18	71
-13063.34	141
-13032.58	23
-13001.89	103
-12971.28	108
-12940.74	115
-12910.27	153
-12879.88	141
-12849.57	166
-12819.33	194
-12789.16	195
-12759.06	52
-12729.04	103
-12699.09	-1181
-12669.21	154
-12639.41	81
-12609.68	172
-12580.02	168
-12550.43	110
-12520.91	127
-12491.46	83
-12462.08	193
-12432.77	91
-12403.54	6
-12374.37	69
-12345.27	126
-12316.24	115
-12287.29	174
-12258.4	17
-12229.57	166
-12200.82	167
-12172.14	115
-12143.52	93
-12114.97	86
-12086.49	87
-12058.07	63
-12029.73	160
-12001.44	153
-11973.23	50
-11945.08	75
-11917	134
-11888.98	86
-11861.03	119
-11833.15	128
-11805.32	110
-11777.57	194
-11749.88	180
-11722.25	88
-11694.69	178
-11667.19	58
-11639.75	159
-11612.38	72
-11585.07	79
-11557.83	101
-11530.65	78
-11503.53	154
-11476.47	47
-11449.48	23
-11422.54	120
-11395.67	60
-11368.86	134
-11342.11	189
-11315.43	111
-11288.8	130
-11262.23	121
-11235.73	130
-11209.28	81
-11182.9	158
-11156.57	81
-11130.31	209
-11104.1	169
-11077.96	106
-11051.87	124
-11025.84	80
-10999.87	44
-10973.96	118
-10948.11	128
-10922.31	84
-10896.58	169
-10870.9	107
-10845.28	69
-10819.71	140
-10794.2	166
-10768.75	-6
-10743.36	49
-10718.02	-11
-10692.74	90
-10667.52	77
-10642.35	59
-10617.24	-8
-10592.18	38
-10567.18	102
-10542.23	117
-10517.34	-65
-10492.51	81
-10467.72	53
-10443	63
-10418.32	-18
-10393.7	50
-10369.14	26
-10344.63	45
-10320.17	-46
-10295.77	144
-10271.42	-138
-10247.12	16
-10222.88	-112
-10198.68	-33
-10174.54	-19
-10150.46	-13
-10126.42	-85
-10102.44	-70
-10078.51	-68
-10054.63	-154
-10030.8	-126
-10007.03	-67
-9983.3	-134
-9959.63	-54
-9936.01	-173
-9912.44	-190
-9888.92	-225
-9865.44	-162
-9842.02	-201
-9818.65	-265
-9795.33	-271
-9772.06	-248
-9748.84	-342
-9725.67	-223
-9702.55	-476
-9679.47	-392
-9656.45	-561
-9633.47	-476
-9610.55	-606
-9587.67	-542
-9564.84	-717
-9542.06	-723
-9519.32	-753
-9496.64	-1022
-9474	-931
-9451.41	-1100
-9428.87	-1042
-9406.37	-1014
-9383.92	-1035
-9361.52	-1067
-9339.17	-1184
-9316.86	-1280
-9294.6	-1433
-9272.38	-1654
-9250.21	-1708
-9228.09	-1907
-9206.01	-1769
-9183.98	-1697
-9162	-1533
-9140.06	-1557
-9118.16	-1540
-9096.31	-1726
-9074.51	-1732
-9052.75	-1750
-9031.04	-1691
-9009.37	-1484
-8987.74	-1300
-8966.16	-1190
-8944.63	-1032
-8923.14	-1000
-8901.69	-954
-8880.29	-1185
-8858.93	-1224
-8837.61	-1297
-8816.34	-1370
-8795.11	-1470
-8773.92	-1040
-8752.78	-1243
-8731.68	-1159
-8710.62	-1046
-8689.61	-1269
-8668.63	-1361
-8647.7	-1216
-8626.82	-1313
-8605.97	-1189
-8585.17	-1014
-8564.41	-1004
-8543.69	-933
-8523.01	-1013
-8502.37	-879
-8481.78	-1124
-8461.23	-1159
-8440.71	-1179
-8420.24	-1419
-8399.81	-1177
-8379.42	-1128
-8359.08	-1143
-8338.77	-1022
-8318.5	-1035
-8298.27	-935
-8278.09	-1019
-8257.94	-1009
-8237.83	-1138
-8217.76	-1191
-8197.74	-1254
-8177.75	-1138
-8157.8	-1067
-8137.89	-998
-8118.02	-925
-8098.19	-812
-8078.4	-849
-8058.65	-984
-8038.93	-962
-8019.26	-898
-7999.62	-907
-7980.02	-773
-7960.46	-812
-7940.94	-677
-7921.46	-759
-7902.01	-847
-7882.6	-696
-7863.23	-800
-7843.9	-745
-7824.61	-747
-7805.35	-801
-7786.13	-693
-7766.95	-760
-7747.8	-855
-7728.69	-748
-7709.62	-807
-7690.59	-858
-7671.59	-885
-7652.63	-941
-7633.7	-902
-7614.81	-942
-7595.96	-704
-7577.15	-770
-7558.37	-810
-7539.62	-778
-7520.91	-881
-7502.24	-934
-7483.6	-1006
-7465	-880
-7446.44	-574
-7427.91	-536
-7409.41	-576
-7390.95	-456
-7372.53	-501
-7354.14	-373
-7335.78	-467
-7317.46	-475
-7299.18	-593
-7280.92	-539
-7262.71	-657
-7244.52	-887
-7226.38	-783
-7208.26	-853
-7190.18	-622
-7172.14	-654
-7154.12	-686
-7136.15	-672
-7118.2	-772
-7100.29	-760
-7082.41	-698
-7064.57	-710
-7046.76	-596
-7028.98	-620
-7011.24	-533
-6993.53	-441
-6975.85	-309
-6958.2	-264
-6940.59	-182
-6923.01	-365
-6905.46	-403
-6887.94	-573
-6870.46	1804
-6853.01	-664
-6835.59	-759
-6818.21	-640
-6800.85	-484
-6783.53	-354
-6766.24	-156
-6748.98	-201
-6731.76	-228
-6714.56	-139
-6697.4	-181
-6680.26	-330
-6663.16	-272
-6646.09	-367
-6629.05	-472
-6612.05	-505
-6595.07	-485
-6578.13	-362
-6561.21	-384
-6544.33	-293
-6527.47	-204
-6510.65	-102
-6493.86	-146
-6477.1	-203
-6460.36	-94
-6443.66	-129
-6426.99	-232
-6410.35	-320
-6393.74	-250
-6377.16	-133
-6360.61	-285
-6344.09	-450
-6327.59	-330
-6311.13	-360
-6294.7	-289
-6278.29	-405
-6261.92	-425
-6245.58	-449
-6229.26	-386
-6212.97	-444
-6196.72	-252
-6180.49	-189
-6164.29	-140
-6148.12	-146
-6131.98	4
-6115.86	-6
-6099.78	43
-6083.72	57
-6067.69	11
-6051.69	6
-6035.72	-73
-6019.78	-65
-6003.87	-150
-5987.98	-162
-5972.12	-268
-5956.29	-390
-5940.49	-299
-5924.71	-210
-5908.96	-102
-5893.24	-53
-5877.55	-94
-5861.89	-38
-5846.25	-129
-5830.64	-152
-5815.05	-46
-5799.5	-57
-5783.97	-100
-5768.47	-157
-5752.99	-94
-5737.55	-231
-5722.12	-159
-5706.73	-179
-5691.36	-185
-5676.02	-155
-5660.71	-96
-5645.42	-67
-5630.16	-145
-5614.92	-155
-5599.71	-242
-5584.53	-265
-5569.37	-108
-5554.24	568
-5539.14	-185
-5524.06	-107
-5509.01	-202
-5493.98	-88
-5478.98	-241
-5464	-91
-5449.05	-132
-5434.13	15
-5419.23	-156
-5404.36	-77
-5389.51	-261
-5374.69	-256
-5359.89	-261
-5345.12	-300
-5330.37	-323
-5315.65	-103
-5300.95	-198
-5286.28	-125
-5271.63	-104
-5257.01	-57
-5242.41	-65
-5227.84	-107
-5213.29	-144
-5198.76	-4
-5184.26	-31
-5169.79	-66
-5155.33	-53
-5140.91	-238
-5126.51	-144
-5112.13	-82
-5097.77	-155
-5083.44	-39
-5069.13	-118
-5054.85	0
-5040.59	-59
-5026.36	-60
-5012.15	-94
-4997.96	-147
-4983.8	-152
-4969.66	-25
-4955.54	74
-4941.44	-78
-4927.37	-164
-4913.33	-254
-4899.3	-284
-4885.3	-158
-4871.33	-233
-4857.37	-80
-4843.44	94
-4829.53	-80
-4815.65	-21
-4801.79	-119
-4787.95	-54
-4774.13	-149
-4760.34	-7
-4746.56	-50
-4732.82	-21
-4719.09	-172
-4705.38	-184
-4691.7	-196
-4678.04	-290
-4664.41	-134
-4650.79	-96
-4637.2	36
-4623.63	26
-4610.08	-84
-4596.56	-64
-4583.05	-10
-4569.57	37
-4556.11	129
-4542.67	35
-4529.25	66
-4515.86	-177
-4502.49	-81
-4489.13	-44
-4475.8	-124
-4462.49	-1
-4449.21	16
-4435.94	32
-4422.7	-84
-4409.47	16
-4396.27	-87
-4383.09	-42
-4369.93	-40
-4356.79	79
-4343.67	67
-4330.58	-76
-4317.5	51
-4304.45	-68
-4291.41	-33
-4278.4	-19
-4265.41	22
-4252.44	64
-4239.49	-24
-4226.55	54
-4213.65	-93
-4200.76	80
-4187.89	181
-4175.04	64
-4162.21	97
-4149.4	145
-4136.61	-1
-4123.85	53
-4111.1	82
-4098.37	28
-4085.66	31
-4072.98	75
-4060.31	101
-4047.66	109
-4035.04	141
-4022.43	94
-4009.84	117
-3997.27	126
-3984.72	161
-3972.19	62
-3959.69	-6
-3947.2	66
-3934.73	111
-3922.27	135
-3909.84	136
-3897.43	105
-3885.04	151
-3872.67	147
-3860.31	89
-3847.98	174
-3835.66	201
-3823.36	123
-3811.09	51
-3798.83	27
-3786.59	97
-3774.37	174
-3762.17	68
-3749.98	46
-3737.82	58
-3725.67	135
-3713.55	118
-3701.44	152
-3689.35	49
-3677.28	153
-3665.22	29
-3653.19	129
-3641.17	124
-3629.18	141
-3617.2	139
-3605.24	137
-3593.3	128
-3581.37	11
-3569.47	141
-3557.58	56
-3545.71	64
-3533.86	111
-3522.02	101
-3510.21	22
-3498.41	174
-3486.63	112
-3474.87	158
-3463.12	150
-3451.4	55
-3439.69	91
-3428	92
-3416.33	154
-3404.67	208
-3393.03	141
-3381.41	131
-3369.81	108
-3358.22	63
-3346.66	106
-3335.1	83
-3323.57	129
-3312.06	170
-3300.56	208
-3289.08	109
-3277.61	38
-3266.16	197
-3254.73	122
-3243.32	85
-3231.92	32
-3220.55	133
-3209.18	73
-3197.84	227
-3186.51	115
-3175.2	154
-3163.9	66
-3152.63	84
-3141.36	150
-3130.12	125
-3118.89	-9
-3107.68	49
-3096.49	57
-3085.31	136
-3074.15	123
-3063	211
-3051.87	123
-3040.76	134
-3029.67	141
-3018.59	172
-3007.52	175
-2996.48	17
-2985.44	58
-2974.43	118
-2963.43	80
-2952.45	113
-2941.48	122
-2930.53	140
-2919.6	116
-2908.68	68
-2897.78	112
-2886.89	53
-2876.02	119
-2865.17	96
-2854.33	114
-2843.5	154
-2832.7	222
-2821.9	35
-2811.13	120
-2800.37	82
-2789.62	222
-2778.89	195
-2768.18	130
-2757.48	132
-2746.8	130
-2736.13	13
-2725.48	62
-2714.84	119
-2704.22	120
-2693.61	134
-2683.02	188
-2672.45	117
-2661.89	62
-2651.34	155
-2640.81	83
-2630.3	-29
-2619.8	101
-2609.31	185
-2598.84	120
-2588.39	95
-2577.95	79
-2567.52	11
-2557.11	131
-2546.71	155
-2536.33	142
-2525.97	68
-2515.62	167
-2505.28	72
-2494.96	192
-2484.65	104
-2474.36	135
-2464.08	116
-2453.82	63
-2443.57	179
-2433.33	35
-2423.11	104
-2412.91	129
-2402.72	142
-2392.54	196
-2382.38	36
-2372.23	103
-2362.09	246
-2351.97	158
-2341.87	82
-2331.78	122
-2321.7	58
-2311.64	104
-2301.59	137
-2291.55	87
-2281.53	75
-2271.53	131
-2261.53	95
-2251.55	72
-2241.59	27
-2231.64	163
-2221.7	17
-2211.78	186
-2201.87	249
-2191.97	131
-2182.09	45
-2172.22	193
-2162.37	70
-2152.53	50
-2142.7	104
-2132.89	50
-2123.09	17
-2113.3	152
-2103.53	103
-2093.77	133
-2084.02	66
-2074.29	100
-2064.57	139
-2054.86	134
-2045.17	147
-2035.49	192
-2025.82	136
-2016.17	151
-2006.53	112
-1996.91	125
-1987.29	41
-1977.69	143
-1968.11	127
-1958.53	235
-1948.97	168
-1939.42	72
-1929.89	77
-1920.37	28
-1910.86	123
-1901.36	136
-1891.88	150
-1882.41	91
-1872.95	121
-1863.51	157
-1854.08	181
-1844.66	119
-1835.26	187
-1825.86	159
-1816.48	182
-1807.11	98
-1797.76	84
-1788.42	214
-1779.09	85
-1769.77	69
-1760.47	33
-1751.17	170
-1741.89	46
-1732.63	78
-1723.37	163
-1714.13	109
-1704.9	-4
-1695.68	122
-1686.48	174
-1677.29	159
-1668.11	48
-1658.94	112
-1649.78	64
-1640.64	97
-1631.51	37
-1622.39	182
-1613.28	103
-1604.19	19
-1595.1	69
-1586.03	118
-1576.97	115
-1567.93	174
-1558.89	195
-1549.87	105
-1540.86	145
-1531.86	155
-1522.87	85
-1513.9	61
-1504.93	104
-1495.98	250
-1487.04	21
-1478.12	162
-1469.2	93
-1460.3	177
-1451.4	103
-1442.52	96
-1433.65	70
-1424.8	149
-1415.95	115
-1407.12	167
-1398.3	102
-1389.48	144
-1380.69	51
-1371.9	188
-1363.12	86
-1354.36	172
-1345.6	175
-1336.86	242
-1328.13	15
-1319.41	164
-1310.7	76
-1302.01	78
-1293.32	80
-1284.65	268
-1275.99	235
-1267.33	94
-1258.69	124
-1250.06	112
-1241.45	69
-1232.84	85
-1224.25	93
-1215.66	177
-1207.09	180
-1198.53	129
-1189.97	202
-1181.43	106
-1172.91	55
-1164.39	175
-1155.88	149
-1147.38	42
-1138.9	126
-1130.43	95
-1121.96	256
-1113.51	187
-1105.07	56
-1096.64	153
-1088.22	103
-1079.81	128
-1071.41	72
-1063.02	144
-1054.65	185
-1046.28	59
-1037.92	172
-1029.58	128
-1021.24	110
-1012.92	149
-1004.61	109
-996.3	70
-988.01	157
-979.73	161
-971.46	165
-963.2	73
-954.95	100
-946.71	-23
-938.48	157
-930.26	157
-922.06	129
-913.86	184
-905.67	26
-897.49	55
-889.33	115
-881.17	227
-873.02	134
-864.89	120
-856.76	66
-848.65	163
-840.54	2
-832.45	85
-824.36	56
-816.29	202
-808.22	143
-800.17	159
-792.12	125
-784.09	93
-776.06	190
-768.05	174
-760.04	139
-752.05	112
-744.07	154
-736.09	126
-728.13	72
-720.17	52
-712.23	97
-704.29	204
-696.37	113
-688.45	180
-680.55	83
-672.65	205
-664.77	111
-656.89	16
-649.03	84
-641.17	83
-633.32	281
-625.49	116
-617.66	121
-609.84	162
-602.03	119
-594.23	151
-586.45	172
-578.67	105
-570.9	112
-563.14	63
-555.39	141
-547.65	92
-539.91	101
-532.19	83
-524.48	182
-516.78	55
-509.08	132
-501.4	152
-493.72	160
-486.06	138
-478.4	139
-470.76	92
-463.12	241
-455.49	190
-447.87	168
-440.26	121
-432.66	143
-425.07	150
-417.49	144
-409.92	132
-402.35	192
-394.8	58
-387.25	61
-379.72	240
-372.19	196
-364.67	178
-357.17	262
-349.67	91
-342.18	169
-334.69	156
-327.22	217
-319.76	187
-312.3	154
-304.86	216
-297.42	289
-290	169
-282.58	134
-275.17	276
-267.77	183
-260.37	354
-252.99	393
-245.62	360
-238.25	199
-230.9	269
-223.55	357
-216.21	249
-208.88	313
-201.56	357
-194.25	473
-186.94	478
-179.65	436
-172.36	475
-165.08	664
-157.81	605
-150.55	673
-143.3	767
-136.06	720
-128.82	978
-121.6	949
-114.38	1075
-107.17	1174
-99.97	1320
-92.78	1492
-85.6	1699
-78.42	2038
-71.25	2293
-64.1	2565
-56.95	3062
-49.81	3652
-42.67	4351
-35.55	5567
-28.43	7233
-21.33	11188
-14.23	34102
-7.14	57000
-0.05	56825
7.02	56508
14.09	56840
21.14	37126
28.19	15754
35.23	9613
42.27	7307
49.29	5856
56.31	4945
63.32	4087
70.32	3473
77.31	2872
84.29	2537
91.27	2186
98.23	2013
105.19	1958
112.14	1761
119.09	2070
126.02	2702
132.95	2985
139.87	3077
146.78	2787
153.68	2713
160.58	2640
167.46	2658
174.34	2607
181.21	2523
188.08	2422
194.93	2495
201.78	2497
208.62	2506
215.45	2400
222.27	2421
229.09	2379
235.9	2367
242.7	2260
249.49	2263
256.27	2336
263.05	2315
269.82	2258
276.58	2133
283.33	2204
290.08	2123
296.82	2117
303.55	2119
310.27	2177
316.98	2115
323.69	2078
330.39	2039
337.08	2085
343.76	1978
350.44	1977
357.11	1922
363.77	1877
370.42	1825
377.07	1777
383.71	1863
390.34	1857
396.96	1945
403.58	1863
410.19	1842
416.79	2051
423.38	2120
429.97	1987
436.55	1752
443.12	1723
449.68	1672
456.24	1766
462.79	1702
469.33	1626
475.86	1699
482.39	1658
488.91	1541
495.42	1650
501.93	1682
508.42	1478
514.91	1667
521.4	1572
527.87	1558
534.34	1497
540.8	1620
547.25	1592
553.7	1460
560.14	1496
566.57	1481
573	1464
579.41	1427
585.83	1533
592.23	1479
598.62	1612
605.01	1387
611.4	1473
617.77	1365
624.14	1358
630.5	1449
636.85	1485
643.2	1359
649.54	1510
655.87	1378
662.2	1228
668.52	1322
674.83	1359
681.13	1251
687.43	1297
693.72	1396
700	1281
706.28	1233
712.55	1353
718.81	1255
725.07	1328
731.32	1308
737.56	1396
743.79	1356
750.02	1269
756.24	1315
762.46	1320
768.67	1358
774.87	1282
781.06	1225
787.25	1336
793.43	1282
799.6	1180
805.77	1255
811.93	1321
818.08	1335
824.23	1234
830.37	1311
836.5	1193
842.63	1369
848.75	1326
854.87	1415
860.97	1320
867.07	1322
873.17	1321
879.25	1342
885.33	1368
891.41	1377
897.47	1349
903.53	1315
909.59	1145
915.63	1165
921.67	1218
927.71	1152
933.74	1214
939.76	1269
945.77	1194
951.78	1260
957.78	1077
963.78	1173
969.77	1182
975.75	1123
981.72	1114
987.69	1412
993.66	1109
999.61	1094
1005.56	1210
1011.51	1255
1017.44	1179
1023.37	1227
1029.3	1238
1035.22	1110
1041.13	1266
1047.03	1219
1052.93	1253
1058.83	1497
1064.71	1573
1070.59	1474
1076.47	1304
1082.33	1330
1088.2	1164
1094.05	1226
1099.9	1172
1105.74	1119
1111.58	1096
1117.41	1200
1123.23	1221
1129.05	1451
1134.86	1526
1140.67	1275
1146.47	1150
1152.26	1071
1158.05	1076
1163.83	1058
1169.6	1180
1175.37	978
1181.13	1096
1186.89	1131
1192.64	1056
1198.38	1014
1204.12	1037
1209.85	1135
1215.58	1056
1221.3	960
1227.02	987
1232.72	1075
1238.43	956
1244.12	1080
1249.81	1039
1255.5	1071
1261.17	1070
1266.85	1021
1272.51	1141
1278.17	1193
1283.83	1227
1289.47	1405
1295.12	1842
1300.75	1798
1306.38	1580
1312.01	1361
1317.63	1237
1323.24	1186
1328.85	1209
1334.45	1125
1340.04	1305
1345.63	1126
1351.22	1314
1356.8	1127
1362.37	1319
1367.93	1275
1373.49	1344
1379.05	1287
1384.6	1267
1390.14	1156
1395.68	1232
1401.21	1237
1406.74	1327
1412.26	1307
1417.77	1317
1423.28	1399
1428.78	1535
1434.28	1804
1439.77	2064
1445.26	2115
1450.74	1913
1456.22	1883
1461.68	1809
1467.15	1668
1472.61	1500
1478.06	1415
1483.51	1272
1488.95	1230
1494.38	1202
1499.81	1207
1505.24	1147
1510.65	1138
1516.07	998
1521.48	971
1526.88	1064
1532.27	977
1537.67	919
1543.05	1010
1548.43	954
1553.81	941
1559.18	968
1564.54	929
1569.9	877
1575.25	927
1580.6	949
1585.94	899
1591.28	808
1596.61	980
1601.93	962
1607.25	920
1612.57	900
1617.88	978
1623.18	888
1628.48	860
1633.77	935
1639.06	949
1644.34	861
1649.62	892
1654.89	804
1660.16	775
1665.42	866
1670.67	754
1675.92	795
1681.17	794
1686.41	779
1691.64	867
1696.87	863
1702.1	804
1707.32	781
1712.53	837
1717.74	695
1722.94	710
1728.14	770
1733.33	810
1738.52	743
1743.7	818
1748.88	755
1754.05	729
1759.22	674
1764.38	740
1769.53	665
1774.69	630
1779.83	732
1784.97	607
1790.11	756
1795.24	753
1800.36	709
1805.48	650
1810.6	648
1815.71	700
1820.82	684
1825.92	629
1831.01	579
1836.1	717
1841.19	634
1846.26	673
1851.34	675
1856.41	561
1861.47	730
1866.53	700
1871.59	547
1876.64	577
1881.68	676
1886.72	642
1891.76	536
1896.79	631
1901.81	533
1906.83	534
1911.85	543
1916.86	543
1921.86	605
1926.86	545
1931.86	561
1936.85	486
1941.83	598
1946.81	552
1951.79	530
1956.76	478
1961.72	484
1966.68	455
1971.64	566
1976.59	542
1981.54	513
1986.48	470
1991.42	424
1996.35	574
2001.27	544
2006.2	534
2011.11	548
2016.03	548
2020.93	451
2025.84	486
2030.73	405
2035.63	485
2040.52	591
2045.4	587
2050.28	516
2055.15	522
2060.02	586
2064.89	414
2069.75	455
2074.6	550
2079.46	510
2084.3	515
2089.14	429
2093.98	383
2098.81	408
2103.64	359
2108.46	497
2113.28	521
2118.09	480
2122.9	485
2127.7	435
2132.5	413
2137.3	480
2142.09	461
2146.87	394
2151.66	396
2156.43	436
2161.2	412
2165.97	386
2170.73	420
2175.49	494
2180.24	494
2184.99	446
2189.74	383
2194.48	431
2199.21	517
2203.94	350
2208.67	373
2213.39	408
2218.11	388
2222.82	452
2227.53	402
2232.23	413
2236.93	350
2241.63	402
2246.32	486
2251	481
2255.68	470
2260.36	332
2265.03	415
2269.7	348
2274.36	424
2279.02	392
2283.68	360
2288.33	324
2292.97	388
2297.61	345
2302.25	499
2306.88	378
2311.51	448
2316.14	322
2320.75	321
2325.37	289
2329.98	327
2334.59	342
2339.19	318
2343.79	322
2348.38	310
2352.97	359
2357.55	393
2362.13	331
2366.71	285
2371.28	277
2375.85	390
2380.41	273
2384.97	349
2389.52	330
2394.07	380
2398.62	349
2403.16	417
2407.7	320
2412.23	308
2416.76	323
2421.29	331
2425.81	255
2430.32	322
2434.84	343
2439.34	348
2443.85	344
2448.35	223
2452.84	279
2457.33	323
2461.82	275
2466.3	288
2470.78	286
2475.25	273
2479.72	346
2484.19	318
2488.65	244
2493.11	337
2497.56	288
2502.01	432
2506.46	380
2510.9	259
2515.34	288
2519.77	287
2524.2	364
2528.62	268
2533.04	321
2537.46	180
2541.87	296
2546.28	325
2550.68	268
2555.08	269
2559.48	291
2563.87	377
2568.26	213
2572.64	245
2577.02	310
2581.4	295
2585.77	215
2590.14	283
2594.5	335
2598.86	294
2603.22	384
2607.57	425
2611.92	297
2616.26	362
2620.6	265
2624.94	289
2629.27	299
2633.6	370
2637.92	334
2642.24	345
2646.56	255
2650.87	291
2655.18	258
2659.48	347
2663.78	345
2668.08	277
2672.37	371
2676.66	326
2680.95	301
2685.23	337
2689.5	279
2693.78	306
2698.05	375
2702.31	299
2706.57	250
2710.83	351
2715.08	267
2719.33	462
2723.58	386
2727.82	398
2732.06	305
2736.29	392
2740.53	474
2744.75	313
2748.97	337
2753.19	367
2757.41	261
2761.62	289
2765.83	291
2770.03	343
2774.23	385
2778.43	349
2782.62	409
2786.81	398
2791	393
2795.18	376
2799.35	406
2803.53	356
2807.7	404
2811.86	433
2816.03	456
2820.19	471
2824.34	476
2828.49	514
2832.64	668
2836.78	775
2840.92	856
2845.06	1085
2849.19	1210
2853.32	1287
2857.45	1340
2861.57	1194
2865.69	1264
2869.8	1232
2873.91	1173
2878.02	1303
2882.12	1381
2886.22	1418
2890.32	1335
2894.41	1298
2898.5	1259
2902.58	1073
2906.67	1071
2910.74	1123
2914.82	990
2918.89	895
2922.96	889
2927.02	742
2931.08	763
2935.13	695
2939.19	729
2943.24	716
2947.28	663
2951.32	577
2955.36	485
2959.4	619
2963.43	327
2967.46	418
2971.48	531
2975.5	409
2979.52	346
2983.53	307
2987.54	328
2991.55	308
2995.55	323
2999.55	296
3003.54	160
3007.54	271
3011.53	259
3015.51	200
3019.49	140
3023.47	217
3027.45	154
3031.42	237
3035.39	296
3039.35	243
3043.31	283
3047.27	217
3051.22	328
3055.17	264
3059.12	253
3063.06	223
3067	131
3070.94	220
3074.87	238
3078.8	255
3082.73	268
3086.65	205
3090.57	108
3094.49	178
3098.4	174
3102.31	226
3106.22	143
3110.12	215
3114.02	182
3117.92	211
3121.81	205
3125.7	194
3129.58	155
3133.47	131
3137.34	51
3141.22	175
3145.09	241
3148.96	226
3152.83	169
3156.69	160
3160.55	161
3164.4	251
3168.26	163
3172.1	211
3175.95	164
3179.79	229
3183.63	58
3187.47	166
3191.3	243
3195.13	272
3198.95	142
3202.78	200
3206.6	132
3210.41	229
3214.23	104
3218.03	146
3221.84	90
3225.64	160
3229.44	138
3233.24	239
3237.03	54
3240.82	166
3244.61	93
3248.39	78
3252.17	173
3255.95	240
3259.72	129
3263.49	274
3267.26	230
3271.03	168
3274.79	202
3278.54	159
3282.3	159
3286.05	145
3289.8	170
3293.54	204
3297.29	194
3301.02	136
3304.76	248
3308.49	147
3312.22	167
3315.95	189
3319.67	271
3323.39	234
3327.1	226
3330.82	176
3334.53	93
3338.24	108
3341.94	100
3345.64	152
3349.34	196
3353.03	79
3356.72	162
3360.41	113
3364.1	173
3367.78	268
3371.46	189
3375.13	229
3378.81	192
3382.48	239
3386.14	312
3389.81	143
3393.47	200
3397.12	114
3400.78	81
3404.43	165
3408.08	135
3411.72	159
3415.36	159
3419	60
3422.64	216
3426.27	149
3429.9	178
3433.53	165
3437.15	210
3440.77	245
3444.39	216
3448	133
3451.62	26
3455.22	119
3458.83	133
3462.43	85
3466.03	163
3469.63	95
3473.22	132
3476.81	154
3480.4	86
3483.99	241
3487.57	88
3491.15	178
3494.72	116
3498.29	133
3501.86	99
3505.43	127
3508.99	73
3512.56	136
3516.11	147
3519.67	165
3523.22	112
3526.77	134
3530.32	129
3533.86	110
3537.4	69
3540.94	208
3544.47	99
3548	144
3551.53	150
3555.06	126
3558.58	133
3562.1	164
3565.62	98
3569.13	95
3572.64	42
3576.15	54
3579.66	172
3583.16	69
3586.66	40
3590.16	170
3593.65	95
3597.14	43
3600.63	46
3604.11	63
3607.6	222
3611.08	106
3614.55	46
3618.03	119
3621.5	160
3624.97	190
3628.43	153
3631.9	168
3635.36	100
3638.81	123
3642.27	168
3645.72	87
3649.17	243
3652.61	116
3656.06	53
3659.5	126
3662.93	-16
3666.37	128
3669.8	147
3673.23	146
3676.65	212
3680.08	42
3683.5	145
3686.92	92
3690.33	133
3693.74	150
3697.15	174
3700.56	100
3703.96	155
3707.36	56
3710.76	40
3714.16	204
3717.55	46
3720.94	188
3724.33	92
3727.71	56
3731.1	112
3734.48	93
3737.85	0
3741.23	103
3744.6	113
3747.97	116
3751.33	89
3754.69	78
3758.05	224
3761.41	86
3764.77	152
3768.12	88
3771.47	96
3774.82	84
3778.16	-6
3781.5	1
3784.84	4
3788.18	1
