-37534.58	8
-37414.56	-1
-37295.11	1
-37176.24	6
-37057.95	236
-36940.22	48
-36823.05	105
-36706.45	291
-36590.4	153
-36474.9	74
-36359.95	314
-36245.55	178
-36131.68	203
-36018.35	253
-35905.55	106
-35793.29	290
-35681.54	208
-35570.32	206
-35459.62	218
-35349.43	173
-35239.75	147
-35130.58	213
-35021.91	220
-34913.74	201
-34806.07	201
-34698.89	217
-34592.2	161
-34486	196
-34380.28	108
-34275.04	202
-34170.27	194
-34065.98	193
-33962.16	227
-33858.81	228
-33755.92	177
-33653.49	265
-33551.52	105
-33450.01	125
-33348.94	199
-33248.33	246
-33148.16	208
-33048.43	257
-32949.14	151
-32850.29	319
-32751.87	273
-32653.89	190
-32556.33	254
-32459.2	293
-32362.49	132
-32266.19	159
-32170.32	228
-32074.86	209
-31979.82	186
-31885.18	282
-31790.95	271
-31697.12	133
-31603.69	166
-31510.67	261
-31418.04	239
-31325.8	196
-31233.95	164
-31142.49	141
-31051.42	236
-30960.73	331
-30870.43	227
-30780.5	65
-30690.95	263
-30601.77	184
-30512.97	228
-30424.53	213
-30336.46	218
-30248.76	120
-30161.42	131
-30074.44	244
-29987.81	230
-29901.55	236
-29815.63	110
-29730.07	274
-29644.86	176
-29560	140
-29475.48	140
-29391.3	226
-29307.47	207
-29223.97	184
-29140.81	278
-29057.99	137
-28975.5	228
-28893.34	272
-28811.51	161
-28730	231
-28648.82	307
-28567.97	142
-28487.43	276
-28407.21	219
-28327.32	297
-28247.73	307
-28168.46	279
-28089.5	242
-28010.85	215
-27932.51	183
-27854.48	271
-27776.75	201
-27699.32	107
-27622.19	220
-27545.37	192
-27468.84	176
-27392.6	105
-27316.66	292
-27241.01	217
-27165.66	352
-27090.59	208
-27015.81	185
-26941.31	239
-26867.1	213
-26793.17	185
-26719.52	246
-26646.15	166
-26573.06	239
-26500.24	228
-26427.7	238
-26355.43	260
-26283.43	144
-26211.71	276
-26140.25	106
-26069.06	78
-25998.13	202
-25927.46	200
-25857.06	114
-25786.92	88
-25717.04	215
-25647.42	153
-25578.05	246
-25508.94	259
-25440.09	187
-25371.48	170
-25303.13	278
-25235.02	335
-25167.17	157
-25099.56	183
-25032.19	220
-24965.07	307
-24898.2	190
-24831.56	247
-24765.17	195
-24699.01	315
-24633.1	103
-24567.41	112
-24501.97	246
-24436.75	189
-24371.77	196
-24307.03	192
-24242.51	183
-24178.22	148
-24114.16	229
-24050.32	232
-23986.71	62
-23923.32	105
-23860.16	130
-23797.22	196
-23734.5	162
-23672	289
-23609.71	115
-23547.65	178
-23485.8	194
-23424.16	204
-23362.74	237
-23301.53	207
-23240.54	231
-23179.75	239
-23119.17	216
-23058.8	178
-22998.64	202
-22938.68	224
-22878.93	226
-22819.39	197
-22760.04	144
-22700.9	215
-22641.96	228
-22583.22	213
-22524.68	117
-22466.33	246
-22408.19	128
-22350.23	186
-22292.48	240
-22234.92	167
-22177.55	199
-22120.37	259
-22063.38	127
-22006.58	207
-21949.98	214
-21893.56	153
-21837.33	156
-21781.28	128
-21725.42	150
-21669.74	224
-21614.25	213
-21558.94	206
-21503.81	206
-21448.86	254
-21394.1	191
-21339.51	112
-21285.1	218
-21230.86	149
-21176.81	126
-21122.93	240
-21069.22	115
-21015.69	148
-20962.33	347
-20909.14	198
-20856.13	197
-20803.28	139
-20750.61	228
-20698.1	257
-20645.76	140
-20593.59	144
-20541.59	148
-20489.75	192
-20438.07	239
-20386.56	270
-20335.22	317
-20284.03	181
-20233.01	205
-20182.15	106
-20131.45	207
-20080.91	205
-20030.52	219
-19980.3	172
-19930.23	238
-19880.32	197
-19830.56	146
-19780.96	130
-19731.52	214
-19682.23	100
-19633.09	159
-19584.1	82
-19535.26	192
-19486.58	297
-19438.04	114
-19389.66	305
-19341.42	142
-19293.33	68
-19245.39	65
-19197.6	213
-19149.95	214
-19102.45	229
-19055.09	164
-19007.87	368
-18960.8	207
-18913.87	175
-18867.09	160
-18820.44	160
-18773.94	186
-18727.57	71
-18681.35	188
-18635.26	205
-18589.31	239
-18543.5	150
-18497.83	229
-18452.29	230
-18406.89	151
-18361.63	182
-18316.5	139
-18271.5	228
-18226.63	129
-18181.9	184
-18137.3	253
-18092.84	169
-18048.5	181
-18004.29	125
-17960.22	175
-17916.27	190
-17872.45	251
-17828.76	224
-17785.2	209
-17741.77	220
-17698.46	188
-17655.28	147
-17612.22	143
-17569.29	147
-17526.48	197
-17483.79	244
-17441.23	120
-17398.79	63
-17356.48	211
-17314.28	188
-17272.21	206
-17230.26	212
-17188.42	197
-17146.71	225
-17105.12	151
-17063.64	216
-17022.28	215
-16981.04	252
-16939.92	216
-16898.91	191
-16858.02	165
-16817.25	199
-16776.59	160
-16736.04	163
-16695.61	197
-16655.29	229
-16615.09	166
-16574.99	179
-16535.01	210
-16495.15	101
-16455.39	206
-16415.74	178
-16376.21	170
-16336.78	128
-16297.46	90
-16258.26	277
-16219.16	168
-16180.17	167
-16141.28	263
-16102.51	283
-16063.84	193
-16025.27	219
-15986.82	99
-15948.46	227
-15910.22	207
-15872.07	200
-15834.04	212
-15796.1	153
-15758.27	170
-15720.54	192
-15682.91	192
-15645.39	173
-15607.97	153
-15570.64	221
-15533.42	186
-15496.3	250
-15459.28	142
-15422.36	285
-15385.54	296
-15348.82	139
-15312.19	255
-15275.66	145
-15239.23	129
-15202.9	174
-15166.67	164
-15130.53	132
-15094.48	293
-15058.54	139
-15022.68	221
-14986.93	281
-14951.26	235
-14915.69	151
-14880.22	213
-14844.84	166
-14809.55	218
-14774.35	230
-14739.25	206
-14704.24	177
-14669.32	168
-14634.49	245
-14599.75	205
-14565.1	151
-14530.55	203
-14496.08	256
-14461.7	199
-14427.41	246
-14393.21	107
-14359.1	92
-14325.07	168
-14291.14	156
-14257.29	209
-14223.52	199
-14189.85	234
-14156.26	220
-14122.76	206
-14089.34	163
-14056.01	230
-14022.76	201
-13989.6	98
-13956.52	186
-13923.53	170
-13890.62	165
-13857.79	231
-13825.05	197
-13792.39	139
-13759.81	217
-13727.31	205
-13694.9	125
-13662.57	193
-13630.31	209
-13598.14	242
-13566.05	229
-13534.05	181
-13502.12	195
-13470.27	177
-13438.5	166
-13406.8	92
-13375.19	163
-13343.66	119
-13312.2	266
-13280.83	204
-13249.53	98
-13218.3	26
-13187.16	128
-13156.09	178
-13125.1	256
-13094.18	184
-13063.34	177
-13032.58	165
-13001.89	27
-12971.28	175
-12940.74	196
-12910.27	267
-12879.88	194
-12849.57	189
-12819.33	226
-12789.16	147
-12759.06	130
-12729.04	230
-12699.09	507
-12669.21	315
-12639.41	150
-12609.68	165
-12580.02	189
-12550.43	257
-12520.91	71
-12491.46	148
-12462.08	128
-12432.77	177
-12403.54	179
-12374.37	343
-12345.27	148
-12316.24	215
-12287.29	187
-12258.4	148
-12229.57	235
-12200.82	174
-12172.14	219
-12143.52	170
-12114.97	164
-12086.49	232
-12058.07	140
-12029.73	221
-12001.44	182
-11973.23	181
-11945.08	200
-11917	290
-11888.98	159
-11861.03	230
-11833.15	192
-11805.32	231
-11777.57	250
-11749.88	206
-11722.25	141
-11694.69	178
-11667.19	199
-11639.75	270
-11612.38	229
-11585.07	251
-11557.83	123
-11530.65	212
-11503.53	185
-11476.47	207
-11449.48	199
-11422.54	363
-11395.67	308
-11368.86	225
-11342.11	270
-11315.43	277
-11288.8	265
-11262.23	215
-11235.73	90
-11209.28	308
-11182.9	243
-11156.57	233
-11130.31	301
-11104.1	237
-11077.96	177
-11051.87	131
-11025.84	233
-10999.87	212
-10973.96	264
-10948.11	51
-10922.31	224
-10896.58	240
-10870.9	271
-10845.28	184
-10819.71	217
-10794.2	168
-10768.75	179
-10743.36	197
-10718.02	229
-10692.74	201
-10667.52	157
-10642.35	95
-10617.24	50
-10592.18	136
-10567.18	193
-10542.23	168
-10517.34	174
-10492.51	162
-10467.72	179
-10443	134
-10418.32	117
-10393.7	209
-10369.14	62
-10344.63	94
-10320.17	162
-10295.77	135
-10271.42	121
-10247.12	234
-10222.88	92
-10198.68	152
-10174.54	37
-10150.46	1
-10126.42	23
-10102.44	77
-10078.51	140
-10054.63	-96
-10030.8	-1
-10007.03	-75
-9983.3	89
-9959.63	-41
-9936.01	-62
-9912.44	-66
-9888.92	-100
-9865.44	-39
-9842.02	-14
-9818.65	-93
-9795.33	-173
-9772.06	-123
-9748.84	-172
-9725.67	-153
-9702.55	-189
-9679.47	-266
-9656.45	-393
-9633.47	-340
-9610.55	-455
-9587.67	-285
-9564.84	-385
-9542.06	-502
-9519.32	-669
-9496.64	-800
-9474	-796
-9451.41	-838
-9428.87	-986
-9406.37	-896
-9383.92	-887
-9361.52	-834
-9339.17	-984
-9316.86	-1098
-9294.6	-1307
-9272.38	-1357
-9250.21	-1407
-9228.09	-1618
-9206.01	-1624
-9183.98	-1514
-9162	-1459
-9140.06	-1377
-9118.16	-1438
-9096.31	-1383
-9074.51	-1595
-9052.75	-1606
-9031.04	-1345
-9009.37	-1372
-8987.74	-1135
-8966.16	-935
-8944.63	-871
-8923.14	-833
-8901.69	-818
-8880.29	-1121
-8858.93	-1132
-8837.61	-1197
-8816.34	-1078
-8795.11	-1306
-8773.92	-1224
-8752.78	-1056
-8731.68	-989
-8710.62	-899
-8689.61	-1067
-8668.63	-1210
-8647.7	-1155
-8626.82	-1221
-8605.97	-1097
-8585.17	-1040
-8564.41	-1052
-8543.69	-846
-8523.01	-834
-8502.37	-891
-8481.78	-819
-8461.23	-974
-8440.71	-1185
-8420.24	-1225
-8399.81	-1229
-8379.42	-1241
-8359.08	-1245
-8338.77	-1003
-8318.5	-948
-8298.27	-835
-8278.09	-798
-8257.94	-930
-8237.83	-1072
-8217.76	-1016
-8197.74	-1213
-8177.75	-1117
-8157.8	-1051
-8137.89	-952
-8118.02	-713
-8098.19	-932
-8078.4	-716
-8058.65	-895
-8038.93	-807
-8019.26	-801
-7999.62	-698
-7980.02	-808
-7960.46	-681
-7940.94	-640
-7921.46	-688
-7902.01	-698
-7882.6	-634
-7863.23	-631
-7843.9	-674
-7824.61	-658
-7805.35	-770
-7786.13	-788
-7766.95	-742
-7747.8	-833
-7728.69	-699
-7709.62	-725
-7690.59	-580
-7671.59	-780
-7652.63	-813
-7633.7	-879
-7614.81	-804
-7595.96	-715
-7577.15	-707
-7558.37	-601
-7539.62	-689
-7520.91	-744
-7502.24	-776
-7483.6	-682
-7465	-694
-7446.44	-602
-7427.91	-491
-7409.41	-503
-7390.95	-454
-7372.53	-391
-7354.14	-304
-7335.78	-467
-7317.46	-357
-7299.18	-436
-7280.92	-500
-7262.71	-682
-7244.52	-600
-7226.38	-791
-7208.26	-767
-7190.18	-612
-7172.14	-459
-7154.12	-493
-7136.15	-559
-7118.2	-483
-7100.29	-614
-7082.41	-682
-7064.57	-599
-7046.76	-599
-7028.98	-617
-7011.24	-381
-6993.53	-458
-6975.85	-369
-6958.2	-273
-6940.59	-145
-6923.01	-275
-6905.46	-325
-6887.94	-275
-6870.46	-2876
-6853.01	-597
-6835.59	-568
-6818.21	-546
-6800.85	-493
-6783.53	-355
-6766.24	-141
-6748.98	-283
-6731.76	-256
-6714.56	-140
-6697.4	-108
-6680.26	-238
-6663.16	-180
-6646.09	-263
-6629.05	-288
-6612.05	-527
-6595.07	-520
-6578.13	-365
-6561.21	-300
-6544.33	-151
-6527.47	-113
-6510.65	-60
-6493.86	-5
-6477.1	9
-6460.36	-37
-6443.66	-170
-6426.99	-75
-6410.35	-79
-6393.74	-137
-6377.16	-48
-6360.61	-233
-6344.09	-134
-6327.59	-252
-6311.13	-297
-6294.7	-175
-6278.29	-182
-6261.92	-317
-6245.58	-298
-6229.26	-458
-6212.97	-304
-6196.72	-211
-6180.49	-101
-6164.29	-84
-6148.12	3
-6131.98	-143
-6115.86	73
-6099.78	-25
-6083.72	-63
-6067.69	9
-6051.69	-12
-6035.72	-11
-6019.78	18
-6003.87	-96
-5987.98	-181
-5972.12	-247
-5956.29	-138
-5940.49	-178
-5924.71	-49
-5908.96	-4
-5893.24	14
-5877.55	-43
-5861.89	96
-5846.25	-17
-5830.64	-75
-5815.05	48
-5799.5	-12
-5783.97	-6
-5768.47	-35
-5752.99	74
-5737.55	-156
-5722.12	-252
-5706.73	-278
-5691.36	-144
-5676.02	-173
-5660.71	-1
-5645.42	62
-5630.16	55
-5614.92	-40
-5599.71	-164
-5584.53	-40
-5569.37	-92
-5554.24	183
-5539.14	-132
-5524.06	-35
-5509.01	-105
-5493.98	-189
-5478.98	-107
-5464	-12
-5449.05	-93
-5434.13	41
-5419.23	-12
-5404.36	-4
-5389.51	-81
-5374.69	-181
-5359.89	-186
-5345.12	-274
-5330.37	-212
-5315.65	9
-5300.95	-122
-5286.28	64
-5271.63	-18
-5257.01	15
-5242.41	-142
-5227.84	-5
-5213.29	4
-5198.76	9
-5184.26	34
-5169.79	11
-5155.33	2
-5140.91	-136
-5126.51	20
-5112.13	-52
-5097.77	-25
-5083.44	42
-5069.13	-69
-5054.85	119
-5040.59	-28
-5026.36	-64
-5012.15	-43
-4997.96	-92
-4983.8	60
-4969.66	11
-4955.54	-5
-4941.44	-51
-4927.37	-71
-4913.33	-113
-4899.3	-231
-4885.3	-133
-4871.33	-158
-4857.37	35
-4843.44	44
-4829.53	127
-4815.65	5
-4801.79	-87
-4787.95	-89
-4774.13	104
-4760.34	92
-4746.56	169
-4732.82	73
-4719.09	5
-4705.38	-79
-4691.7	6
-4678.04	-173
-4664.41	-118
-4650.79	-44
-4637.2	71
-4623.63	-58
-4610.08	-49
-4596.56	-132
-4583.05	-89
-4569.57	-136
-4556.11	131
-4542.67	-16
-4529.25	115
-4515.86	-56
-4502.49	-78
-4489.13	-19
-4475.8	-160
-4462.49	22
-4449.21	117
-4435.94	108
-4422.7	19
-4409.47	37
-4396.27	30
-4383.09	17
-4369.93	69
-4356.79	203
-4343.67	79
-4330.58	144
-4317.5	132
-4304.45	79
-4291.41	120
-4278.4	78
-4265.41	99
-4252.44	109
-4239.49	41
-4226.55	98
-4213.65	94
-4200.76	219
-4187.89	112
-4175.04	154
-4162.21	163
-4149.4	91
-4136.61	132
-4123.85	252
-4111.1	120
-4098.37	184
-4085.66	158
-4072.98	177
-4060.31	198
-4047.66	50
-4035.04	199
-4022.43	182
-4009.84	138
-3997.27	121
-3984.72	224
-3972.19	243
-3959.69	150
-3947.2	180
-3934.73	222
-3922.27	213
-3909.84	191
-3897.43	216
-3885.04	117
-3872.67	260
-3860.31	275
-3847.98	199
-3835.66	56
-3823.36	221
-3811.09	180
-3798.83	121
-3786.59	302
-3774.37	119
-3762.17	131
-3749.98	341
-3737.82	174
-3725.67	229
-3713.55	257
-3701.44	108
-3689.35	250
-3677.28	210
-3665.22	211
-3653.19	167
-3641.17	62
-3629.18	131
-3617.2	158
-3605.24	178
-3593.3	186
-3581.37	179
-3569.47	233
-3557.58	232
-3545.71	210
-3533.86	322
-3522.02	109
-3510.21	146
-3498.41	139
-3486.63	189
-3474.87	215
-3463.12	191
-3451.4	181
-3439.69	199
-3428	202
-3416.33	211
-3404.67	221
-3393.03	257
-3381.41	232
-3369.81	210
-3358.22	228
-3346.66	295
-3335.1	289
-3323.57	152
-3312.06	164
-3300.56	328
-3289.08	225
-3277.61	134
-3266.16	197
-3254.73	215
-3243.32	128
-3231.92	210
-3220.55	256
-3209.18	328
-3197.84	224
-3186.51	96
-3175.2	221
-3163.9	223
-3152.63	266
-3141.36	240
-3130.12	188
-3118.89	270
-3107.68	131
-3096.49	252
-3085.31	228
-3074.15	238
-3063	140
-3051.87	168
-3040.76	88
-3029.67	151
-3018.59	195
-3007.52	69
-2996.48	188
-2985.44	210
-2974.43	239
-2963.43	231
-2952.45	197
-2941.48	147
-2930.53	230
-2919.6	97
-2908.68	263
-2897.78	28
-2886.89	201
-2876.02	274
-2865.17	123
-2854.33	148
-2843.5	206
-2832.7	163
-2821.9	232
-2811.13	277
-2800.37	251
-2789.62	114
-2778.89	207
-2768.18	233
-2757.48	199
-2746.8	184
-2736.13	257
-2725.48	274
-2714.84	225
-2704.22	249
-2693.61	153
-2683.02	244
-2672.45	212
-2661.89	205
-2651.34	244
-2640.81	104
-2630.3	190
-2619.8	135
-2609.31	191
-2598.84	131
-2588.39	238
-2577.95	229
-2567.52	194
-2557.11	213
-2546.71	208
-2536.33	263
-2525.97	228
-2515.62	158
-2505.28	151
-2494.96	216
-2484.65	102
-2474.36	201
-2464.08	162
-2453.82	244
-2443.57	237
-2433.33	184
-2423.11	113
-2412.91	292
-2402.72	203
-2392.54	119
-2382.38	242
-2372.23	108
-2362.09	443
-2351.97	110
-2341.87	204
-2331.78	216
-2321.7	186
-2311.64	190
-2301.59	182
-2291.55	134
-2281.53	148
-2271.53	113
-2261.53	132
-2251.55	236
-2241.59	135
-2231.64	381
-2221.7	252
-2211.78	236
-2201.87	161
-2191.97	287
-2182.09	289
-2172.22	242
-2162.37	219
-2152.53	126
-2142.7	145
-2132.89	295
-2123.09	176
-2113.3	194
-2103.53	193
-2093.77	187
-2084.02	152
-2074.29	212
-2064.57	299
-2054.86	190
-2045.17	134
-2035.49	217
-2025.82	164
-2016.17	224
-2006.53	233
-1996.91	317
-1987.29	312
-1977.69	262
-1968.11	167
-1958.53	54
-1948.97	217
-1939.42	123
-1929.89	167
-1920.37	176
-1910.86	244
-1901.36	156
-1891.88	224
-1882.41	281
-1872.95	195
-1863.51	234
-1854.08	105
-1844.66	203
-1835.26	193
-1825.86	207
-1816.48	195
-1807.11	214
-1797.76	284
-1788.42	235
-1779.09	116
-1769.77	220
-1760.47	315
-1751.17	237
-1741.89	272
-1732.63	227
-1723.37	264
-1714.13	205
-1704.9	197
-1695.68	250
-1686.48	197
-1677.29	227
-1668.11	279
-1658.94	307
-1649.78	349
-1640.64	182
-1631.51	100
-1622.39	143
-1613.28	199
-1604.19	244
-1595.1	233
-1586.03	147
-1576.97	176
-1567.93	169
-1558.89	179
-1549.87	197
-1540.86	228
-1531.86	274
-1522.87	222
-1513.9	215
-1504.93	304
-1495.98	232
-1487.04	307
-1478.12	203
-1469.2	245
-1460.3	183
-1451.4	337
-1442.52	204
-1433.65	171
-1424.8	149
-1415.95	203
-1407.12	257
-1398.3	185
-1389.48	241
-1380.69	173
-1371.9	110
-1363.12	181
-1354.36	188
-1345.6	181
-1336.86	174
-1328.13	239
-1319.41	229
-1310.7	264
-1302.01	202
-1293.32	287
-1284.65	250
-1275.99	306
-1267.33	345
-1258.69	157
-1250.06	204
-1241.45	192
-1232.84	289
-1224.25	194
-1215.66	303
-1207.09	224
-1198.53	291
-1189.97	210
-1181.43	210
-1172.91	167
-1164.39	255
-1155.88	107
-1147.38	245
-1138.9	200
-1130.43	174
-1121.96	204
-1113.51	51
-1105.07	119
-1096.64	279
-1088.22	176
-1079.81	267
-1071.41	253
-1063.02	253
-1054.65	208
-1046.28	115
-1037.92	200
-1029.58	272
-1021.24	211
-1012.92	161
-1004.61	379
-996.3	316
-988.01	214
-979.73	233
-971.46	258
-963.2	184
-954.95	172
-946.71	183
-938.48	135
-930.26	211
-922.06	230
-913.86	322
-905.67	253
-897.49	150
-889.33	232
-881.17	276
-873.02	208
-864.89	233
-856.76	287
-848.65	238
-840.54	297
-832.45	297
-824.36	136
-816.29	258
-808.22	193
-800.17	222
-792.12	304
-784.09	217
-776.06	173
-768.05	194
-760.04	258
-752.05	226
-744.07	155
-736.09	249
-728.13	179
-720.17	123
-712.23	322
-704.29	94
-696.37	324
-688.45	203
-680.55	243
-672.65	287
-664.77	205
-656.89	129
-649.03	254
-641.17	262
-633.32	253
-625.49	271
-617.66	161
-609.84	202
-602.03	119
-594.23	251
-586.45	174
-578.67	171
-570.9	308
-563.14	206
-555.39	173
-547.65	232
-539.91	148
-532.19	212
-524.48	277
-516.78	252
-509.08	302
-501.4	290
-493.72	210
-486.06	267
-478.4	292
-470.76	252
-463.12	208
-455.49	140
-447.87	193
-440.26	135
-432.66	237
-425.07	117
-417.49	312
-409.92	182
-402.35	186
-394.8	131
-387.25	264
-379.72	218
-372.19	262
-364.67	271
-357.17	327
-349.67	211
-342.18	292
-334.69	278
-327.22	234
-319.76	210
-312.3	186
-304.86	326
-297.42	315
-290	222
-282.58	159
-275.17	263
-267.77	290
-260.37	291
-252.99	286
-245.62	370
-238.25	287
-230.9	314
-223.55	337
-216.21	359
-208.88	333
-201.56	494
-194.25	380
-186.94	443
-179.65	391
-172.36	550
-165.08	508
-157.81	444
-150.55	568
-143.3	693
-136.06	660
-128.82	665
-121.6	761
-114.38	919
-107.17	1007
-99.97	1042
-92.78	1101
-85.6	1222
-78.42	1496
-71.25	1591
-64.1	1855
-56.95	2262
-49.81	2510
-42.67	3079
-35.55	3825
-28.43	4925
-21.33	7773
-14.23	23233
-7.14	56900
-0.05	56699
7.02	56375
14.09	56687
21.14	26334
28.19	10550
35.23	6738
42.27	5018
49.29	4186
56.31	3476
63.32	3081
70.32	2420
77.31	2069
84.29	1894
91.27	1602
98.23	1415
105.19	1421
112.14	1484
119.09	1976
126.02	2719
132.95	3177
139.87	3322
146.78	3091
153.68	3085
160.58	2972
167.46	2976
174.34	2815
181.21	2841
188.08	2948
194.93	2868
201.78	2767
208.62	2803
215.45	2802
222.27	2860
229.09	2798
235.9	2686
242.7	2664
249.49	2767
256.27	2653
263.05	2598
269.82	2623
276.58	2463
283.33	2559
290.08	2504
296.82	2549
303.55	2433
310.27	2362
316.98	2429
323.69	2388
330.39	2386
337.08	2398
343.76	2294
350.44	2353
357.11	2321
363.77	2405
370.42	2181
377.07	2260
383.71	2248
390.34	2206
396.96	2144
403.58	2216
410.19	2335
416.79	2265
423.38	2304
429.97	2215
436.55	2147
443.12	2088
449.68	2055
456.24	2107
462.79	1987
469.33	2036
475.86	1950
482.39	1840
488.91	2000
495.42	2002
501.93	1828
508.42	2069
514.91	1886
521.4	1961
527.87	1934
534.34	1737
540.8	1834
547.25	1830
553.7	1831
560.14	1926
566.57	1725
573	1802
579.41	1863
585.83	1720
592.23	1882
598.62	1719
605.01	1687
611.4	1752
617.77	1703
624.14	1708
630.5	1736
636.85	1732
643.2	1788
649.54	1764
655.87	1590
662.2	1709
668.52	1694
674.83	1728
681.13	1553
687.43	1625
693.72	1610
700	1720
706.28	1584
712.55	1714
718.81	1582
725.07	1562
731.32	1572
737.56	1639
743.79	1743
750.02	1558
756.24	1668
762.46	1622
768.67	1712
774.87	1607
781.06	1666
787.25	1644
793.43	1545
799.6	1573
805.77	1518
811.93	1585
818.08	1543
824.23	1587
830.37	1668
836.5	1576
842.63	1593
848.75	1622
854.87	1663
860.97	1661
867.07	1596
873.17	1630
879.25	1605
885.33	1570
891.41	1687
897.47	1681
903.53	1451
909.59	1615
915.63	1526
921.67	1536
927.71	1506
933.74	1531
939.76	1303
945.77	1402
951.78	1420
957.78	1480
963.78	1396
969.77	1467
975.75	1491
981.72	1394
987.69	1953
993.66	1387
999.61	1428
1005.56	1383
1011.51	1447
1017.44	1516
1023.37	1456
1029.3	1554
1035.22	1541
1041.13	1505
1047.03	1637
1052.93	1551
1058.83	1909
1064.71	2013
1070.59	1883
1076.47	1766
1082.33	1568
1088.2	1558
1094.05	1483
1099.9	1361
1105.74	1442
1111.58	1379
1117.41	1545
1123.23	1780
1129.05	1968
1134.86	1726
1140.67	1597
1146.47	1374
1152.26	1382
1158.05	1265
1163.83	1344
1169.6	1347
1175.37	1321
1181.13	1365
1186.89	1300
1192.64	1282
1198.38	1312
1204.12	1241
1209.85	1316
1215.58	1321
1221.3	1289
1227.02	1357
1232.72	1223
1238.43	1340
1244.12	1249
1249.81	1361
1255.5	1338
1261.17	1223
1266.85	1425
1272.51	1453
1278.17	1373
1283.83	1338
1289.47	1820
1295.12	2257
1300.75	2198
1306.38	1887
1312.01	1728
1317.63	1657
1323.24	1475
1328.85	1454
1334.45	1509
1340.04	1474
1345.63	1445
1351.22	1490
1356.8	1450
1362.37	1404
1367.93	1459
1373.49	1595
1379.05	1562
1384.6	1448
1390.14	1535
1395.68	1527
1401.21	1508
1406.74	1476
1412.26	1603
1417.77	1807
1423.28	1722
1428.78	1987
1434.28	2209
1439.77	2439
1445.26	2488
1450.74	2338
1456.22	2309
1461.68	2131
1467.15	1992
1472.61	1799
1478.06	1697
1483.51	1481
1488.95	1346
1494.38	1517
1499.81	1387
1505.24	1228
1510.65	1318
1516.07	1255
1521.48	1201
1526.88	1313
1532.27	1228
1537.67	1131
1543.05	1280
1548.43	1170
1553.81	1158
1559.18	1152
1564.54	1239
1569.9	1223
1575.25	1234
1580.6	1123
1585.94	1074
1591.28	1148
1596.61	1206
1601.93	1232
1607.25	1151
1612.57	1116
1617.88	1086
1623.18	1121
1628.48	1069
1633.77	1075
1639.06	1138
1644.34	1103
1649.62	1044
1654.89	1071
1660.16	1000
1665.42	1014
1670.67	1110
1675.92	1027
1681.17	1069
1686.41	871
1691.64	1069
1696.87	1073
1702.1	942
1707.32	911
1712.53	990
1717.74	973
1722.94	950
1728.14	849
1733.33	882
1738.52	903
1743.7	932
1748.88	818
1754.05	858
1759.22	933
1764.38	-81
1769.53	892
1774.69	912
1779.83	884
1784.97	848
1790.11	917
1795.24	893
1800.36	927
1805.48	924
1810.6	1018
1815.71	774
1820.82	862
1825.92	838
1831.01	884
1836.1	853
1841.19	770
1846.26	826
1851.34	812
1856.41	777
1861.47	741
1866.53	890
1871.59	884
1876.64	826
1881.68	814
1886.72	908
1891.76	666
1896.79	725
1901.81	762
1906.83	813
1911.85	721
1916.86	703
1921.86	742
1926.86	665
1931.86	640
1936.85	662
1941.83	687
1946.81	660
1951.79	669
1956.76	728
1961.72	704
1966.68	667
1971.64	742
1976.59	773
1981.54	671
1986.48	766
1991.42	680
1996.35	736
2001.27	632
2006.2	593
2011.11	751
2016.03	661
2020.93	632
2025.84	639
2030.73	572
2035.63	671
2040.52	676
2045.4	675
2050.28	603
2055.15	655
2060.02	727
2064.89	513
2069.75	682
2074.6	646
2079.46	587
2084.3	605
2089.14	608
2093.98	783
2098.81	625
2103.64	602
2108.46	560
2113.28	587
2118.09	635
2122.9	611
2127.7	556
2132.5	567
2137.3	490
2142.09	615
2146.87	517
2151.66	686
2156.43	490
2161.2	556
2165.97	645
2170.73	496
2175.49	549
2180.24	619
2184.99	580
2189.74	629
2194.48	602
2199.21	561
2203.94	471
2208.67	485
2213.39	730
2218.11	523
2222.82	551
2227.53	554
2232.23	512
2236.93	548
2241.63	594
2246.32	412
2251	469
2255.68	501
2260.36	506
2265.03	571
2269.7	539
2274.36	451
2279.02	564
2283.68	425
2288.33	529
2292.97	423
2297.61	507
2302.25	481
2306.88	501
2311.51	506
2316.14	490
2320.75	544
2325.37	517
2329.98	409
2334.59	575
2339.19	481
2343.79	352
2348.38	467
2352.97	438
2357.55	508
2362.13	591
2366.71	407
2371.28	474
2375.85	438
2380.41	553
2384.97	482
2389.52	597
2394.07	465
2398.62	490
2403.16	401
2407.7	479
2412.23	460
2416.76	536
2421.29	514
2425.81	473
2430.32	490
2434.84	390
2439.34	420
2443.85	337
2448.35	406
2452.84	421
2457.33	409
2461.82	426
2466.3	365
2470.78	466
2475.25	420
2479.72	472
2484.19	431
2488.65	426
2493.11	396
2497.56	526
2502.01	395
2506.46	321
2510.9	428
2515.34	426
2519.77	382
2524.2	396
2528.62	457
2533.04	368
2537.46	340
2541.87	478
2546.28	381
2550.68	404
2555.08	441
2559.48	476
2563.87	390
2568.26	442
2572.64	455
2577.02	525
2581.4	419
2585.77	450
2590.14	370
2594.5	418
2598.86	365
2603.22	410
2607.57	498
2611.92	416
2616.26	406
2620.6	469
2624.94	443
2629.27	407
2633.6	408
2637.92	361
2642.24	346
2646.56	392
2650.87	364
2655.18	400
2659.48	367
2663.78	498
2668.08	469
2672.37	500
2676.66	459
2680.95	473
2685.23	397
2689.5	370
2693.78	356
2698.05	411
2702.31	423
2706.57	489
2710.83	471
2715.08	390
2719.33	474
2723.58	499
2727.82	524
2732.06	561
2736.29	353
2740.53	447
2744.75	492
2748.97	460
2753.19	394
2757.41	625
2761.62	445
2765.83	534
2770.03	453
2774.23	450
2778.43	429
2782.62	522
2786.81	543
2791	551
2795.18	531
2799.35	458
2803.53	505
2807.7	655
2811.86	490
2816.03	636
2820.19	704
2824.34	727
2828.49	820
2832.64	794
2836.78	902
2840.92	1097
2845.06	1509
2849.19	1578
2853.32	1744
2857.45	1794
2861.57	1607
2865.69	1654
2869.8	1614
2873.91	1640
2878.02	1783
2882.12	1814
2886.22	1787
2890.32	1822
2894.41	1639
2898.5	1548
2902.58	1434
2906.67	1465
2910.74	1385
2914.82	1294
2918.89	1185
2922.96	1107
2927.02	1119
2931.08	1046
2935.13	1050
2939.19	1003
2943.24	851
2947.28	744
2951.32	652
2955.36	740
2959.4	640
2963.43	712
2967.46	518
2971.48	500
2975.5	508
2979.52	490
2983.53	408
2987.54	463
2991.55	459
2995.55	427
2999.55	428
3003.54	369
3007.54	407
3011.53	424
3015.51	322
3019.49	344
3023.47	402
3027.45	252
3031.42	417
3035.39	271
3039.35	322
3043.31	306
3047.27	355
3051.22	413
3055.17	352
3059.12	291
3063.06	290
3067	448
3070.94	246
3074.87	282
3078.8	225
3082.73	288
3086.65	313
3090.57	289
3094.49	400
3098.4	253
3102.31	383
3106.22	234
3110.12	314
3114.02	303
3117.92	350
3121.81	311
3125.7	404
3129.58	119
3133.47	378
3137.34	271
3141.22	201
3145.09	315
3148.96	142
3152.83	229
3156.69	322
3160.55	223
3164.4	259
3168.26	170
3172.1	372
3175.95	274
3179.79	293
3183.63	340
3187.47	301
3191.3	173
3195.13	384
3198.95	228
3202.78	300
3206.6	213
3210.41	313
3214.23	323
3218.03	262
3221.84	264
3225.64	360
3229.44	147
3233.24	235
3237.03	220
3240.82	264
3244.61	241
3248.39	231
3252.17	213
3255.95	295
3259.72	305
3263.49	284
3267.26	273
3271.03	277
3274.79	259
3278.54	209
3282.3	205
3286.05	247
3289.8	376
3293.54	303
3297.29	291
3301.02	376
3304.76	220
3308.49	303
3312.22	289
3315.95	285
3319.67	252
3323.39	297
3327.1	349
3330.82	184
3334.53	187
3338.24	146
3341.94	202
3345.64	176
3349.34	233
3353.03	295
3356.72	254
3360.41	200
3364.1	239
3367.78	207
3371.46	222
3375.13	196
3378.81	315
3382.48	277
3386.14	463
3389.81	233
3393.47	209
3397.12	219
3400.78	397
3404.43	156
3408.08	204
3411.72	144
3415.36	249
3419	255
3422.64	287
3426.27	181
3429.9	176
3433.53	278
3437.15	274
3440.77	226
3444.39	166
3448	207
3451.62	246
3455.22	218
3458.83	135
3462.43	236
3466.03	283
3469.63	318
3473.22	313
3476.81	294
3480.4	312
3483.99	233
3487.57	232
3491.15	225
3494.72	273
3498.29	147
3501.86	266
3505.43	140
3508.99	175
3512.56	141
3516.11	261
3519.67	229
3523.22	271
3526.77	237
3530.32	148
3533.86	214
3537.4	215
3540.94	211
3544.47	266
3548	182
3551.53	215
3555.06	205
3558.58	260
3562.1	170
3565.62	199
3569.13	277
3572.64	147
3576.15	195
3579.66	243
3583.16	159
3586.66	150
3590.16	236
3593.65	156
3597.14	211
3600.63	257
3604.11	226
3607.6	215
3611.08	174
3614.55	130
3618.03	274
3621.5	196
3624.97	213
3628.43	277
3631.9	194
3635.36	235
3638.81	186
3642.27	261
3645.72	256
3649.17	177
3652.61	156
3656.06	247
3659.5	187
3662.93	160
3666.37	110
3669.8	9
3673.23	190
3676.65	205
3680.08	253
3683.5	116
3686.92	200
3690.33	117
3693.74	197
3697.15	192
3700.56	199
3703.96	257
3707.36	80
3710.76	209
3714.16	175
3717.55	99
3720.94	165
3724.33	148
3727.71	111
3731.1	266
3734.48	115
3737.85	140
3741.23	197
3744.6	128
3747.97	163
3751.33	224
3754.69	174
3758.05	164
3761.41	186
3764.77	209
3768.12	144
3771.47	114
3774.82	175
3778.16	-5
3781.5	2
3784.84	6
3788.18	3
