-37534.58	-1
-37414.56	2
-37295.11	-2
-37176.24	2
-37057.95	70
-36940.22	89
-36823.05	157
-36706.45	13
-36590.4	144
-36474.9	41
-36359.95	165
-36245.55	129
-36131.68	180
-36018.35	101
-35905.55	131
-35793.29	185
-35681.54	89
-35570.32	139
-35459.62	162
-35349.43	134
-35239.75	115
-35130.58	32
-35021.91	164
-34913.74	89
-34806.07	83
-34698.89	192
-34592.2	154
-34486	175
-34380.28	44
-34275.04	25
-34170.27	141
-34065.98	153
-33962.16	144
-33858.81	74
-33755.92	249
-33653.49	54
-33551.52	171
-33450.01	182
-33348.94	36
-33248.33	112
-33148.16	151
-33048.43	214
-32949.14	159
-32850.29	197
-32751.87	76
-32653.89	75
-32556.33	-21
-32459.2	160
-32362.49	153
-32266.19	150
-32170.32	134
-32074.86	100
-31979.82	-23
-31885.18	126
-31790.95	125
-31697.12	145
-31603.69	244
-31510.67	79
-31418.04	126
-31325.8	242
-31233.95	138
-31142.49	199
-31051.42	53
-30960.73	226
-30870.43	185
-30780.5	195
-30690.95	140
-30601.77	228
-30512.97	99
-30424.53	257
-30336.46	-14
-30248.76	128
-30161.42	98
-30074.44	127
-29987.81	182
-29901.55	155
-29815.63	199
-29730.07	209
-29644.86	142
-29560	56
-29475.48	72
-29391.3	235
-29307.47	129
-29223.97	174
-29140.81	178
-29057.99	180
-28975.5	140
-28893.34	217
-28811.51	77
-28730	133
-28648.82	249
-28567.97	154
-28487.43	202
-28407.21	135
-28327.32	63
-28247.73	135
-28168.46	205
-28089.5	64
-28010.85	134
-27932.51	43
-27854.48	202
-27776.75	162
-27699.32	164
-27622.19	237
-27545.37	164
-27468.84	201
-27392.6	179
-27316.66	54
-27241.01	145
-27165.66	-8
-27090.59	138
-27015.81	28
-26941.31	147
-26867.1	49
-26793.17	237
-26719.52	77
-26646.15	281
-26573.06	181
-26500.24	80
-26427.7	85
-26355.43	47
-26283.43	174
-26211.71	122
-26140.25	211
-26069.06	160
-25998.13	142
-25927.46	76
-25857.06	215
-25786.92	183
-25717.04	168
-25647.42	173
-25578.05	50
-25508.94	98
-25440.09	239
-25371.48	77
-25303.13	255
-25235.02	146
-25167.17	144
-25099.56	77
-25032.19	166
-24965.07	144
-24898.2	125
-24831.56	51
-24765.17	82
-24699.01	123
-24633.1	200
-24567.41	188
-24501.97	163
-24436.75	203
-24371.77	151
-24307.03	-31
-24242.51	66
-24178.22	152
-24114.16	159
-24050.32	140
-23986.71	251
-23923.32	84
-23860.16	121
-23797.22	83
-23734.5	196
-23672	98
-23609.71	91
-23547.65	56
-23485.8	86
-23424.16	154
-23362.74	181
-23301.53	115
-23240.54	65
-23179.75	44
-23119.17	124
-23058.8	50
-22998.64	144
-22938.68	181
-22878.93	90
-22819.39	86
-22760.04	103
-22700.9	114
-22641.96	93
-22583.22	248
-22524.68	170
-22466.33	145
-22408.19	86
-22350.23	228
-22292.48	69
-22234.92	131
-22177.55	99
-22120.37	87
-22063.38	66
-22006.58	178
-21949.98	12
-21893.56	63
-21837.33	58
-21781.28	98
-21725.42	57
-21669.74	85
-21614.25	98
-21558.94	158
-21503.81	7
-21448.86	108
-21394.1	212
-21339.51	78
-21285.1	148
-21230.86	155
-21176.81	134
-21122.93	112
-21069.22	81
-21015.69	152
-20962.33	194
-20909.14	202
-20856.13	43
-20803.28	142
-20750.61	139
-20698.1	95
-20645.76	180
-20593.59	7
-20541.59	21
-20489.75	79
-20438.07	239
-20386.56	167
-20335.22	142
-20284.03	45
-20233.01	101
-20182.15	145
-20131.45	146
-20080.91	38
-20030.52	148
-19980.3	171
-19930.23	94
-19880.32	15
-19830.56	93
-19780.96	110
-19731.52	225
-19682.23	128
-19633.09	71
-19584.1	122
-19535.26	50
-19486.58	266
-19438.04	138
-19389.66	162
-19341.42	41
-19293.33	117
-19245.39	6
-19197.6	15
-19149.95	231
-19102.45	133
-19055.09	160
-19007.87	190
-18960.8	161
-18913.87	82
-18867.09	81
-18820.44	168
-18773.94	162
-18727.57	78
-18681.35	301
-18635.26	130
-18589.31	24
-18543.5	180
-18497.83	108
-18452.29	119
-18406.89	107
-18361.63	50
-18316.5	-1
-18271.5	198
-18226.63	220
-18181.9	136
-18137.3	121
-18092.84	218
-18048.5	229
-18004.29	44
-17960.22	132
-17916.27	184
-17872.45	65
-17828.76	57
-17785.2	169
-17741.77	87
-17698.46	80
-17655.28	165
-17612.22	180
-17569.29	137
-17526.48	102
-17483.79	77
-17441.23	171
-17398.79	175
-17356.48	239
-17314.28	56
-17272.21	-3
-17230.26	115
-17188.42	53
-17146.71	125
-17105.12	46
-17063.64	131
-17022.28	131
-16981.04	34
-16939.92	21
-16898.91	132
-16858.02	219
-16817.25	64
-16776.59	180
-16736.04	177
-16695.61	63
-16655.29	172
-16615.09	101
-16574.99	167
-16535.01	215
-16495.15	83
-16455.39	100
-16415.74	130
-16376.21	101
-16336.78	130
-16297.46	75
-16258.26	93
-16219.16	187
-16180.17	79
-16141.28	134
-16102.51	56
-16063.84	155
-16025.27	44
-15986.82	116
-15948.46	109
-15910.22	105
-15872.07	68
-15834.04	155
-15796.1	88
-15758.27	78
-15720.54	65
-15682.91	105
-15645.39	272
-15607.97	168
-15570.64	181
-15533.42	160
-15496.3	245
-15459.28	119
-15422.36	126
-15385.54	167
-15348.82	175
-15312.19	139
-15275.66	154
-15239.23	169
-15202.9	60
-15166.67	69
-15130.53	161
-15094.48	97
-15058.54	82
-15022.68	120
-14986.93	151
-14951.26	42
-14915.69	64
-14880.22	60
-14844.84	120
-14809.55	-53
-14774.35	121
-14739.25	12
-14704.24	85
-14669.32	128
-14634.49	191
-14599.75	121
-14565.1	94
-14530.55	99
-14496.08	116
-14461.7	91
-14427.41	158
-14393.21	91
-14359.1	266
-14325.07	111
-14291.14	22
-14257.29	94
-14223.52	4
-14189.85	210
-14156.26	78
-14122.76	150
-14089.34	15
-14056.01	133
-14022.76	116
-13989.6	83
-13956.52	-7
-13923.53	142
-13890.62	180
-13857.79	179
-13825.05	63
-13792.39	124
-13759.81	182
-13727.31	163
-13694.9	294
-13662.57	85
-13630.31	123
-13598.14	187
-13566.05	35
-13534.05	238
-13502.12	130
-13470.27	113
-13438.5	210
-13406.8	48
-13375.19	110
-13343.66	99
-13312.2	136
-13280.83	171
-13249.53	156
-13218.3	67
-13187.16	247
-13156.09	34
-13125.1	145
-13094.18	93
-13063.34	121
-13032.58	55
-13001.89	264
-12971.28	211
-12940.74	232
-12910.27	62
-12879.88	170
-12849.57	-21
-12819.33	188
-12789.16	145
-12759.06	128
-12729.04	141
-12699.09	180
-12669.21	156
-12639.41	128
-12609.68	107
-12580.02	86
-12550.43	0
-12520.91	108
-12491.46	87
-12462.08	223
-12432.77	93
-12403.54	150
-12374.37	82
-12345.27	110
-12316.24	43
-12287.29	145
-12258.4	132
-12229.57	180
-12200.82	183
-12172.14	18
-12143.52	36
-12114.97	184
-12086.49	109
-12058.07	44
-12029.73	188
-12001.44	90
-11973.23	82
-11945.08	135
-11917	126
-11888.98	165
-11861.03	92
-11833.15	124
-11805.32	159
-11777.57	49
-11749.88	205
-11722.25	155
-11694.69	39
-11667.19	182
-11639.75	122
-11612.38	102
-11585.07	189
-11557.83	148
-11530.65	105
-11503.53	148
-11476.47	196
-11449.48	50
-11422.54	112
-11395.67	115
-11368.86	45
-11342.11	29
-11315.43	41
-11288.8	40
-11262.23	58
-11235.73	150
-11209.28	121
-11182.9	134
-11156.57	43
-11130.31	166
-11104.1	167
-11077.96	29
-11051.87	117
-11025.84	1
-10999.87	126
-10973.96	173
-10948.11	-43
-10922.31	64
-10896.58	29
-10870.9	-33
-10845.28	47
-10819.71	95
-10794.2	25
-10768.75	40
-10743.36	123
-10718.02	95
-10692.74	161
-10667.52	14
-10642.35	133
-10617.24	21
-10592.18	0
-10567.18	16
-10542.23	105
-10517.34	101
-10492.51	-12
-10467.72	59
-10443	-67
-10418.32	39
-10393.7	-98
-10369.14	-104
-10344.63	-90
-10320.17	-26
-10295.77	9
-10271.42	-54
-10247.12	-120
-10222.88	-67
-10198.68	-156
-10174.54	-177
-10150.46	-109
-10126.42	-179
-10102.44	-277
-10078.51	-175
-10054.63	-160
-10030.8	-155
-10007.03	-42
-9983.3	-272
-9959.63	-258
-9936.01	-393
-9912.44	-367
-9888.92	-417
-9865.44	-457
-9842.02	-512
-9818.65	-428
-9795.33	-454
-9772.06	-506
-9748.84	-577
-9725.67	-616
-9702.55	-645
-9679.47	-901
-9656.45	-904
-9633.47	-1035
-9610.55	-1124
-9587.67	-1110
-9564.84	-1222
-9542.06	-1520
-9519.32	-1652
-9496.64	-1692
-9474	-1906
-9451.41	-2025
-9428.87	-2097
-9406.37	-2024
-9383.92	-1925
-9361.52	-1960
-9339.17	-2236
-9316.86	-2529
-9294.6	-2952
-9272.38	-3154
-9250.21	-3417
-9228.09	-3546
-9206.01	-3316
-9183.98	-3312
-9162	-3014
-9140.06	-3036
-9118.16	-3009
-9096.31	-3154
-9074.51	-3213
-9052.75	-3190
-9031.04	-3049
-9009.37	-2601
-8987.74	-2479
-8966.16	-2147
-8944.63	-2054
-8923.14	-1846
-8901.69	-2023
-8880.29	-2118
-8858.93	-2387
-8837.61	-2580
-8816.34	-2576
-8795.11	-2765
-8773.92	-2252
-8752.78	-1995
-8731.68	-1957
-8710.62	-1987
-8689.61	-2212
-8668.63	-2359
-8647.7	-2471
-8626.82	-2581
-8605.97	-2378
-8585.17	-2114
-8564.41	-2019
-8543.69	-1844
-8523.01	-1780
-8502.37	-1943
-8481.78	-2135
-8461.23	-2250
-8440.71	-2228
-8420.24	-2359
-8399.81	-2351
-8379.42	-2406
-8359.08	-2217
-8338.77	-2014
-8318.5	-1941
-8298.27	-1784
-8278.09	-1907
-8257.94	-1999
-8237.83	-2219
-8217.76	-2162
-8197.74	-2232
-8177.75	-2022
-8157.8	-1945
-8137.89	-1741
-8118.02	-1563
-8098.19	-1676
-8078.4	-1760
-8058.65	-1728
-8038.93	-1724
-8019.26	-1809
-7999.62	-1627
-7980.02	-1391
-7960.46	-1411
-7940.94	-1379
-7921.46	-1378
-7902.01	-1376
-7882.6	-1336
-7863.23	-1397
-7843.9	-1563
-7824.61	-1471
-7805.35	-1715
-7786.13	-1682
-7766.95	-1555
-7747.8	-1499
-7728.69	-1470
-7709.62	-1371
-7690.59	-1389
-7671.59	-1637
-7652.63	-1653
-7633.7	-1670
-7614.81	-1544
-7595.96	-1511
-7577.15	-1267
-7558.37	-1279
-7539.62	-1369
-7520.91	-1457
-7502.24	-1535
-7483.6	-1562
-7465	-1353
-7446.44	-1254
-7427.91	-1096
-7409.41	-926
-7390.95	-966
-7372.53	-881
-7354.14	-1023
-7335.78	-942
-7317.46	-987
-7299.18	-1099
-7280.92	-1296
-7262.71	-1332
-7244.52	-1337
-7226.38	-1388
-7208.26	-1304
-7190.18	-1283
-7172.14	-1251
-7154.12	-1353
-7136.15	-1272
-7118.2	-1379
-7100.29	-1485
-7082.41	-1449
-7064.57	-1498
-7046.76	-1363
-7028.98	-1185
-7011.24	-917
-6993.53	-720
-6975.85	-804
-6958.2	-615
-6940.59	-692
-6923.01	-777
-6905.46	-830
-6887.94	-984
-6870.46	-3936
-6853.01	-1257
-6835.59	-1244
-6818.21	-1143
-6800.85	-1046
-6783.53	-710
-6766.24	-710
-6748.98	-653
-6731.76	-688
-6714.56	-551
-6697.4	-599
-6680.26	-488
-6663.16	-777
-6646.09	-715
-6629.05	-1062
-6612.05	-1075
-6595.07	-984
-6578.13	-907
-6561.21	-817
-6544.33	-584
-6527.47	-555
-6510.65	-454
-6493.86	-374
-6477.1	-437
-6460.36	-456
-6443.66	-466
-6426.99	-407
-6410.35	-401
-6393.74	-579
-6377.16	-577
-6360.61	-770
-6344.09	-731
-6327.59	-744
-6311.13	-697
-6294.7	-705
-6278.29	-792
-6261.92	-927
-6245.58	-914
-6229.26	-994
-6212.97	-763
-6196.72	-720
-6180.49	-501
-6164.29	-273
-6148.12	-368
-6131.98	-170
-6115.86	-217
-6099.78	-176
-6083.72	-207
-6067.69	-223
-6051.69	-150
-6035.72	-294
-6019.78	-197
-6003.87	-415
-5987.98	-677
-5972.12	-724
-5956.29	-587
-5940.49	-632
-5924.71	-348
-5908.96	-335
-5893.24	-174
-5877.55	-245
-5861.89	-244
-5846.25	-317
-5830.64	-288
-5815.05	-189
-5799.5	-263
-5783.97	-278
-5768.47	-388
-5752.99	-588
-5737.55	-509
-5722.12	-647
-5706.73	-623
-5691.36	-573
-5676.02	-294
-5660.71	-213
-5645.42	-342
-5630.16	-52
-5614.92	-409
-5599.71	-469
-5584.53	-572
-5569.37	-414
-5554.24	-474
-5539.14	-323
-5524.06	-455
-5509.01	-446
-5493.98	-276
-5478.98	-432
-5464	-510
-5449.05	-503
-5434.13	-257
-5419.23	-241
-5404.36	-322
-5389.51	-438
-5374.69	-539
-5359.89	-530
-5345.12	-894
-5330.37	-461
-5315.65	-487
-5300.95	-386
-5286.28	-336
-5271.63	-263
-5257.01	-425
-5242.41	-379
-5227.84	-304
-5213.29	-44
-5198.76	-122
-5184.26	-91
-5169.79	-241
-5155.33	-244
-5140.91	-539
-5126.51	-506
-5112.13	-420
-5097.77	-438
-5083.44	-64
-5069.13	-154
-5054.85	-164
-5040.59	-288
-5026.36	-374
-5012.15	-300
-4997.96	-375
-4983.8	-224
-4969.66	-168
-4955.54	-211
-4941.44	-180
-4927.37	-308
-4913.33	-569
-4899.3	-618
-4885.3	-471
-4871.33	-421
-4857.37	-245
-4843.44	-236
-4829.53	-209
-4815.65	-163
-4801.79	-342
-4787.95	-287
-4774.13	-361
-4760.34	-144
-4746.56	-51
-4732.82	-49
-4719.09	-361
-4705.38	-479
-4691.7	-574
-4678.04	-597
-4664.41	-460
-4650.79	-71
-4637.2	-12
-4623.63	-210
-4610.08	-83
-4596.56	-360
-4583.05	-401
-4569.57	-248
-4556.11	-159
-4542.67	-167
-4529.25	-159
-4515.86	-243
-4502.49	-441
-4489.13	-566
-4475.8	-444
-4462.49	-265
-4449.21	-76
-4435.94	-106
-4422.7	-203
-4409.47	-239
-4396.27	-261
-4383.09	-116
-4369.93	-38
-4356.79	37
-4343.67	2
-4330.58	-100
-4317.5	-232
-4304.45	-167
-4291.41	-215
-4278.4	94
-4265.41	-1
-4252.44	-123
-4239.49	-202
-4226.55	-220
-4213.65	-30
-4200.76	-73
-4187.89	51
-4175.04	-14
-4162.21	-20
-4149.4	-69
-4136.61	148
-4123.85	41
-4111.1	91
-4098.37	91
-4085.66	21
-4072.98	67
-4060.31	188
-4047.66	194
-4035.04	45
-4022.43	48
-4009.84	149
-3997.27	34
-3984.72	36
-3972.19	170
-3959.69	74
-3947.2	33
-3934.73	42
-3922.27	52
-3909.84	60
-3897.43	172
-3885.04	141
-3872.67	130
-3860.31	128
-3847.98	57
-3835.66	174
-3823.36	129
-3811.09	151
-3798.83	-12
-3786.59	-7
-3774.37	247
-3762.17	190
-3749.98	74
-3737.82	115
-3725.67	147
-3713.55	108
-3701.44	165
-3689.35	135
-3677.28	208
-3665.22	49
-3653.19	68
-3641.17	62
-3629.18	2
-3617.2	115
-3605.24	117
-3593.3	232
-3581.37	77
-3569.47	238
-3557.58	117
-3545.71	190
-3533.86	39
-3522.02	181
-3510.21	80
-3498.41	3
-3486.63	78
-3474.87	191
-3463.12	142
-3451.4	88
-3439.69	132
-3428	145
-3416.33	52
-3404.67	161
-3393.03	65
-3381.41	125
-3369.81	94
-3358.22	118
-3346.66	156
-3335.1	49
-3323.57	50
-3312.06	118
-3300.56	174
-3289.08	147
-3277.61	150
-3266.16	231
-3254.73	229
-3243.32	178
-3231.92	-96
-3220.55	94
-3209.18	157
-3197.84	230
-3186.51	70
-3175.2	186
-3163.9	65
-3152.63	259
-3141.36	137
-3130.12	208
-3118.89	124
-3107.68	6
-3096.49	207
-3085.31	141
-3074.15	47
-3063	130
-3051.87	96
-3040.76	58
-3029.67	100
-3018.59	44
-3007.52	56
-2996.48	225
-2985.44	163
-2974.43	131
-2963.43	62
-2952.45	112
-2941.48	155
-2930.53	193
-2919.6	176
-2908.68	24
-2897.78	136
-2886.89	142
-2876.02	190
-2865.17	121
-2854.33	-7
-2843.5	101
-2832.7	150
-2821.9	218
-2811.13	211
-2800.37	133
-2789.62	197
-2778.89	182
-2768.18	68
-2757.48	131
-2746.8	135
-2736.13	49
-2725.48	301
-2714.84	210
-2704.22	25
-2693.61	141
-2683.02	91
-2672.45	109
-2661.89	138
-2651.34	95
-2640.81	81
-2630.3	66
-2619.8	71
-2609.31	46
-2598.84	178
-2588.39	144
-2577.95	118
-2567.52	91
-2557.11	59
-2546.71	56
-2536.33	114
-2525.97	209
-2515.62	118
-2505.28	219
-2494.96	91
-2484.65	149
-2474.36	238
-2464.08	142
-2453.82	101
-2443.57	165
-2433.33	63
-2423.11	80
-2412.91	110
-2402.72	140
-2392.54	98
-2382.38	90
-2372.23	164
-2362.09	-1416
-2351.97	105
-2341.87	109
-2331.78	84
-2321.7	113
-2311.64	126
-2301.59	5
-2291.55	240
-2281.53	191
-2271.53	161
-2261.53	181
-2251.55	185
-2241.59	189
-2231.64	137
-2221.7	144
-2211.78	194
-2201.87	150
-2191.97	122
-2182.09	38
-2172.22	17
-2162.37	166
-2152.53	164
-2142.7	12
-2132.89	181
-2123.09	262
-2113.3	213
-2103.53	102
-2093.77	87
-2084.02	69
-2074.29	32
-2064.57	254
-2054.86	121
-2045.17	273
-2035.49	61
-2025.82	203
-2016.17	76
-2006.53	106
-1996.91	128
-1987.29	171
-1977.69	153
-1968.11	16
-1958.53	150
-1948.97	79
-1939.42	73
-1929.89	39
-1920.37	129
-1910.86	111
-1901.36	105
-1891.88	183
-1882.41	225
-1872.95	145
-1863.51	147
-1854.08	286
-1844.66	168
-1835.26	195
-1825.86	91
-1816.48	94
-1807.11	194
-1797.76	136
-1788.42	144
-1779.09	237
-1769.77	257
-1760.47	160
-1751.17	166
-1741.89	164
-1732.63	61
-1723.37	237
-1714.13	132
-1704.9	257
-1695.68	3
-1686.48	126
-1677.29	25
-1668.11	73
-1658.94	103
-1649.78	187
-1640.64	205
-1631.51	118
-1622.39	113
-1613.28	89
-1604.19	114
-1595.1	52
-1586.03	191
-1576.97	217
-1567.93	53
-1558.89	126
-1549.87	73
-1540.86	115
-1531.86	54
-1522.87	90
-1513.9	104
-1504.93	174
-1495.98	163
-1487.04	101
-1478.12	97
-1469.2	94
-1460.3	116
-1451.4	176
-1442.52	121
-1433.65	117
-1424.8	129
-1415.95	73
-1407.12	61
-1398.3	121
-1389.48	-3
-1380.69	172
-1371.9	114
-1363.12	131
-1354.36	81
-1345.6	131
-1336.86	189
-1328.13	144
-1319.41	51
-1310.7	113
-1302.01	206
-1293.32	124
-1284.65	128
-1275.99	173
-1267.33	201
-1258.69	164
-1250.06	79
-1241.45	123
-1232.84	251
-1224.25	141
-1215.66	111
-1207.09	107
-1198.53	229
-1189.97	191
-1181.43	60
-1172.91	208
-1164.39	103
-1155.88	66
-1147.38	149
-1138.9	168
-1130.43	236
-1121.96	137
-1113.51	227
-1105.07	187
-1096.64	182
-1088.22	211
-1079.81	266
-1071.41	-29
-1063.02	163
-1054.65	229
-1046.28	226
-1037.92	10
-1029.58	175
-1021.24	161
-1012.92	153
-1004.61	102
-996.3	318
-988.01	-29
-979.73	227
-971.46	166
-963.2	215
-954.95	142
-946.71	148
-938.48	91
-930.26	41
-922.06	173
-913.86	247
-905.67	256
-897.49	104
-889.33	188
-881.17	182
-873.02	95
-864.89	173
-856.76	40
-848.65	174
-840.54	136
-832.45	99
-824.36	162
-816.29	129
-808.22	215
-800.17	144
-792.12	104
-784.09	98
-776.06	50
-768.05	248
-760.04	90
-752.05	126
-744.07	122
-736.09	88
-728.13	143
-720.17	99
-712.23	16
-704.29	143
-696.37	293
-688.45	176
-680.55	60
-672.65	133
-664.77	128
-656.89	183
-649.03	124
-641.17	68
-633.32	89
-625.49	109
-617.66	157
-609.84	164
-602.03	139
-594.23	102
-586.45	136
-578.67	55
-570.9	74
-563.14	121
-555.39	70
-547.65	142
-539.91	134
-532.19	138
-524.48	114
-516.78	113
-509.08	149
-501.4	128
-493.72	52
-486.06	185
-478.4	313
-470.76	57
-463.12	176
-455.49	115
-447.87	101
-440.26	132
-432.66	121
-425.07	50
-417.49	258
-409.92	111
-402.35	122
-394.8	178
-387.25	118
-379.72	54
-372.19	116
-364.67	96
-357.17	186
-349.67	211
-342.18	165
-334.69	202
-327.22	198
-319.76	136
-312.3	128
-304.86	232
-297.42	145
-290	221
-282.58	108
-275.17	126
-267.77	249
-260.37	106
-252.99	174
-245.62	41
-238.25	366
-230.9	69
-223.55	226
-216.21	162
-208.88	258
-201.56	333
-194.25	363
-186.94	350
-179.65	326
-172.36	319
-165.08	335
-157.81	455
-150.55	292
-143.3	364
-136.06	427
-128.82	470
-121.6	428
-114.38	663
-107.17	598
-99.97	789
-92.78	744
-85.6	929
-78.42	1090
-71.25	1116
-64.1	1294
-56.95	1390
-49.81	1800
-42.67	2129
-35.55	2610
-28.43	3365
-21.33	5384
-14.23	17753
-7.14	54962
-0.05	54569
7.02	54299
14.09	54597
21.14	16789
28.19	6988
35.23	4479
42.27	3358
49.29	2808
56.31	2464
63.32	1926
70.32	1609
77.31	1284
84.29	1368
91.27	1102
98.23	853
105.19	860
112.14	1062
119.09	1495
126.02	2319
132.95	2661
139.87	2727
146.78	2867
153.68	2620
160.58	2762
167.46	2546
174.34	2638
181.21	2619
188.08	2629
194.93	2620
201.78	2577
208.62	2546
215.45	2623
222.27	2430
229.09	2542
235.9	2417
242.7	2502
249.49	2517
256.27	2239
263.05	2485
269.82	2405
276.58	2272
283.33	2409
290.08	2334
296.82	2295
303.55	2207
310.27	2256
316.98	2340
323.69	2321
330.39	2199
337.08	2245
343.76	2324
350.44	2093
357.11	2136
363.77	2091
370.42	2116
377.07	2100
383.71	2146
390.34	2079
396.96	2123
403.58	2007
410.19	2034
416.79	2231
423.38	2018
429.97	2085
436.55	1975
443.12	2003
449.68	1786
456.24	1935
462.79	1977
469.33	1832
475.86	1818
482.39	1980
488.91	1898
495.42	1904
501.93	1839
508.42	1740
514.91	1836
521.4	1772
527.87	1690
534.34	1807
540.8	1694
547.25	1844
553.7	1721
560.14	1741
566.57	1782
573	1837
579.41	1692
585.83	1770
592.23	1606
598.62	1738
605.01	1612
611.4	1644
617.77	1541
624.14	1595
630.5	1650
636.85	1758
643.2	1612
649.54	1559
655.87	1651
662.2	1605
668.52	1563
674.83	1512
681.13	1436
687.43	1571
693.72	1553
700	1525
706.28	1488
712.55	1502
718.81	1620
725.07	1561
731.32	1523
737.56	1445
743.79	1499
750.02	1538
756.24	1617
762.46	1506
768.67	1620
774.87	1564
781.06	1465
787.25	1533
793.43	1460
799.6	1517
805.77	1500
811.93	1482
818.08	1409
824.23	1502
830.37	1517
836.5	1397
842.63	1338
848.75	1466
854.87	1538
860.97	1527
867.07	1466
873.17	1676
879.25	1525
885.33	1472
891.41	1481
897.47	1412
903.53	1478
909.59	1418
915.63	1314
921.67	1466
927.71	1355
933.74	1325
939.76	1273
945.77	1321
951.78	1358
957.78	1381
963.78	1273
969.77	1350
975.75	1268
981.72	1472
987.69	1624
993.66	1397
999.61	1289
1005.56	1244
1011.51	1346
1017.44	1291
1023.37	1391
1029.3	1294
1035.22	1426
1041.13	1240
1047.03	1409
1052.93	1429
1058.83	1782
1064.71	1808
1070.59	1738
1076.47	1456
1082.33	1360
1088.2	1478
1094.05	1396
1099.9	1346
1105.74	1242
1111.58	1238
1117.41	1379
1123.23	1664
1129.05	1756
1134.86	1633
1140.67	1453
1146.47	1160
1152.26	1159
1158.05	1157
1163.83	1415
1169.6	1197
1175.37	1221
1181.13	1147
1186.89	1246
1192.64	1272
1198.38	1070
1204.12	1380
1209.85	1118
1215.58	1210
1221.3	1148
1227.02	1162
1232.72	1218
1238.43	1087
1244.12	1191
1249.81	1177
1255.5	1178
1261.17	1267
1266.85	1206
1272.51	1261
1278.17	1344
1283.83	1491
1289.47	1644
1295.12	2066
1300.75	1886
1306.38	1683
1312.01	1550
1317.63	1397
1323.24	1367
1328.85	1484
1334.45	1314
1340.04	1290
1345.63	1332
1351.22	1324
1356.8	1266
1362.37	1356
1367.93	1389
1373.49	1416
1379.05	1343
1384.6	1389
1390.14	1414
1395.68	1342
1401.21	1379
1406.74	1468
1412.26	1368
1417.77	1581
1423.28	1824
1428.78	1747
1434.28	1987
1439.77	2098
1445.26	2216
1450.74	2117
1456.22	1857
1461.68	1936
1467.15	1822
1472.61	1569
1478.06	1488
1483.51	1410
1488.95	1153
1494.38	1348
1499.81	1306
1505.24	1188
1510.65	1169
1516.07	1221
1521.48	1071
1526.88	1027
1532.27	1186
1537.67	1181
1543.05	1155
1548.43	1154
1553.81	1061
1559.18	1118
1564.54	1149
1569.9	1054
1575.25	1004
1580.6	1139
1585.94	1087
1591.28	1150
1596.61	964
1601.93	996
1607.25	1088
1612.57	966
1617.88	1072
1623.18	1057
1628.48	988
1633.77	950
1639.06	1003
1644.34	905
1649.62	958
1654.89	1086
1660.16	977
1665.42	967
1670.67	922
1675.92	927
1681.17	858
1686.41	842
1691.64	876
1696.87	951
1702.1	901
1707.32	934
1712.53	882
1717.74	747
1722.94	865
1728.14	868
1733.33	967
1738.52	889
1743.7	790
1748.88	887
1754.05	871
1759.22	911
1764.38	2187
1769.53	722
1774.69	802
1779.83	822
1784.97	798
1790.11	838
1795.24	893
1800.36	822
1805.48	888
1810.6	701
1815.71	755
1820.82	822
1825.92	855
1831.01	678
1836.1	711
1841.19	748
1846.26	791
1851.34	709
1856.41	836
1861.47	735
1866.53	667
1871.59	823
1876.64	642
1881.68	664
1886.72	700
1891.76	682
1896.79	774
1901.81	769
1906.83	645
1911.85	750
1916.86	619
1921.86	601
1926.86	757
1931.86	691
1936.85	587
1941.83	681
1946.81	652
1951.79	671
1956.76	541
1961.72	607
1966.68	607
1971.64	679
1976.59	540
1981.54	638
1986.48	439
1991.42	598
1996.35	513
2001.27	557
2006.2	535
2011.11	619
2016.03	521
2020.93	521
2025.84	571
2030.73	682
2035.63	564
2040.52	581
2045.4	522
2050.28	542
2055.15	495
2060.02	544
2064.89	627
2069.75	491
2074.6	597
2079.46	496
2084.3	613
2089.14	560
2093.98	517
2098.81	547
2103.64	452
2108.46	398
2113.28	495
2118.09	584
2122.9	538
2127.7	436
2132.5	535
2137.3	458
2142.09	500
2146.87	472
2151.66	532
2156.43	475
2161.2	406
2165.97	471
2170.73	466
2175.49	370
2180.24	488
2184.99	507
2189.74	466
2194.48	499
2199.21	436
2203.94	573
2208.67	457
2213.39	361
2218.11	461
2222.82	326
2227.53	496
2232.23	404
2236.93	481
2241.63	498
2246.32	425
2251	314
2255.68	450
2260.36	450
2265.03	485
2269.7	512
2274.36	516
2279.02	493
2283.68	383
2288.33	377
2292.97	391
2297.61	452
2302.25	400
2306.88	346
2311.51	369
2316.14	494
2320.75	385
2325.37	428
2329.98	448
2334.59	362
2339.19	397
2343.79	396
2348.38	432
2352.97	446
2357.55	344
2362.13	426
2366.71	328
2371.28	385
2375.85	276
2380.41	269
2384.97	359
2389.52	440
2394.07	396
2398.62	374
2403.16	547
2407.7	314
2412.23	397
2416.76	412
2421.29	326
2425.81	302
2430.32	310
2434.84	331
2439.34	435
2443.85	385
2448.35	276
2452.84	344
2457.33	369
2461.82	362
2466.3	361
2470.78	298
2475.25	389
2479.72	332
2484.19	340
2488.65	281
2493.11	398
2497.56	399
2502.01	343
2506.46	387
2510.9	322
2515.34	382
2519.77	412
2524.2	375
2528.62	303
2533.04	278
2537.46	257
2541.87	329
2546.28	444
2550.68	221
2555.08	299
2559.48	333
2563.87	193
2568.26	241
2572.64	418
2577.02	390
2581.4	318
2585.77	316
2590.14	392
2594.5	352
2598.86	226
2603.22	281
2607.57	364
2611.92	283
2616.26	295
2620.6	311
2624.94	395
2629.27	302
2633.6	275
2637.92	412
2642.24	264
2646.56	417
2650.87	418
2655.18	354
2659.48	279
2663.78	411
2668.08	413
2672.37	312
2676.66	383
2680.95	314
2685.23	309
2689.5	333
2693.78	331
2698.05	309
2702.31	362
2706.57	465
2710.83	468
2715.08	412
2719.33	425
2723.58	335
2727.82	404
2732.06	317
2736.29	306
2740.53	440
2744.75	389
2748.97	376
2753.19	396
2757.41	380
2761.62	346
2765.83	312
2770.03	343
2774.23	426
2778.43	364
2782.62	357
2786.81	294
2791	324
2795.18	359
2799.35	322
2803.53	460
2807.7	441
2811.86	408
2816.03	449
2820.19	398
2824.34	427
2828.49	428
2832.64	513
2836.78	786
2840.92	1005
2845.06	1190
2849.19	1248
2853.32	1277
2857.45	1289
2861.57	1266
2865.69	1111
2869.8	1206
2873.91	1268
2878.02	1409
2882.12	1390
2886.22	1474
2890.32	1497
2894.41	1388
2898.5	1357
2902.58	1153
2906.67	1232
2910.74	1118
2914.82	1034
2918.89	890
2922.96	973
2927.02	864
2931.08	830
2935.13	770
2939.19	691
2943.24	711
2947.28	655
2951.32	451
2955.36	632
2959.4	459
2963.43	510
2967.46	349
2971.48	467
2975.5	334
2979.52	217
2983.53	457
2987.54	207
2991.55	365
2995.55	322
2999.55	251
3003.54	327
3007.54	221
3011.53	352
3015.51	162
3019.49	150
3023.47	265
3027.45	276
3031.42	322
3035.39	310
3039.35	279
3043.31	260
3047.27	205
3051.22	217
3055.17	246
3059.12	239
3063.06	157
3067	141
3070.94	166
3074.87	262
3078.8	277
3082.73	205
3086.65	47
3090.57	277
3094.49	216
3098.4	222
3102.31	151
3106.22	245
3110.12	140
3114.02	246
3117.92	176
3121.81	198
3125.7	66
3129.58	262
3133.47	194
3137.34	192
3141.22	232
3145.09	233
3148.96	179
3152.83	166
3156.69	248
3160.55	155
3164.4	263
3168.26	101
3172.1	132
3175.95	182
3179.79	273
3183.63	189
3187.47	225
3191.3	95
3195.13	237
3198.95	81
3202.78	177
3206.6	125
3210.41	138
3214.23	133
3218.03	103
3221.84	100
3225.64	278
3229.44	184
3233.24	172
3237.03	179
3240.82	237
3244.61	212
3248.39	202
3252.17	242
3255.95	101
3259.72	187
3263.49	343
3267.26	213
3271.03	88
3274.79	202
3278.54	260
3282.3	196
3286.05	278
3289.8	277
3293.54	191
3297.29	66
3301.02	80
3304.76	145
3308.49	253
3312.22	168
3315.95	21
3319.67	215
3323.39	167
3327.1	93
3330.82	108
3334.53	237
3338.24	127
3341.94	181
3345.64	147
3349.34	306
3353.03	226
3356.72	246
3360.41	215
3364.1	189
3367.78	238
3371.46	236
3375.13	140
3378.81	215
3382.48	239
3386.14	281
3389.81	257
3393.47	102
3397.12	206
3400.78	119
3404.43	133
3408.08	118
3411.72	158
3415.36	185
3419	177
3422.64	133
3426.27	195
3429.9	185
3433.53	213
3437.15	89
3440.77	183
3444.39	170
3448	147
3451.62	146
3455.22	238
3458.83	137
3462.43	177
3466.03	105
3469.63	180
3473.22	164
3476.81	144
3480.4	154
3483.99	173
3487.57	171
3491.15	56
3494.72	111
3498.29	124
3501.86	83
3505.43	169
3508.99	150
3512.56	146
3516.11	109
3519.67	159
3523.22	111
3526.77	135
3530.32	64
3533.86	205
3537.4	138
3540.94	272
3544.47	107
3548	215
3551.53	103
3555.06	172
3558.58	151
3562.1	85
3565.62	74
3569.13	227
3572.64	185
3576.15	176
3579.66	82
3583.16	161
3586.66	22
3590.16	58
3593.65	106
3597.14	143
3600.63	161
3604.11	136
3607.6	173
3611.08	173
3614.55	157
3618.03	39
3621.5	54
3624.97	35
3628.43	132
3631.9	130
3635.36	211
3638.81	167
3642.27	134
3645.72	140
3649.17	239
3652.61	32
3656.06	144
3659.5	60
3662.93	112
3666.37	241
3669.8	156
3673.23	97
3676.65	182
3680.08	55
3683.5	168
3686.92	97
3690.33	79
3693.74	195
3697.15	114
3700.56	10
3703.96	143
3707.36	101
3710.76	71
3714.16	167
3717.55	101
3720.94	166
3724.33	45
3727.71	88
3731.1	80
3734.48	76
3737.85	149
3741.23	100
3744.6	148
3747.97	82
3751.33	212
3754.69	9
3758.05	105
3761.41	48
3764.77	46
3768.12	121
3771.47	-74
3774.82	197
3778.16	-8
3781.5	3
3784.84	0
3788.18	-2
