-37534.58	9
-37414.56	-5
-37295.11	4
-37176.24	4
-37057.95	236
-36940.22	107
-36823.05	241
-36706.45	334
-36590.4	180
-36474.9	91
-36359.95	331
-36245.55	177
-36131.68	274
-36018.35	184
-35905.55	232
-35793.29	277
-35681.54	281
-35570.32	233
-35459.62	155
-35349.43	293
-35239.75	243
-35130.58	220
-35021.91	263
-34913.74	272
-34806.07	210
-34698.89	273
-34592.2	222
-34486	233
-34380.28	236
-34275.04	196
-34170.27	281
-34065.98	179
-33962.16	174
-33858.81	327
-33755.92	259
-33653.49	309
-33551.52	174
-33450.01	114
-33348.94	303
-33248.33	292
-33148.16	204
-33048.43	259
-32949.14	213
-32850.29	254
-32751.87	193
-32653.89	319
-32556.33	255
-32459.2	333
-32362.49	230
-32266.19	199
-32170.32	240
-32074.86	281
-31979.82	239
-31885.18	356
-31790.95	290
-31697.12	170
-31603.69	153
-31510.67	104
-31418.04	258
-31325.8	164
-31233.95	183
-31142.49	346
-31051.42	238
-30960.73	265
-30870.43	328
-30780.5	304
-30690.95	227
-30601.77	300
-30512.97	204
-30424.53	226
-30336.46	261
-30248.76	193
-30161.42	193
-30074.44	329
-29987.81	215
-29901.55	317
-29815.63	259
-29730.07	381
-29644.86	298
-29560	204
-29475.48	211
-29391.3	182
-29307.47	176
-29223.97	286
-29140.81	369
-29057.99	291
-28975.5	259
-28893.34	293
-28811.51	274
-28730	232
-28648.82	329
-28567.97	241
-28487.43	214
-28407.21	256
-28327.32	289
-28247.73	345
-28168.46	316
-28089.5	279
-28010.85	245
-27932.51	133
-27854.48	287
-27776.75	256
-27699.32	177
-27622.19	226
-27545.37	279
-27468.84	209
-27392.6	192
-27316.66	322
-27241.01	183
-27165.66	364
-27090.59	244
-27015.81	225
-26941.31	291
-26867.1	222
-26793.17	246
-26719.52	308
-26646.15	220
-26573.06	264
-26500.24	146
-26427.7	238
-26355.43	275
-26283.43	194
-26211.71	237
-26140.25	218
-26069.06	363
-25998.13	307
-25927.46	277
-25857.06	198
-25786.92	142
-25717.04	191
-25647.42	205
-25578.05	247
-25508.94	315
-25440.09	246
-25371.48	284
-25303.13	293
-25235.02	318
-25167.17	262
-25099.56	264
-25032.19	301
-24965.07	258
-24898.2	240
-24831.56	210
-24765.17	228
-24699.01	317
-24633.1	160
-24567.41	108
-24501.97	199
-24436.75	200
-24371.77	153
-24307.03	199
-24242.51	311
-24178.22	209
-24114.16	314
-24050.32	265
-23986.71	191
-23923.32	183
-23860.16	166
-23797.22	284
-23734.5	256
-23672	334
-23609.71	286
-23547.65	279
-23485.8	294
-23424.16	250
-23362.74	281
-23301.53	188
-23240.54	297
-23179.75	179
-23119.17	228
-23058.8	219
-22998.64	191
-22938.68	334
-22878.93	238
-22819.39	285
-22760.04	259
-22700.9	242
-22641.96	327
-22583.22	231
-22524.68	138
-22466.33	300
-22408.19	224
-22350.23	233
-22292.48	240
-22234.92	230
-22177.55	274
-22120.37	337
-22063.38	178
-22006.58	264
-21949.98	228
-21893.56	161
-21837.33	140
-21781.28	211
-21725.42	128
-21669.74	205
-21614.25	292
-21558.94	141
-21503.81	299
-21448.86	318
-21394.1	240
-21339.51	224
-21285.1	245
-21230.86	310
-21176.81	195
-21122.93	249
-21069.22	274
-21015.69	180
-20962.33	322
-20909.14	190
-20856.13	265
-20803.28	256
-20750.61	180
-20698.1	373
-20645.76	288
-20593.59	230
-20541.59	137
-20489.75	276
-20438.07	244
-20386.56	311
-20335.22	342
-20284.03	169
-20233.01	221
-20182.15	290
-20131.45	278
-20080.91	266
-20030.52	220
-19980.3	296
-19930.23	275
-19880.32	210
-19830.56	178
-19780.96	201
-19731.52	287
-19682.23	288
-19633.09	316
-19584.1	191
-19535.26	208
-19486.58	308
-19438.04	219
-19389.66	279
-19341.42	259
-19293.33	147
-19245.39	206
-19197.6	289
-19149.95	274
-19102.45	192
-19055.09	238
-19007.87	313
-18960.8	269
-18913.87	184
-18867.09	203
-18820.44	260
-18773.94	261
-18727.57	163
-18681.35	221
-18635.26	274
-18589.31	98
-18543.5	177
-18497.83	257
-18452.29	295
-18406.89	271
-18361.63	162
-18316.5	109
-18271.5	304
-18226.63	156
-18181.9	254
-18137.3	256
-18092.84	177
-18048.5	246
-18004.29	227
-17960.22	159
-17916.27	263
-17872.45	330
-17828.76	262
-17785.2	183
-17741.77	122
-17698.46	247
-17655.28	237
-17612.22	127
-17569.29	282
-17526.48	207
-17483.79	216
-17441.23	163
-17398.79	181
-17356.48	378
-17314.28	172
-17272.21	245
-17230.26	293
-17188.42	135
-17146.71	209
-17105.12	238
-17063.64	220
-17022.28	194
-16981.04	359
-16939.92	271
-16898.91	255
-16858.02	149
-16817.25	238
-16776.59	206
-16736.04	157
-16695.61	250
-16655.29	285
-16615.09	238
-16574.99	293
-16535.01	259
-16495.15	208
-16455.39	230
-16415.74	278
-16376.21	215
-16336.78	125
-16297.46	197
-16258.26	318
-16219.16	281
-16180.17	192
-16141.28	235
-16102.51	337
-16063.84	299
-16025.27	194
-15986.82	222
-15948.46	267
-15910.22	226
-15872.07	270
-15834.04	275
-15796.1	278
-15758.27	153
-15720.54	188
-15682.91	190
-15645.39	169
-15607.97	255
-15570.64	137
-15533.42	300
-15496.3	206
-15459.28	139
-15422.36	297
-15385.54	336
-15348.82	171
-15312.19	297
-15275.66	207
-15239.23	205
-15202.9	168
-15166.67	137
-15130.53	223
-15094.48	261
-15058.54	206
-15022.68	198
-14986.93	301
-14951.26	256
-14915.69	283
-14880.22	249
-14844.84	273
-14809.55	222
-14774.35	305
-14739.25	340
-14704.24	111
-14669.32	187
-14634.49	276
-14599.75	278
-14565.1	188
-14530.55	238
-14496.08	178
-14461.7	270
-14427.41	299
-14393.21	161
-14359.1	206
-14325.07	185
-14291.14	265
-14257.29	192
-14223.52	269
-14189.85	263
-14156.26	178
-14122.76	181
-14089.34	252
-14056.01	294
-14022.76	288
-13989.6	212
-13956.52	57
-13923.53	153
-13890.62	181
-13857.79	192
-13825.05	201
-13792.39	176
-13759.81	266
-13727.31	162
-13694.9	252
-13662.57	247
-13630.31	262
-13598.14	212
-13566.05	248
-13534.05	162
-13502.12	205
-13470.27	226
-13438.5	251
-13406.8	129
-13375.19	188
-13343.66	171
-13312.2	244
-13280.83	307
-13249.53	186
-13218.3	65
-13187.16	226
-13156.09	287
-13125.1	281
-13094.18	272
-13063.34	229
-13032.58	276
-13001.89	82
-12971.28	271
-12940.74	193
-12910.27	166
-12879.88	233
-12849.57	167
-12819.33	290
-12789.16	345
-12759.06	188
-12729.04	212
-12699.09	-994
-12669.21	306
-12639.41	155
-12609.68	226
-12580.02	203
-12550.43	230
-12520.91	168
-12491.46	245
-12462.08	203
-12432.77	252
-12403.54	189
-12374.37	287
-12345.27	239
-12316.24	256
-12287.29	276
-12258.4	172
-12229.57	308
-12200.82	190
-12172.14	191
-12143.52	196
-12114.97	222
-12086.49	294
-12058.07	219
-12029.73	259
-12001.44	206
-11973.23	181
-11945.08	163
-11917	298
-11888.98	178
-11861.03	225
-11833.15	317
-11805.32	266
-11777.57	312
-11749.88	292
-11722.25	234
-11694.69	267
-11667.19	166
-11639.75	302
-11612.38	242
-11585.07	291
-11557.83	223
-11530.65	287
-11503.53	227
-11476.47	224
-11449.48	267
-11422.54	414
-11395.67	283
-11368.86	240
-11342.11	209
-11315.43	262
-11288.8	255
-11262.23	221
-11235.73	223
-11209.28	359
-11182.9	230
-11156.57	202
-11130.31	309
-11104.1	262
-11077.96	199
-11051.87	185
-11025.84	324
-10999.87	178
-10973.96	285
-10948.11	233
-10922.31	273
-10896.58	281
-10870.9	307
-10845.28	168
-10819.71	266
-10794.2	257
-10768.75	250
-10743.36	232
-10718.02	156
-10692.74	340
-10667.52	168
-10642.35	236
-10617.24	192
-10592.18	162
-10567.18	251
-10542.23	212
-10517.34	311
-10492.51	167
-10467.72	208
-10443	126
-10418.32	183
-10393.7	219
-10369.14	152
-10344.63	258
-10320.17	233
-10295.77	255
-10271.42	231
-10247.12	289
-10222.88	176
-10198.68	159
-10174.54	189
-10150.46	154
-10126.42	206
-10102.44	174
-10078.51	235
-10054.63	131
-10030.8	231
-10007.03	199
-9983.3	255
-9959.63	158
-9936.01	224
-9912.44	155
-9888.92	139
-9865.44	57
-9842.02	146
-9818.65	150
-9795.33	80
-9772.06	63
-9748.84	164
-9725.67	160
-9702.55	67
-9679.47	38
-9656.45	36
-9633.47	108
-9610.55	-19
-9587.67	115
-9564.84	60
-9542.06	59
-9519.32	-40
-9496.64	-171
-9474	-162
-9451.41	-183
-9428.87	-146
-9406.37	-190
-9383.92	-135
-9361.52	-42
-9339.17	-270
-9316.86	-146
-9294.6	-329
-9272.38	-345
-9250.21	-128
-9228.09	-323
-9206.01	-402
-9183.98	-357
-9162	-196
-9140.06	-169
-9118.16	-269
-9096.31	-227
-9074.51	-211
-9052.75	-406
-9031.04	-249
-9009.37	-318
-8987.74	-239
-8966.16	21
-8944.63	-222
-8923.14	-82
-8901.69	-141
-8880.29	-216
-8858.93	-182
-8837.61	-230
-8816.34	-247
-8795.11	-363
-8773.92	-293
-8752.78	-203
-8731.68	-240
-8710.62	-168
-8689.61	-352
-8668.63	-296
-8647.7	-249
-8626.82	-303
-8605.97	-257
-8585.17	-122
-8564.41	-298
-8543.69	-86
-8523.01	-177
-8502.37	-81
-8481.78	-13
-8461.23	-175
-8440.71	-315
-8420.24	-302
-8399.81	-228
-8379.42	-273
-8359.08	-281
-8338.77	-146
-8318.5	-142
-8298.27	-140
-8278.09	-115
-8257.94	-111
-8237.83	-150
-8217.76	-257
-8197.74	-281
-8177.75	-261
-8157.8	-275
-8137.89	-271
-8118.02	-46
-8098.19	-211
-8078.4	-283
-8058.65	-233
-8038.93	-83
-8019.26	-166
-7999.62	-138
-7980.02	-230
-7960.46	-157
-7940.94	-39
-7921.46	-106
-7902.01	-68
-7882.6	-100
-7863.23	-13
-7843.9	-110
-7824.61	-134
-7805.35	-258
-7786.13	-109
-7766.95	-143
-7747.8	-173
-7728.69	-91
-7709.62	-121
-7690.59	-138
-7671.59	-112
-7652.63	-244
-7633.7	-254
-7614.81	-206
-7595.96	-125
-7577.15	-117
-7558.37	-69
-7539.62	-152
-7520.91	-204
-7502.24	-73
-7483.6	-102
-7465	-125
-7446.44	-42
-7427.91	-99
-7409.41	-50
-7390.95	-53
-7372.53	51
-7354.14	38
-7335.78	-19
-7317.46	-26
-7299.18	77
-7280.92	-90
-7262.71	-227
-7244.52	-102
-7226.38	-123
-7208.26	-121
-7190.18	-16
-7172.14	26
-7154.12	-50
-7136.15	-48
-7118.2	21
-7100.29	-50
-7082.41	-114
-7064.57	-50
-7046.76	-30
-7028.98	-106
-7011.24	-19
-6993.53	-35
-6975.85	59
-6958.2	-41
-6940.59	133
-6923.01	45
-6905.46	96
-6887.94	70
-6870.46	-5
-6853.01	-82
-6835.59	-21
-6818.21	-79
-6800.85	-1
-6783.53	42
-6766.24	54
-6748.98	167
-6731.76	75
-6714.56	59
-6697.4	78
-6680.26	179
-6663.16	201
-6646.09	78
-6629.05	56
-6612.05	-18
-6595.07	-105
-6578.13	59
-6561.21	-13
-6544.33	128
-6527.47	111
-6510.65	167
-6493.86	226
-6477.1	177
-6460.36	233
-6443.66	178
-6426.99	73
-6410.35	154
-6393.74	147
-6377.16	189
-6360.61	131
-6344.09	193
-6327.59	-20
-6311.13	154
-6294.7	202
-6278.29	144
-6261.92	48
-6245.58	76
-6229.26	10
-6212.97	8
-6196.72	24
-6180.49	121
-6164.29	291
-6148.12	270
-6131.98	92
-6115.86	232
-6099.78	208
-6083.72	140
-6067.69	210
-6051.69	101
-6035.72	261
-6019.78	186
-6003.87	57
-5987.98	163
-5972.12	74
-5956.29	144
-5940.49	145
-5924.71	178
-5908.96	219
-5893.24	77
-5877.55	187
-5861.89	260
-5846.25	225
-5830.64	197
-5815.05	162
-5799.5	158
-5783.97	69
-5768.47	151
-5752.99	257
-5737.55	237
-5722.12	59
-5706.73	97
-5691.36	212
-5676.02	26
-5660.71	140
-5645.42	158
-5630.16	253
-5614.92	151
-5599.71	115
-5584.53	218
-5569.37	139
-5554.24	258
-5539.14	98
-5524.06	105
-5509.01	177
-5493.98	139
-5478.98	95
-5464	135
-5449.05	134
-5434.13	284
-5419.23	91
-5404.36	164
-5389.51	159
-5374.69	102
-5359.89	141
-5345.12	96
-5330.37	183
-5315.65	219
-5300.95	242
-5286.28	203
-5271.63	123
-5257.01	234
-5242.41	148
-5227.84	136
-5213.29	234
-5198.76	241
-5184.26	133
-5169.79	143
-5155.33	184
-5140.91	186
-5126.51	179
-5112.13	146
-5097.77	78
-5083.44	107
-5069.13	-4
-5054.85	153
-5040.59	157
-5026.36	132
-5012.15	133
-4997.96	139
-4983.8	234
-4969.66	193
-4955.54	235
-4941.44	223
-4927.37	194
-4913.33	69
-4899.3	12
-4885.3	146
-4871.33	109
-4857.37	204
-4843.44	194
-4829.53	243
-4815.65	167
-4801.79	145
-4787.95	122
-4774.13	157
-4760.34	191
-4746.56	310
-4732.82	160
-4719.09	215
-4705.38	146
-4691.7	198
-4678.04	134
-4664.41	34
-4650.79	139
-4637.2	130
-4623.63	183
-4610.08	182
-4596.56	150
-4583.05	84
-4569.57	75
-4556.11	266
-4542.67	152
-4529.25	152
-4515.86	159
-4502.49	60
-4489.13	96
-4475.8	113
-4462.49	175
-4449.21	295
-4435.94	209
-4422.7	223
-4409.47	189
-4396.27	166
-4383.09	202
-4369.93	186
-4356.79	199
-4343.67	239
-4330.58	224
-4317.5	284
-4304.45	189
-4291.41	164
-4278.4	221
-4265.41	89
-4252.44	237
-4239.49	192
-4226.55	219
-4213.65	253
-4200.76	234
-4187.89	124
-4175.04	258
-4162.21	262
-4149.4	243
-4136.61	383
-4123.85	246
-4111.1	161
-4098.37	200
-4085.66	290
-4072.98	183
-4060.31	261
-4047.66	161
-4035.04	254
-4022.43	194
-4009.84	207
-3997.27	133
-3984.72	285
-3972.19	195
-3959.69	179
-3947.2	164
-3934.73	288
-3922.27	318
-3909.84	256
-3897.43	266
-3885.04	159
-3872.67	254
-3860.31	287
-3847.98	149
-3835.66	172
-3823.36	255
-3811.09	202
-3798.83	201
-3786.59	236
-3774.37	193
-3762.17	207
-3749.98	373
-3737.82	186
-3725.67	257
-3713.55	299
-3701.44	284
-3689.35	330
-3677.28	279
-3665.22	229
-3653.19	283
-3641.17	210
-3629.18	124
-3617.2	251
-3605.24	161
-3593.3	168
-3581.37	238
-3569.47	218
-3557.58	263
-3545.71	284
-3533.86	289
-3522.02	233
-3510.21	221
-3498.41	185
-3486.63	268
-3474.87	279
-3463.12	139
-3451.4	229
-3439.69	270
-3428	328
-3416.33	117
-3404.67	266
-3393.03	266
-3381.41	337
-3369.81	203
-3358.22	188
-3346.66	252
-3335.1	199
-3323.57	281
-3312.06	217
-3300.56	285
-3289.08	243
-3277.61	202
-3266.16	171
-3254.73	186
-3243.32	46
-3231.92	257
-3220.55	266
-3209.18	356
-3197.84	205
-3186.51	134
-3175.2	194
-3163.9	260
-3152.63	311
-3141.36	284
-3130.12	218
-3118.89	334
-3107.68	161
-3096.49	212
-3085.31	234
-3074.15	236
-3063	181
-3051.87	213
-3040.76	151
-3029.67	141
-3018.59	435
-3007.52	124
-2996.48	198
-2985.44	323
-2974.43	240
-2963.43	343
-2952.45	194
-2941.48	125
-2930.53	180
-2919.6	177
-2908.68	248
-2897.78	235
-2886.89	232
-2876.02	249
-2865.17	199
-2854.33	162
-2843.5	219
-2832.7	229
-2821.9	244
-2811.13	227
-2800.37	288
-2789.62	241
-2778.89	222
-2768.18	255
-2757.48	192
-2746.8	293
-2736.13	277
-2725.48	304
-2714.84	160
-2704.22	233
-2693.61	238
-2683.02	282
-2672.45	221
-2661.89	225
-2651.34	288
-2640.81	210
-2630.3	220
-2619.8	151
-2609.31	212
-2598.84	245
-2588.39	289
-2577.95	256
-2567.52	182
-2557.11	236
-2546.71	266
-2536.33	228
-2525.97	248
-2515.62	187
-2505.28	214
-2494.96	119
-2484.65	217
-2474.36	308
-2464.08	258
-2453.82	215
-2443.57	257
-2433.33	158
-2423.11	215
-2412.91	201
-2402.72	277
-2392.54	190
-2382.38	165
-2372.23	104
-2362.09	538
-2351.97	220
-2341.87	200
-2331.78	194
-2321.7	244
-2311.64	302
-2301.59	235
-2291.55	156
-2281.53	293
-2271.53	155
-2261.53	246
-2251.55	260
-2241.59	204
-2231.64	292
-2221.7	247
-2211.78	198
-2201.87	171
-2191.97	133
-2182.09	304
-2172.22	352
-2162.37	265
-2152.53	148
-2142.7	209
-2132.89	272
-2123.09	287
-2113.3	239
-2103.53	198
-2093.77	271
-2084.02	253
-2074.29	333
-2064.57	291
-2054.86	262
-2045.17	263
-2035.49	202
-2025.82	312
-2016.17	248
-2006.53	247
-1996.91	331
-1987.29	213
-1977.69	279
-1968.11	153
-1958.53	149
-1948.97	314
-1939.42	227
-1929.89	252
-1920.37	242
-1910.86	223
-1901.36	211
-1891.88	217
-1882.41	270
-1872.95	200
-1863.51	248
-1854.08	181
-1844.66	208
-1835.26	288
-1825.86	180
-1816.48	317
-1807.11	234
-1797.76	203
-1788.42	221
-1779.09	109
-1769.77	215
-1760.47	245
-1751.17	279
-1741.89	279
-1732.63	238
-1723.37	293
-1714.13	259
-1704.9	235
-1695.68	149
-1686.48	200
-1677.29	333
-1668.11	365
-1658.94	235
-1649.78	255
-1640.64	241
-1631.51	260
-1622.39	161
-1613.28	310
-1604.19	377
-1595.1	260
-1586.03	273
-1576.97	182
-1567.93	230
-1558.89	276
-1549.87	224
-1540.86	217
-1531.86	337
-1522.87	229
-1513.9	302
-1504.93	312
-1495.98	226
-1487.04	303
-1478.12	311
-1469.2	282
-1460.3	199
-1451.4	379
-1442.52	284
-1433.65	251
-1424.8	234
-1415.95	305
-1407.12	268
-1398.3	233
-1389.48	301
-1380.69	238
-1371.9	150
-1363.12	315
-1354.36	335
-1345.6	224
-1336.86	255
-1328.13	416
-1319.41	289
-1310.7	276
-1302.01	240
-1293.32	337
-1284.65	289
-1275.99	322
-1267.33	264
-1258.69	185
-1250.06	198
-1241.45	282
-1232.84	257
-1224.25	288
-1215.66	289
-1207.09	194
-1198.53	315
-1189.97	230
-1181.43	229
-1172.91	251
-1164.39	256
-1155.88	155
-1147.38	318
-1138.9	212
-1130.43	77
-1121.96	270
-1113.51	226
-1105.07	247
-1096.64	336
-1088.22	192
-1079.81	250
-1071.41	271
-1063.02	209
-1054.65	248
-1046.28	181
-1037.92	183
-1029.58	295
-1021.24	237
-1012.92	249
-1004.61	313
-996.3	332
-988.01	191
-979.73	331
-971.46	297
-963.2	235
-954.95	235
-946.71	331
-938.48	313
-930.26	300
-922.06	277
-913.86	257
-905.67	204
-897.49	201
-889.33	244
-881.17	258
-873.02	249
-864.89	262
-856.76	307
-848.65	282
-840.54	309
-832.45	322
-824.36	183
-816.29	181
-808.22	273
-800.17	260
-792.12	292
-784.09	274
-776.06	202
-768.05	260
-760.04	282
-752.05	192
-744.07	231
-736.09	243
-728.13	174
-720.17	177
-712.23	279
-704.29	224
-696.37	323
-688.45	223
-680.55	390
-672.65	356
-664.77	206
-656.89	206
-649.03	299
-641.17	214
-633.32	287
-625.49	325
-617.66	288
-609.84	218
-602.03	155
-594.23	250
-586.45	182
-578.67	276
-570.9	334
-563.14	228
-555.39	151
-547.65	246
-539.91	162
-532.19	144
-524.48	307
-516.78	300
-509.08	276
-501.4	323
-493.72	325
-486.06	287
-478.4	272
-470.76	309
-463.12	271
-455.49	134
-447.87	299
-440.26	203
-432.66	264
-425.07	214
-417.49	368
-409.92	223
-402.35	240
-394.8	238
-387.25	172
-379.72	196
-372.19	319
-364.67	361
-357.17	245
-349.67	276
-342.18	261
-334.69	301
-327.22	238
-319.76	199
-312.3	225
-304.86	274
-297.42	384
-290	313
-282.58	283
-275.17	273
-267.77	356
-260.37	331
-252.99	239
-245.62	395
-238.25	351
-230.9	275
-223.55	347
-216.21	372
-208.88	414
-201.56	430
-194.25	458
-186.94	383
-179.65	435
-172.36	493
-165.08	530
-157.81	619
-150.55	602
-143.3	610
-136.06	668
-128.82	745
-121.6	811
-114.38	758
-107.17	906
-99.97	1008
-92.78	1059
-85.6	1226
-78.42	1299
-71.25	1533
-64.1	1765
-56.95	2162
-49.81	2285
-42.67	2920
-35.55	3517
-28.43	4613
-21.33	7167
-14.23	21221
-7.14	56900
-0.05	56699
7.02	56375
14.09	56687
21.14	24204
28.19	9591
35.23	6134
42.27	4576
49.29	3779
56.31	3270
63.32	2924
70.32	2204
77.31	1937
84.29	1854
91.27	1433
98.23	1415
105.19	1330
112.14	1298
119.09	1745
126.02	2461
132.95	2840
139.87	3047
146.78	2970
153.68	2831
160.58	2767
167.46	2830
174.34	2722
181.21	2708
188.08	2671
194.93	2793
201.78	2584
208.62	2762
215.45	2703
222.27	2637
229.09	2715
235.9	2484
242.7	2559
249.49	2560
256.27	2417
263.05	2561
269.82	2456
276.58	2367
283.33	2388
290.08	2378
296.82	2251
303.55	2285
310.27	2282
316.98	2193
323.69	2246
330.39	2219
337.08	2310
343.76	2141
350.44	2346
357.11	2210
363.77	2212
370.42	2166
377.07	2124
383.71	2122
390.34	2014
396.96	2173
403.58	2174
410.19	2171
416.79	2199
423.38	2136
429.97	2134
436.55	1925
443.12	2006
449.68	1888
456.24	1906
462.79	1897
469.33	1947
475.86	1886
482.39	1832
488.91	1978
495.42	1751
501.93	1800
508.42	1871
514.91	1760
521.4	1748
527.87	1697
534.34	1762
540.8	1850
547.25	1656
553.7	1781
560.14	1753
566.57	1688
573	1716
579.41	1800
585.83	1690
592.23	1718
598.62	1690
605.01	1680
611.4	1707
617.77	1689
624.14	1660
630.5	1634
636.85	1579
643.2	1763
649.54	1656
655.87	1543
662.2	1639
668.52	1616
674.83	1725
681.13	1623
687.43	1539
693.72	1593
700	1673
706.28	1413
712.55	1501
718.81	1583
725.07	1486
731.32	1567
737.56	1539
743.79	1666
750.02	1449
756.24	1530
762.46	1566
768.67	1564
774.87	1560
781.06	1553
787.25	1548
793.43	1534
799.6	1437
805.77	1513
811.93	1541
818.08	1479
824.23	1453
830.37	1598
836.5	1576
842.63	1476
848.75	1654
854.87	1584
860.97	1610
867.07	1541
873.17	1600
879.25	1522
885.33	1448
891.41	1501
897.47	1554
903.53	1467
909.59	1501
915.63	1484
921.67	1528
927.71	1411
933.74	1383
939.76	1276
945.77	1327
951.78	1373
957.78	1387
963.78	1347
969.77	1345
975.75	1363
981.72	1326
987.69	1795
993.66	1388
999.61	1438
1005.56	1326
1011.51	1423
1017.44	1412
1023.37	1429
1029.3	1505
1035.22	1490
1041.13	1420
1047.03	1525
1052.93	1565
1058.83	1928
1064.71	1959
1070.59	1773
1076.47	1655
1082.33	1570
1088.2	1452
1094.05	1353
1099.9	1401
1105.74	1437
1111.58	1262
1117.41	1516
1123.23	1695
1129.05	1885
1134.86	1737
1140.67	1543
1146.47	1425
1152.26	1306
1158.05	1224
1163.83	1324
1169.6	1303
1175.37	1218
1181.13	1317
1186.89	1278
1192.64	1218
1198.38	1328
1204.12	1267
1209.85	1180
1215.58	1230
1221.3	1282
1227.02	1234
1232.72	1230
1238.43	1326
1244.12	1314
1249.81	1248
1255.5	1254
1261.17	1202
1266.85	1415
1272.51	1329
1278.17	1413
1283.83	1484
1289.47	1717
1295.12	2295
1300.75	2118
1306.38	1960
1312.01	1626
1317.63	1630
1323.24	1444
1328.85	1467
1334.45	1374
1340.04	1420
1345.63	1396
1351.22	1436
1356.8	1433
1362.37	1441
1367.93	1420
1373.49	1570
1379.05	1519
1384.6	1464
1390.14	1487
1395.68	1372
1401.21	1442
1406.74	1363
1412.26	1581
1417.77	1657
1423.28	1746
1428.78	1864
1434.28	2188
1439.77	2359
1445.26	2390
1450.74	2385
1456.22	2195
1461.68	2081
1467.15	1956
1472.61	1763
1478.06	1643
1483.51	1437
1488.95	1359
1494.38	1475
1499.81	1318
1505.24	1180
1510.65	1275
1516.07	1224
1521.48	1165
1526.88	1175
1532.27	1135
1537.67	1200
1543.05	1195
1548.43	1085
1553.81	1130
1559.18	1124
1564.54	1166
1569.9	1190
1575.25	1152
1580.6	1054
1585.94	1086
1591.28	1129
1596.61	1058
1601.93	1125
1607.25	1091
1612.57	1164
1617.88	1114
1623.18	1121
1628.48	1035
1633.77	1032
1639.06	1041
1644.34	1055
1649.62	979
1654.89	1064
1660.16	1016
1665.42	1033
1670.67	994
1675.92	983
1681.17	1016
1686.41	911
1691.64	1021
1696.87	1016
1702.1	989
1707.32	901
1712.53	954
1717.74	1007
1722.94	980
1728.14	848
1733.33	952
1738.52	900
1743.7	875
1748.88	936
1754.05	913
1759.22	895
1764.38	-66
1769.53	885
1774.69	882
1779.83	806
1784.97	869
1790.11	805
1795.24	825
1800.36	895
1805.48	810
1810.6	914
1815.71	762
1820.82	859
1825.92	854
1831.01	842
1836.1	816
1841.19	759
1846.26	763
1851.34	824
1856.41	752
1861.47	790
1866.53	989
1871.59	828
1876.64	742
1881.68	777
1886.72	779
1891.76	586
1896.79	752
1901.81	695
1906.83	810
1911.85	740
1916.86	690
1921.86	728
1926.86	701
1931.86	600
1936.85	685
1941.83	778
1946.81	700
1951.79	773
1956.76	776
1961.72	794
1966.68	692
1971.64	690
1976.59	662
1981.54	666
1986.48	746
1991.42	704
1996.35	761
2001.27	645
2006.2	696
2011.11	736
2016.03	591
2020.93	589
2025.84	627
2030.73	615
2035.63	617
2040.52	650
2045.4	640
2050.28	580
2055.15	584
2060.02	711
2064.89	542
2069.75	667
2074.6	694
2079.46	688
2084.3	552
2089.14	689
2093.98	651
2098.81	570
2103.64	552
2108.46	560
2113.28	558
2118.09	629
2122.9	548
2127.7	499
2132.5	598
2137.3	476
2142.09	527
2146.87	406
2151.66	599
2156.43	583
2161.2	568
2165.97	636
2170.73	530
2175.49	618
2180.24	527
2184.99	523
2189.74	609
2194.48	552
2199.21	575
2203.94	471
2208.67	512
2213.39	697
2218.11	538
2222.82	484
2227.53	576
2232.23	588
2236.93	475
2241.63	500
2246.32	468
2251	552
2255.68	549
2260.36	511
2265.03	598
2269.7	478
2274.36	472
2279.02	539
2283.68	460
2288.33	536
2292.97	536
2297.61	444
2302.25	493
2306.88	466
2311.51	455
2316.14	468
2320.75	488
2325.37	506
2329.98	486
2334.59	570
2339.19	489
2343.79	463
2348.38	473
2352.97	442
2357.55	491
2362.13	603
2366.71	469
2371.28	524
2375.85	404
2380.41	516
2384.97	497
2389.52	462
2394.07	474
2398.62	503
2403.16	469
2407.7	445
2412.23	441
2416.76	512
2421.29	498
2425.81	494
2430.32	523
2434.84	403
2439.34	548
2443.85	391
2448.35	451
2452.84	439
2457.33	489
2461.82	385
2466.3	421
2470.78	491
2475.25	466
2479.72	519
2484.19	423
2488.65	436
2493.11	433
2497.56	566
2502.01	384
2506.46	393
2510.9	464
2515.34	457
2519.77	464
2524.2	369
2528.62	548
2533.04	404
2537.46	443
2541.87	354
2546.28	493
2550.68	420
2555.08	389
2559.48	590
2563.87	370
2568.26	425
2572.64	538
2577.02	479
2581.4	427
2585.77	466
2590.14	430
2594.5	471
2598.86	430
2603.22	433
2607.57	499
2611.92	447
2616.26	387
2620.6	494
2624.94	515
2629.27	477
2633.6	514
2637.92	384
2642.24	410
2646.56	413
2650.87	409
2655.18	447
2659.48	386
2663.78	545
2668.08	506
2672.37	549
2676.66	466
2680.95	421
2685.23	457
2689.5	434
2693.78	434
2698.05	440
2702.31	454
2706.57	586
2710.83	558
2715.08	496
2719.33	447
2723.58	555
2727.82	603
2732.06	633
2736.29	447
2740.53	552
2744.75	487
2748.97	524
2753.19	432
2757.41	539
2761.62	568
2765.83	552
2770.03	466
2774.23	391
2778.43	406
2782.62	608
2786.81	618
2791	530
2795.18	551
2799.35	484
2803.53	475
2807.7	596
2811.86	496
2816.03	669
2820.19	735
2824.34	825
2828.49	796
2832.64	869
2836.78	1042
2840.92	1115
2845.06	1365
2849.19	1603
2853.32	1736
2857.45	1793
2861.57	1747
2865.69	1720
2869.8	1594
2873.91	1628
2878.02	1737
2882.12	1820
2886.22	1856
2890.32	1810
2894.41	1613
2898.5	1561
2902.58	1506
2906.67	1455
2910.74	1352
2914.82	1205
2918.89	1198
2922.96	1134
2927.02	1070
2931.08	1035
2935.13	932
2939.19	983
2943.24	877
2947.28	746
2951.32	684
2955.36	699
2959.4	667
2963.43	609
2967.46	493
2971.48	534
2975.5	553
2979.52	551
2983.53	502
2987.54	511
2991.55	552
2995.55	480
2999.55	344
3003.54	432
3007.54	401
3011.53	450
3015.51	264
3019.49	381
3023.47	417
3027.45	304
3031.42	363
3035.39	368
3039.35	321
3043.31	356
3047.27	342
3051.22	312
3055.17	353
3059.12	307
3063.06	361
3067	430
3070.94	304
3074.87	314
3078.8	260
3082.73	230
3086.65	428
3090.57	304
3094.49	397
3098.4	286
3102.31	358
3106.22	364
3110.12	361
3114.02	363
3117.92	273
3121.81	313
3125.7	323
3129.58	129
3133.47	406
3137.34	287
3141.22	229
3145.09	316
3148.96	233
3152.83	231
3156.69	281
3160.55	342
3164.4	297
3168.26	259
3172.1	326
3175.95	294
3179.79	273
3183.63	367
3187.47	229
3191.3	297
3195.13	464
3198.95	274
3202.78	321
3206.6	159
3210.41	346
3214.23	296
3218.03	333
3221.84	271
3225.64	296
3229.44	194
3233.24	305
3237.03	336
3240.82	292
3244.61	230
3248.39	268
3252.17	231
3255.95	394
3259.72	296
3263.49	384
3267.26	320
3271.03	289
3274.79	309
3278.54	257
3282.3	272
3286.05	325
3289.8	476
3293.54	304
3297.29	327
3301.02	371
3304.76	270
3308.49	310
3312.22	323
3315.95	295
3319.67	314
3323.39	298
3327.1	307
3330.82	330
3334.53	253
3338.24	295
3341.94	191
3345.64	287
3349.34	237
3353.03	357
3356.72	345
3360.41	256
3364.1	300
3367.78	297
3371.46	223
3375.13	231
3378.81	434
3382.48	297
3386.14	443
3389.81	270
3393.47	331
3397.12	355
3400.78	427
3404.43	161
3408.08	331
3411.72	252
3415.36	237
3419	306
3422.64	293
3426.27	208
3429.9	237
3433.53	372
3437.15	295
3440.77	211
3444.39	248
3448	305
3451.62	359
3455.22	218
3458.83	154
3462.43	310
3466.03	267
3469.63	312
3473.22	309
3476.81	380
3480.4	290
3483.99	206
3487.57	382
3491.15	199
3494.72	325
3498.29	302
3501.86	282
3505.43	234
3508.99	227
3512.56	127
3516.11	318
3519.67	281
3523.22	321
3526.77	237
3530.32	265
3533.86	209
3537.4	258
3540.94	241
3544.47	237
3548	279
3551.53	243
3555.06	243
3558.58	364
3562.1	338
3565.62	258
3569.13	309
3572.64	221
3576.15	247
3579.66	218
3583.16	176
3586.66	216
3590.16	240
3593.65	219
3597.14	222
3600.63	252
3604.11	281
3607.6	185
3611.08	328
3614.55	207
3618.03	249
3621.5	192
3624.97	237
3628.43	333
3631.9	329
3635.36	208
3638.81	215
3642.27	215
3645.72	217
3649.17	196
3652.61	212
3656.06	208
3659.5	249
3662.93	197
3666.37	148
3669.8	235
3673.23	194
3676.65	341
3680.08	242
3683.5	206
3686.92	235
3690.33	150
3693.74	240
3697.15	246
3700.56	218
3703.96	224
3707.36	127
3710.76	168
3714.16	239
3717.55	251
3720.94	209
3724.33	133
3727.71	141
3731.1	300
3734.48	126
3737.85	185
3741.23	132
3744.6	142
3747.97	269
3751.33	287
3754.69	224
3758.05	229
3761.41	227
3764.77	184
3768.12	151
3771.47	184
3774.82	308
3778.16	-2
3781.5	-1
3784.84	-2
3788.18	2
