-37534.58	-8
-37414.56	-1
-37295.11	2
-37176.24	2
-37057.95	-66
-36940.22	29
-36823.05	-18
-36706.45	-6
-36590.4	117
-36474.9	-30
-36359.95	-49
-36245.55	37
-36131.68	-39
-36018.35	43
-35905.55	-43
-35793.29	87
-35681.54	74
-35570.32	15
-35459.62	-108
-35349.43	15
-35239.75	-20
-35130.58	22
-35021.91	-38
-34913.74	36
-34806.07	-57
-34698.89	-58
-34592.2	-63
-34486	-34
-34380.28	32
-34275.04	-21
-34170.27	-27
-34065.98	9
-33962.16	19
-33858.81	-6
-33755.92	97
-33653.49	20
-33551.52	117
-33450.01	68
-33348.94	-30
-33248.33	10
-33148.16	122
-33048.43	58
-32949.14	58
-32850.29	9
-32751.87	-81
-32653.89	-53
-32556.33	-107
-32459.2	73
-32362.49	-36
-32266.19	-10
-32170.32	32
-32074.86	7
-31979.82	-36
-31885.18	46
-31790.95	-124
-31697.12	-54
-31603.69	49
-31510.67	39
-31418.04	-29
-31325.8	-84
-31233.95	-23
-31142.49	-14
-31051.42	-23
-30960.73	210
-30870.43	-160
-30780.5	15
-30690.95	9
-30601.77	18
-30512.97	-68
-30424.53	39
-30336.46	109
-30248.76	49
-30161.42	51
-30074.44	31
-29987.81	-46
-29901.55	-32
-29815.63	22
-29730.07	49
-29644.86	-58
-29560	88
-29475.48	80
-29391.3	2
-29307.47	-26
-29223.97	41
-29140.81	-100
-29057.99	26
-28975.5	104
-28893.34	-2
-28811.51	7
-28730	20
-28648.82	-7
-28567.97	-80
-28487.43	-97
-28407.21	-35
-28327.32	-11
-28247.73	75
-28168.46	-53
-28089.5	24
-28010.85	-62
-27932.51	-41
-27854.48	12
-27776.75	-37
-27699.32	-103
-27622.19	35
-27545.37	52
-27468.84	42
-27392.6	-28
-27316.66	-18
-27241.01	68
-27165.66	-43
-27090.59	110
-27015.81	-48
-26941.31	-89
-26867.1	36
-26793.17	17
-26719.52	-39
-26646.15	-60
-26573.06	46
-26500.24	-44
-26427.7	-110
-26355.43	26
-26283.43	-144
-26211.71	116
-26140.25	22
-26069.06	-111
-25998.13	-39
-25927.46	-38
-25857.06	-52
-25786.92	69
-25717.04	73
-25647.42	-24
-25578.05	60
-25508.94	52
-25440.09	-6
-25371.48	-82
-25303.13	-9
-25235.02	-85
-25167.17	85
-25099.56	41
-25032.19	-94
-24965.07	-105
-24898.2	28
-24831.56	-20
-24765.17	81
-24699.01	-14
-24633.1	-28
-24567.41	-35
-24501.97	31
-24436.75	44
-24371.77	22
-24307.03	-2
-24242.51	-22
-24178.22	0
-24114.16	98
-24050.32	-39
-23986.71	-35
-23923.32	69
-23860.16	-78
-23797.22	-55
-23734.5	-32
-23672	8
-23609.71	-12
-23547.65	-19
-23485.8	36
-23424.16	-40
-23362.74	-48
-23301.53	-62
-23240.54	89
-23179.75	-148
-23119.17	44
-23058.8	-8
-22998.64	-18
-22938.68	-153
-22878.93	18
-22819.39	87
-22760.04	11
-22700.9	41
-22641.96	21
-22583.22	-29
-22524.68	7
-22466.33	-7
-22408.19	-105
-22350.23	-1
-22292.48	34
-22234.92	-150
-22177.55	34
-22120.37	-30
-22063.38	-154
-22006.58	-6
-21949.98	3
-21893.56	69
-21837.33	68
-21781.28	121
-21725.42	39
-21669.74	13
-21614.25	23
-21558.94	6
-21503.81	-60
-21448.86	-15
-21394.1	-10
-21339.51	22
-21285.1	-33
-21230.86	1
-21176.81	33
-21122.93	27
-21069.22	-60
-21015.69	-5
-20962.33	-38
-20909.14	-29
-20856.13	155
-20803.28	50
-20750.61	-117
-20698.1	29
-20645.76	58
-20593.59	-73
-20541.59	92
-20489.75	10
-20438.07	-62
-20386.56	66
-20335.22	81
-20284.03	69
-20233.01	-96
-20182.15	-24
-20131.45	3
-20080.91	-7
-20030.52	-99
-19980.3	39
-19930.23	5
-19880.32	69
-19830.56	-28
-19780.96	-83
-19731.52	3
-19682.23	37
-19633.09	-11
-19584.1	-97
-19535.26	-31
-19486.58	64
-19438.04	44
-19389.66	4
-19341.42	12
-19293.33	-89
-19245.39	120
-19197.6	-35
-19149.95	-128
-19102.45	-117
-19055.09	65
-19007.87	217
-18960.8	-115
-18913.87	12
-18867.09	69
-18820.44	8
-18773.94	-18
-18727.57	0
-18681.35	63
-18635.26	14
-18589.31	-108
-18543.5	80
-18497.83	30
-18452.29	34
-18406.89	2
-18361.63	122
-18316.5	-15
-18271.5	45
-18226.63	59
-18181.9	-20
-18137.3	68
-18092.84	23
-18048.5	84
-18004.29	13
-17960.22	26
-17916.27	-145
-17872.45	6
-17828.76	19
-17785.2	-4
-17741.77	-15
-17698.46	-38
-17655.28	-131
-17612.22	-48
-17569.29	71
-17526.48	21
-17483.79	9
-17441.23	61
-17398.79	-16
-17356.48	88
-17314.28	-2
-17272.21	11
-17230.26	-31
-17188.42	-74
-17146.71	-119
-17105.12	-18
-17063.64	78
-17022.28	62
-16981.04	6
-16939.92	-24
-16898.91	-14
-16858.02	-4
-16817.25	23
-16776.59	-3
-16736.04	-91
-16695.61	0
-16655.29	-2
-16615.09	-123
-16574.99	1
-16535.01	-95
-16495.15	-82
-16455.39	95
-16415.74	20
-16376.21	-29
-16336.78	11
-16297.46	19
-16258.26	16
-16219.16	17
-16180.17	56
-16141.28	23
-16102.51	23
-16063.84	85
-16025.27	-90
-15986.82	-20
-15948.46	-36
-15910.22	42
-15872.07	-29
-15834.04	-42
-15796.1	-122
-15758.27	-27
-15720.54	1
-15682.91	-96
-15645.39	13
-15607.97	-37
-15570.64	16
-15533.42	-11
-15496.3	68
-15459.28	55
-15422.36	67
-15385.54	-81
-15348.82	100
-15312.19	-47
-15275.66	96
-15239.23	-16
-15202.9	-107
-15166.67	129
-15130.53	-42
-15094.48	12
-15058.54	-22
-15022.68	-138
-14986.93	31
-14951.26	-75
-14915.69	94
-14880.22	131
-14844.84	-53
-14809.55	54
-14774.35	136
-14739.25	-41
-14704.24	67
-14669.32	78
-14634.49	34
-14599.75	-142
-14565.1	-6
-14530.55	21
-14496.08	51
-14461.7	-72
-14427.41	131
-14393.21	-26
-14359.1	68
-14325.07	21
-14291.14	-47
-14257.29	-34
-14223.52	181
-14189.85	-63
-14156.26	-13
-14122.76	14
-14089.34	49
-14056.01	-70
-14022.76	114
-13989.6	41
-13956.52	30
-13923.53	20
-13890.62	66
-13857.79	27
-13825.05	112
-13792.39	-65
-13759.81	13
-13727.31	-74
-13694.9	-4
-13662.57	37
-13630.31	18
-13598.14	34
-13566.05	-9
-13534.05	-50
-13502.12	53
-13470.27	-15
-13438.5	18
-13406.8	70
-13375.19	-19
-13343.66	64
-13312.2	-8
-13280.83	87
-13249.53	59
-13218.3	49
-13187.16	59
-13156.09	45
-13125.1	101
-13094.18	-80
-13063.34	166
-13032.58	-71
-13001.89	-111
-12971.28	20
-12940.74	97
-12910.27	-106
-12879.88	-71
-12849.57	-79
-12819.33	34
-12789.16	-30
-12759.06	12
-12729.04	44
-12699.09	994
-12669.21	-50
-12639.41	-72
-12609.68	-49
-12580.02	5
-12550.43	-92
-12520.91	-8
-12491.46	12
-12462.08	-52
-12432.77	-12
-12403.54	41
-12374.37	75
-12345.27	-4
-12316.24	-18
-12287.29	118
-12258.4	-31
-12229.57	-97
-12200.82	4
-12172.14	-47
-12143.52	-8
-12114.97	106
-12086.49	6
-12058.07	-18
-12029.73	-84
-12001.44	-27
-11973.23	-10
-11945.08	59
-11917	38
-11888.98	41
-11861.03	-47
-11833.15	108
-11805.32	-34
-11777.57	-3
-11749.88	49
-11722.25	0
-11694.69	37
-11667.19	15
-11639.75	117
-11612.38	23
-11585.07	-113
-11557.83	27
-11530.65	25
-11503.53	172
-11476.47	-62
-11449.48	18
-11422.54	32
-11395.67	30
-11368.86	-10
-11342.11	88
-11315.43	81
-11288.8	41
-11262.23	5
-11235.73	22
-11209.28	45
-11182.9	120
-11156.57	-46
-11130.31	-28
-11104.1	17
-11077.96	4
-11051.87	-14
-11025.84	61
-10999.87	-33
-10973.96	36
-10948.11	-15
-10922.31	66
-10896.58	43
-10870.9	99
-10845.28	-158
-10819.71	-14
-10794.2	-9
-10768.75	-128
-10743.36	47
-10718.02	39
-10692.74	50
-10667.52	-1
-10642.35	14
-10617.24	54
-10592.18	-93
-10567.18	39
-10542.23	-21
-10517.34	42
-10492.51	-47
-10467.72	30
-10443	22
-10418.32	59
-10393.7	-21
-10369.14	-70
-10344.63	72
-10320.17	6
-10295.77	97
-10271.42	11
-10247.12	29
-10222.88	31
-10198.68	80
-10174.54	33
-10150.46	42
-10126.42	-18
-10102.44	36
-10078.51	-110
-10054.63	-19
-10030.8	-39
-10007.03	-4
-9983.3	-91
-9959.63	45
-9936.01	101
-9912.44	-51
-9888.92	-90
-9865.44	-24
-9842.02	52
-9818.65	57
-9795.33	42
-9772.06	79
-9748.84	47
-9725.67	28
-9702.55	-117
-9679.47	57
-9656.45	-46
-9633.47	28
-9610.55	-21
-9587.67	-101
-9564.84	-13
-9542.06	-25
-9519.32	-77
-9496.64	67
-9474	75
-9451.41	87
-9428.87	-29
-9406.37	154
-9383.92	5
-9361.52	75
-9339.17	130
-9316.86	175
-9294.6	214
-9272.38	130
-9250.21	67
-9228.09	100
-9206.01	172
-9183.98	40
-9162	90
-9140.06	112
-9118.16	180
-9096.31	109
-9074.51	140
-9052.75	310
-9031.04	-100
-9009.37	43
-8987.74	94
-8966.16	75
-8944.63	179
-8923.14	97
-8901.69	156
-8880.29	223
-8858.93	71
-8837.61	156
-8816.34	29
-8795.11	128
-8773.92	55
-8752.78	16
-8731.68	177
-8710.62	-51
-8689.61	115
-8668.63	100
-8647.7	-25
-8626.82	204
-8605.97	180
-8585.17	27
-8564.41	4
-8543.69	43
-8523.01	88
-8502.37	142
-8481.78	7
-8461.23	126
-8440.71	-3
-8420.24	112
-8399.81	136
-8379.42	-13
-8359.08	159
-8338.77	143
-8318.5	157
-8298.27	95
-8278.09	89
-8257.94	166
-8237.83	-8
-8217.76	24
-8197.74	184
-8177.75	100
-8157.8	95
-8137.89	127
-8118.02	-69
-8098.19	97
-8078.4	81
-8058.65	123
-8038.93	85
-8019.26	30
-7999.62	7
-7980.02	104
-7960.46	-4
-7940.94	28
-7921.46	74
-7902.01	126
-7882.6	131
-7863.23	74
-7843.9	56
-7824.61	151
-7805.35	33
-7786.13	107
-7766.95	152
-7747.8	80
-7728.69	175
-7709.62	46
-7690.59	140
-7671.59	68
-7652.63	48
-7633.7	151
-7614.81	21
-7595.96	90
-7577.15	175
-7558.37	115
-7539.62	209
-7520.91	28
-7502.24	32
-7483.6	44
-7465	12
-7446.44	114
-7427.91	94
-7409.41	-65
-7390.95	43
-7372.53	4
-7354.14	-71
-7335.78	44
-7317.46	11
-7299.18	78
-7280.92	118
-7262.71	162
-7244.52	31
-7226.38	55
-7208.26	-2
-7190.18	56
-7172.14	93
-7154.12	91
-7136.15	28
-7118.2	84
-7100.29	94
-7082.41	-39
-7064.57	15
-7046.76	-37
-7028.98	75
-7011.24	87
-6993.53	235
-6975.85	44
-6958.2	58
-6940.59	1
-6923.01	6
-6905.46	65
-6887.94	87
-6870.46	-2562
-6853.01	114
-6835.59	86
-6818.21	108
-6800.85	64
-6783.53	59
-6766.24	73
-6748.98	33
-6731.76	28
-6714.56	15
-6697.4	24
-6680.26	113
-6663.16	-61
-6646.09	55
-6629.05	134
-6612.05	63
-6595.07	7
-6578.13	-41
-6561.21	-98
-6544.33	-9
-6527.47	40
-6510.65	88
-6493.86	-105
-6477.1	-78
-6460.36	-15
-6443.66	80
-6426.99	-14
-6410.35	50
-6393.74	128
-6377.16	21
-6360.61	-15
-6344.09	27
-6327.59	-50
-6311.13	14
-6294.7	-33
-6278.29	98
-6261.92	9
-6245.58	38
-6229.26	-81
-6212.97	205
-6196.72	6
-6180.49	-26
-6164.29	61
-6148.12	101
-6131.98	195
-6115.86	-37
-6099.78	25
-6083.72	106
-6067.69	-77
-6051.69	89
-6035.72	47
-6019.78	10
-6003.87	-32
-5987.98	59
-5972.12	-13
-5956.29	71
-5940.49	59
-5924.71	-57
-5908.96	3
-5893.24	98
-5877.55	-77
-5861.89	20
-5846.25	-49
-5830.64	-20
-5815.05	83
-5799.5	-82
-5783.97	46
-5768.47	118
-5752.99	-90
-5737.55	52
-5722.12	26
-5706.73	51
-5691.36	12
-5676.02	25
-5660.71	26
-5645.42	-110
-5630.16	-10
-5614.92	75
-5599.71	73
-5584.53	78
-5569.37	-89
-5554.24	0
-5539.14	18
-5524.06	3
-5509.01	69
-5493.98	9
-5478.98	33
-5464	52
-5449.05	45
-5434.13	-17
-5419.23	22
-5404.36	33
-5389.51	80
-5374.69	13
-5359.89	90
-5345.12	71
-5330.37	40
-5315.65	-51
-5300.95	-69
-5286.28	46
-5271.63	97
-5257.01	182
-5242.41	60
-5227.84	-14
-5213.29	100
-5198.76	-88
-5184.26	16
-5169.79	45
-5155.33	-68
-5140.91	128
-5126.51	-79
-5112.13	78
-5097.77	-22
-5083.44	-9
-5069.13	63
-5054.85	-13
-5040.59	1
-5026.36	1
-5012.15	65
-4997.96	176
-4983.8	25
-4969.66	212
-4955.54	-121
-4941.44	-28
-4927.37	60
-4913.33	154
-4899.3	55
-4885.3	13
-4871.33	-2
-4857.37	-86
-4843.44	-50
-4829.53	26
-4815.65	99
-4801.79	59
-4787.95	41
-4774.13	-16
-4760.34	-40
-4746.56	3
-4732.82	-77
-4719.09	43
-4705.38	-26
-4691.7	66
-4678.04	46
-4664.41	-170
-4650.79	94
-4637.2	55
-4623.63	84
-4610.08	44
-4596.56	144
-4583.05	14
-4569.57	13
-4556.11	-26
-4542.67	67
-4529.25	61
-4515.86	-8
-4502.49	-3
-4489.13	-3
-4475.8	37
-4462.49	-42
-4449.21	93
-4435.94	3
-4422.7	36
-4409.47	104
-4396.27	155
-4383.09	-87
-4369.93	1
-4356.79	14
-4343.67	-5
-4330.58	-86
-4317.5	-25
-4304.45	29
-4291.41	8
-4278.4	22
-4265.41	107
-4252.44	-26
-4239.49	4
-4226.55	23
-4213.65	37
-4200.76	76
-4187.89	82
-4175.04	57
-4162.21	-6
-4149.4	-56
-4136.61	102
-4123.85	-47
-4111.1	33
-4098.37	78
-4085.66	27
-4072.98	18
-4060.31	-34
-4047.66	11
-4035.04	56
-4022.43	43
-4009.84	-35
-3997.27	-121
-3984.72	-72
-3972.19	-22
-3959.69	71
-3947.2	9
-3934.73	-52
-3922.27	0
-3909.84	2
-3897.43	-1
-3885.04	-61
-3872.67	87
-3860.31	-3
-3847.98	-7
-3835.66	46
-3823.36	67
-3811.09	-27
-3798.83	56
-3786.59	12
-3774.37	-72
-3762.17	38
-3749.98	-9
-3737.82	25
-3725.67	56
-3713.55	-64
-3701.44	52
-3689.35	-30
-3677.28	81
-3665.22	6
-3653.19	-115
-3641.17	-27
-3629.18	-36
-3617.2	120
-3605.24	-17
-3593.3	109
-3581.37	0
-3569.47	-67
-3557.58	-91
-3545.71	-113
-3533.86	63
-3522.02	-28
-3510.21	-11
-3498.41	110
-3486.63	-84
-3474.87	14
-3463.12	71
-3451.4	-26
-3439.69	-37
-3428	55
-3416.33	116
-3404.67	17
-3393.03	75
-3381.41	57
-3369.81	-6
-3358.22	97
-3346.66	20
-3335.1	53
-3323.57	-55
-3312.06	28
-3300.56	21
-3289.08	-68
-3277.61	122
-3266.16	96
-3254.73	-60
-3243.32	35
-3231.92	-46
-3220.55	-67
-3209.18	-61
-3197.84	-13
-3186.51	92
-3175.2	-99
-3163.9	-51
-3152.63	-7
-3141.36	-106
-3130.12	-41
-3118.89	-2
-3107.68	62
-3096.49	71
-3085.31	88
-3074.15	-41
-3063	-112
-3051.87	-83
-3040.76	3
-3029.67	-90
-3018.59	-7
-3007.52	75
-2996.48	139
-2985.44	-38
-2974.43	20
-2963.43	-68
-2952.45	69
-2941.48	22
-2930.53	-56
-2919.6	-16
-2908.68	-6
-2897.78	-123
-2886.89	59
-2876.02	53
-2865.17	-15
-2854.33	-56
-2843.5	57
-2832.7	59
-2821.9	-88
-2811.13	13
-2800.37	20
-2789.62	26
-2778.89	82
-2768.18	-79
-2757.48	-9
-2746.8	0
-2736.13	24
-2725.48	21
-2714.84	-24
-2704.22	-11
-2693.61	-34
-2683.02	-45
-2672.45	134
-2661.89	48
-2651.34	-39
-2640.81	-11
-2630.3	-195
-2619.8	-59
-2609.31	96
-2598.84	68
-2588.39	-54
-2577.95	0
-2567.52	-52
-2557.11	44
-2546.71	55
-2536.33	-25
-2525.97	52
-2515.62	-84
-2505.28	29
-2494.96	-109
-2484.65	47
-2474.36	-123
-2464.08	69
-2453.82	-59
-2443.57	-115
-2433.33	67
-2423.11	-76
-2412.91	46
-2402.72	25
-2392.54	-11
-2382.38	4
-2372.23	107
-2362.09	-47
-2351.97	84
-2341.87	-95
-2331.78	99
-2321.7	-46
-2311.64	43
-2301.59	13
-2291.55	-57
-2281.53	-2
-2271.53	8
-2261.53	-9
-2251.55	58
-2241.59	101
-2231.64	93
-2221.7	92
-2211.78	2
-2201.87	99
-2191.97	-51
-2182.09	55
-2172.22	-14
-2162.37	28
-2152.53	52
-2142.7	-10
-2132.89	-99
-2123.09	79
-2113.3	-61
-2103.53	37
-2093.77	-75
-2084.02	123
-2074.29	-40
-2064.57	-9
-2054.86	92
-2045.17	-75
-2035.49	46
-2025.82	-73
-2016.17	-79
-2006.53	-166
-1996.91	-98
-1987.29	-44
-1977.69	-139
-1968.11	-37
-1958.53	-108
-1948.97	24
-1939.42	66
-1929.89	51
-1920.37	-43
-1910.86	-6
-1901.36	-44
-1891.88	-68
-1882.41	-31
-1872.95	16
-1863.51	-20
-1854.08	-17
-1844.66	-102
-1835.26	91
-1825.86	-50
-1816.48	65
-1807.11	-45
-1797.76	73
-1788.42	65
-1779.09	11
-1769.77	-45
-1760.47	5
-1751.17	-6
-1741.89	33
-1732.63	90
-1723.37	-63
-1714.13	-7
-1704.9	-10
-1695.68	7
-1686.48	-73
-1677.29	108
-1668.11	-63
-1658.94	34
-1649.78	31
-1640.64	58
-1631.51	-92
-1622.39	52
-1613.28	-20
-1604.19	41
-1595.1	-53
-1586.03	22
-1576.97	-26
-1567.93	-56
-1558.89	-32
-1549.87	-37
-1540.86	-126
-1531.86	33
-1522.87	32
-1513.9	5
-1504.93	17
-1495.98	-26
-1487.04	33
-1478.12	-75
-1469.2	-78
-1460.3	22
-1451.4	-29
-1442.52	-170
-1433.65	24
-1424.8	-52
-1415.95	-32
-1407.12	17
-1398.3	-22
-1389.48	10
-1380.69	-5
-1371.9	24
-1363.12	54
-1354.36	-121
-1345.6	87
-1336.86	-107
-1328.13	-71
-1319.41	88
-1310.7	21
-1302.01	102
-1293.32	33
-1284.65	-64
-1275.99	-10
-1267.33	47
-1258.69	-39
-1250.06	23
-1241.45	-54
-1232.84	-45
-1224.25	1
-1215.66	131
-1207.09	10
-1198.53	67
-1189.97	15
-1181.43	-66
-1172.91	65
-1164.39	-10
-1155.88	68
-1147.38	50
-1138.9	-130
-1130.43	-63
-1121.96	21
-1113.51	-139
-1105.07	46
-1096.64	135
-1088.22	-48
-1079.81	-4
-1071.41	-115
-1063.02	-65
-1054.65	86
-1046.28	-5
-1037.92	50
-1029.58	79
-1021.24	-6
-1012.92	37
-1004.61	-39
-996.3	-28
-988.01	-57
-979.73	-68
-971.46	86
-963.2	-110
-954.95	-42
-946.71	33
-938.48	80
-930.26	20
-922.06	-89
-913.86	147
-905.67	155
-897.49	-41
-889.33	-15
-881.17	-120
-873.02	-29
-864.89	-41
-856.76	15
-848.65	43
-840.54	-67
-832.45	22
-824.36	-5
-816.29	104
-808.22	39
-800.17	7
-792.12	0
-784.09	19
-776.06	33
-768.05	1
-760.04	16
-752.05	-23
-744.07	-24
-736.09	-81
-728.13	133
-720.17	75
-712.23	24
-704.29	-5
-696.37	41
-688.45	61
-680.55	22
-672.65	114
-664.77	59
-656.89	14
-649.03	122
-641.17	-100
-633.32	-69
-625.49	113
-617.66	-63
-609.84	84
-602.03	-46
-594.23	27
-586.45	13
-578.67	-25
-570.9	61
-563.14	7
-555.39	94
-547.65	76
-539.91	-39
-532.19	-1
-524.48	139
-516.78	12
-509.08	47
-501.4	-20
-493.72	-1
-486.06	43
-478.4	38
-470.76	3
-463.12	-27
-455.49	70
-447.87	24
-440.26	25
-432.66	142
-425.07	-11
-417.49	1
-409.92	-30
-402.35	-30
-394.8	-3
-387.25	74
-379.72	6
-372.19	55
-364.67	-63
-357.17	91
-349.67	154
-342.18	47
-334.69	37
-327.22	3
-319.76	23
-312.3	103
-304.86	128
-297.42	81
-290	37
-282.58	96
-275.17	44
-267.77	58
-260.37	117
-252.99	95
-245.62	158
-238.25	117
-230.9	260
-223.55	178
-216.21	85
-208.88	222
-201.56	143
-194.25	163
-186.94	186
-179.65	152
-172.36	171
-165.08	161
-157.81	311
-150.55	163
-143.3	182
-136.06	346
-128.82	360
-121.6	486
-114.38	492
-107.17	497
-99.97	631
-92.78	686
-85.6	828
-78.42	951
-71.25	966
-64.1	1365
-56.95	1458
-49.81	1784
-42.67	2274
-35.55	2776
-28.43	3721
-21.33	7375
-14.23	28886
-7.14	55268
-0.05	54843
7.02	54513
14.09	44712
21.14	13341
28.19	6344
35.23	4201
42.27	3270
49.29	2675
56.31	2234
63.32	1775
70.32	1549
77.31	1385
84.29	1113
91.27	823
98.23	987
105.19	782
112.14	944
119.09	1136
126.02	1661
132.95	1643
139.87	1845
146.78	1767
153.68	1681
160.58	1606
167.46	1657
174.34	1620
181.21	1583
188.08	1642
194.93	1502
201.78	1384
208.62	1414
215.45	1447
222.27	1521
229.09	1444
235.9	1450
242.7	1587
249.49	1380
256.27	1500
263.05	1437
269.82	1492
276.58	1391
283.33	1416
290.08	1373
296.82	1301
303.55	1321
310.27	1182
316.98	1250
323.69	1301
330.39	1302
337.08	1147
343.76	1167
350.44	1226
357.11	1308
363.77	1190
370.42	1045
377.07	1158
383.71	1292
390.34	1215
396.96	1150
403.58	1228
410.19	1145
416.79	1219
423.38	1352
429.97	1210
436.55	1098
443.12	1137
449.68	1063
456.24	978
462.79	983
469.33	1100
475.86	1054
482.39	1040
488.91	875
495.42	1169
501.93	1016
508.42	1028
514.91	730
521.4	947
527.87	924
534.34	861
540.8	962
547.25	975
553.7	1018
560.14	865
566.57	1024
573	1098
579.41	863
585.83	940
592.23	913
598.62	988
605.01	828
611.4	838
617.77	862
624.14	874
630.5	864
636.85	800
643.2	812
649.54	827
655.87	782
662.2	929
668.52	812
674.83	773
681.13	720
687.43	974
693.72	734
700	805
706.28	811
712.55	866
718.81	842
725.07	925
731.32	827
737.56	849
743.79	799
750.02	812
756.24	836
762.46	761
768.67	888
774.87	849
781.06	898
787.25	761
793.43	704
799.6	798
805.77	784
811.93	799
818.08	871
824.23	837
830.37	839
836.5	935
842.63	839
848.75	965
854.87	686
860.97	877
867.07	763
873.17	893
879.25	854
885.33	836
891.41	757
897.47	786
903.53	788
909.59	787
915.63	839
921.67	880
927.71	630
933.74	734
939.76	735
945.77	740
951.78	867
957.78	747
963.78	658
969.77	702
975.75	782
981.72	728
987.69	659
993.66	808
999.61	809
1005.56	731
1011.51	820
1017.44	629
1023.37	740
1029.3	712
1035.22	794
1041.13	784
1047.03	908
1052.93	901
1058.83	1049
1064.71	1073
1070.59	836
1076.47	810
1082.33	886
1088.2	806
1094.05	761
1099.9	746
1105.74	746
1111.58	708
1117.41	693
1123.23	841
1129.05	897
1134.86	972
1140.67	770
1146.47	696
1152.26	700
1158.05	762
1163.83	667
1169.6	596
1175.37	634
1181.13	626
1186.89	653
1192.64	609
1198.38	623
1204.12	686
1209.85	636
1215.58	575
1221.3	664
1227.02	591
1232.72	630
1238.43	584
1244.12	645
1249.81	677
1255.5	797
1261.17	633
1266.85	604
1272.51	549
1278.17	671
1283.83	853
1289.47	1010
1295.12	1201
1300.75	1164
1306.38	1033
1312.01	842
1317.63	947
1323.24	798
1328.85	805
1334.45	816
1340.04	726
1345.63	773
1351.22	806
1356.8	859
1362.37	868
1367.93	812
1373.49	977
1379.05	796
1384.6	785
1390.14	807
1395.68	768
1401.21	874
1406.74	971
1412.26	894
1417.77	1023
1423.28	998
1428.78	1159
1434.28	1270
1439.77	1314
1445.26	1454
1450.74	1337
1456.22	1271
1461.68	1154
1467.15	1102
1472.61	970
1478.06	979
1483.51	863
1488.95	794
1494.38	822
1499.81	723
1505.24	617
1510.65	703
1516.07	629
1521.48	659
1526.88	646
1532.27	681
1537.67	578
1543.05	736
1548.43	651
1553.81	639
1559.18	624
1564.54	630
1569.9	658
1575.25	665
1580.6	584
1585.94	528
1591.28	626
1596.61	685
1601.93	550
1607.25	710
1612.57	577
1617.88	571
1623.18	613
1628.48	664
1633.77	596
1639.06	467
1644.34	531
1649.62	616
1654.89	543
1660.16	544
1665.42	515
1670.67	452
1675.92	492
1681.17	559
1686.41	439
1691.64	497
1696.87	495
1702.1	358
1707.32	437
1712.53	405
1717.74	555
1722.94	504
1728.14	440
1733.33	543
1738.52	551
1743.7	478
1748.88	527
1754.05	482
1759.22	542
1764.38	479
1769.53	517
1774.69	314
1779.83	516
1784.97	464
1790.11	516
1795.24	408
1800.36	481
1805.48	450
1810.6	453
1815.71	394
1820.82	362
1825.92	424
1831.01	337
1836.1	420
1841.19	428
1846.26	369
1851.34	400
1856.41	442
1861.47	312
1866.53	366
1871.59	357
1876.64	468
1881.68	373
1886.72	535
1891.76	427
1896.79	423
1901.81	388
1906.83	440
1911.85	408
1916.86	457
1921.86	322
1926.86	347
1931.86	367
1936.85	301
1941.83	243
1946.81	360
1951.79	337
1956.76	248
1961.72	308
1966.68	303
1971.64	412
1976.59	326
1981.54	397
1986.48	353
1991.42	250
1996.35	275
2001.27	354
2006.2	297
2011.11	340
2016.03	235
2020.93	341
2025.84	336
2030.73	294
2035.63	354
2040.52	210
2045.4	250
2050.28	219
2055.15	346
2060.02	200
2064.89	290
2069.75	230
2074.6	281
2079.46	219
2084.3	281
2089.14	236
2093.98	209
2098.81	216
2103.64	290
2108.46	226
2113.28	331
2118.09	232
2122.9	330
2127.7	298
2132.5	252
2137.3	284
2142.09	199
2146.87	278
2151.66	208
2156.43	179
2161.2	414
2165.97	201
2170.73	245
2175.49	200
2180.24	258
2184.99	207
2189.74	203
2194.48	165
2199.21	207
2203.94	264
2208.67	133
2213.39	281
2218.11	157
2222.82	277
2227.53	238
2232.23	156
2236.93	187
2241.63	294
2246.32	63
2251	171
2255.68	270
2260.36	197
2265.03	194
2269.7	240
2274.36	155
2279.02	235
2283.68	328
2288.33	117
2292.97	264
2297.61	208
2302.25	189
2306.88	168
2311.51	143
2316.14	206
2320.75	168
2325.37	259
2329.98	144
2334.59	237
2339.19	198
2343.79	166
2348.38	131
2352.97	179
2357.55	184
2362.13	189
2366.71	222
2371.28	322
2375.85	239
2380.41	203
2384.97	26
2389.52	264
2394.07	99
2398.62	189
2403.16	168
2407.7	204
2412.23	80
2416.76	315
2421.29	241
2425.81	178
2430.32	152
2434.84	213
2439.34	83
2443.85	143
2448.35	155
2452.84	300
2457.33	81
2461.82	104
2466.3	184
2470.78	88
2475.25	176
2479.72	123
2484.19	113
2488.65	66
2493.11	261
2497.56	227
2502.01	115
2506.46	207
2510.9	174
2515.34	42
2519.77	165
2524.2	187
2528.62	231
2533.04	198
2537.46	262
2541.87	109
2546.28	155
2550.68	205
2555.08	149
2559.48	-11
2563.87	147
2568.26	195
2572.64	188
2577.02	228
2581.4	198
2585.77	137
2590.14	232
2594.5	207
2598.86	144
2603.22	160
2607.57	164
2611.92	201
2616.26	141
2620.6	151
2624.94	116
2629.27	169
2633.6	239
2637.92	214
2642.24	91
2646.56	121
2650.87	146
2655.18	261
2659.48	204
2663.78	210
2668.08	99
2672.37	190
2676.66	253
2680.95	213
2685.23	106
2689.5	256
2693.78	208
2698.05	213
2702.31	156
2706.57	169
2710.83	131
2715.08	92
2719.33	225
2723.58	280
2727.82	294
2732.06	105
2736.29	272
2740.53	90
2744.75	229
2748.97	69
2753.19	-5
2757.41	220
2761.62	102
2765.83	180
2770.03	93
2774.23	128
2778.43	165
2782.62	151
2786.81	188
2791	94
2795.18	129
2799.35	280
2803.53	165
2807.7	205
2811.86	210
2816.03	194
2820.19	214
2824.34	251
2828.49	277
2832.64	287
2836.78	320
2840.92	535
2845.06	575
2849.19	659
2853.32	660
2857.45	707
2861.57	868
2865.69	708
2869.8	696
2873.91	689
2878.02	785
2882.12	776
2886.22	854
2890.32	781
2894.41	795
2898.5	658
2902.58	544
2906.67	531
2910.74	468
2914.82	470
2918.89	527
2922.96	491
2927.02	444
2931.08	275
2935.13	272
2939.19	490
2943.24	284
2947.28	277
2951.32	239
2955.36	271
2959.4	284
2963.43	307
2967.46	330
2971.48	124
2975.5	286
2979.52	238
2983.53	145
2987.54	120
2991.55	122
2995.55	115
2999.55	143
3003.54	25
3007.54	231
3011.53	7
3015.51	164
3019.49	-68
3023.47	93
3027.45	14
3031.42	134
3035.39	187
3039.35	39
3043.31	26
3047.27	-33
3051.22	68
3055.17	-14
3059.12	2
3063.06	10
3067	-7
3070.94	90
3074.87	-113
3078.8	209
3082.73	60
3086.65	-12
3090.57	84
3094.49	54
3098.4	100
3102.31	2
3106.22	127
3110.12	147
3114.02	24
3117.92	-6
3121.81	127
3125.7	72
3129.58	39
3133.47	14
3137.34	-15
3141.22	66
3145.09	-27
3148.96	-4
3152.83	-3
3156.69	81
3160.55	38
3164.4	-25
3168.26	-41
3172.1	67
3175.95	123
3179.79	-1
3183.63	-44
3187.47	3
3191.3	95
3195.13	75
3198.95	106
3202.78	23
3206.6	72
3210.41	-57
3214.23	-3
3218.03	117
3221.84	3
3225.64	0
3229.44	180
3233.24	36
3237.03	-78
3240.82	84
3244.61	130
3248.39	3
3252.17	2
3255.95	83
3259.72	18
3263.49	-64
3267.26	111
3271.03	169
3274.79	129
3278.54	43
3282.3	134
3286.05	119
3289.8	-3
3293.54	0
3297.29	40
3301.02	202
3304.76	58
3308.49	47
3312.22	-19
3315.95	-25
3319.67	92
3323.39	147
3327.1	88
3330.82	30
3334.53	36
3338.24	-73
3341.94	101
3345.64	12
3349.34	13
3353.03	78
3356.72	105
3360.41	-54
3364.1	65
3367.78	-69
3371.46	-40
3375.13	117
3378.81	-12
3382.48	84
3386.14	144
3389.81	12
3393.47	5
3397.12	59
3400.78	76
3404.43	45
3408.08	8
3411.72	108
3415.36	-30
3419	27
3422.64	2
3426.27	-22
3429.9	65
3433.53	26
3437.15	-13
3440.77	41
3444.39	-15
3448	39
3451.62	34
3455.22	60
3458.83	101
3462.43	-64
3466.03	1
3469.63	62
3473.22	121
3476.81	15
3480.4	66
3483.99	-12
3487.57	19
3491.15	26
3494.72	66
3498.29	-10
3501.86	31
3505.43	-50
3508.99	24
3512.56	-124
3516.11	87
3519.67	-19
3523.22	16
3526.77	-78
3530.32	7
3533.86	38
3537.4	51
3540.94	49
3544.47	106
3548	-172
3551.53	-81
3555.06	-7
3558.58	-71
3562.1	-49
3565.62	102
3569.13	-46
3572.64	-24
3576.15	36
3579.66	-67
3583.16	-3
3586.66	-74
3590.16	-199
3593.65	-25
3597.14	6
3600.63	94
3604.11	-51
3607.6	0
3611.08	-24
3614.55	-85
3618.03	32
3621.5	25
3624.97	-3
3628.43	-42
3631.9	77
3635.36	24
3638.81	85
3642.27	39
3645.72	72
3649.17	69
3652.61	18
3656.06	-29
3659.5	-26
3662.93	-71
3666.37	-94
3669.8	-49
3673.23	16
3676.65	32
3680.08	-19
3683.5	21
3686.92	-16
3690.33	61
3693.74	-57
3697.15	-55
3700.56	-79
3703.96	24
3707.36	74
3710.76	-48
3714.16	48
3717.55	-86
3720.94	-58
3724.33	38
3727.71	-76
3731.1	-68
3734.48	-28
3737.85	18
3741.23	13
3744.6	-28
3747.97	-109
3751.33	3
3754.69	34
3758.05	-117
3761.41	68
3764.77	-78
3768.12	-56
3771.47	17
3774.82	-38
3778.16	6
3781.5	7
3784.84	-8
3788.18	0
