-37534.58	-1
-37414.56	2
-37295.11	3
-37176.24	2
-37057.95	-28
-36940.22	27
-36823.05	0
-36706.45	-36
-36590.4	-1
-36474.9	-14
-36359.95	11
-36245.55	-9
-36131.68	-12
-36018.35	-33
-35905.55	62
-35793.29	54
-35681.54	-82
-35570.32	54
-35459.62	-14
-35349.43	-16
-35239.75	42
-35130.58	-18
-35021.91	-61
-34913.74	66
-34806.07	-33
-34698.89	0
-34592.2	2
-34486	30
-34380.28	-24
-34275.04	20
-34170.27	52
-34065.98	-72
-33962.16	-6
-33858.81	55
-33755.92	29
-33653.49	3
-33551.52	-53
-33450.01	8
-33348.94	25
-33248.33	8
-33148.16	6
-33048.43	-6
-32949.14	42
-32850.29	-69
-32751.87	-82
-32653.89	-27
-32556.33	-9
-32459.2	-23
-32362.49	-72
-32266.19	-32
-32170.32	-65
-32074.86	-29
-31979.82	7
-31885.18	-47
-31790.95	-63
-31697.12	-48
-31603.69	35
-31510.67	10
-31418.04	-52
-31325.8	51
-31233.95	-21
-31142.49	16
-31051.42	-35
-30960.73	2
-30870.43	107
-30780.5	7
-30690.95	43
-30601.77	-15
-30512.97	-67
-30424.53	69
-30336.46	4
-30248.76	-10
-30161.42	-4
-30074.44	-31
-29987.81	37
-29901.55	29
-29815.63	-17
-29730.07	-19
-29644.86	14
-29560	21
-29475.48	-11
-29391.3	-84
-29307.47	33
-29223.97	52
-29140.81	58
-29057.99	-20
-28975.5	-18
-28893.34	3
-28811.51	6
-28730	-5
-28648.82	-74
-28567.97	13
-28487.43	-61
-28407.21	97
-28327.32	-51
-28247.73	-36
-28168.46	-24
-28089.5	-26
-28010.85	-87
-27932.51	16
-27854.48	-47
-27776.75	-19
-27699.32	23
-27622.19	28
-27545.37	-53
-27468.84	-33
-27392.6	39
-27316.66	64
-27241.01	53
-27165.66	23
-27090.59	22
-27015.81	-7
-26941.31	24
-26867.1	-14
-26793.17	45
-26719.52	-18
-26646.15	-12
-26573.06	26
-26500.24	4
-26427.7	19
-26355.43	12
-26283.43	-67
-26211.71	42
-26140.25	-7
-26069.06	-36
-25998.13	-31
-25927.46	3
-25857.06	-15
-25786.92	-19
-25717.04	19
-25647.42	5
-25578.05	11
-25508.94	0
-25440.09	-71
-25371.48	-43
-25303.13	-6
-25235.02	17
-25167.17	12
-25099.56	50
-25032.19	-12
-24965.07	-3
-24898.2	14
-24831.56	-57
-24765.17	64
-24699.01	-25
-24633.1	-37
-24567.41	44
-24501.97	-24
-24436.75	-18
-24371.77	60
-24307.03	15
-24242.51	23
-24178.22	5
-24114.16	-35
-24050.32	-90
-23986.71	-17
-23923.32	35
-23860.16	-27
-23797.22	35
-23734.5	-36
-23672	-57
-23609.71	58
-23547.65	-37
-23485.8	2
-23424.16	21
-23362.74	34
-23301.53	-22
-23240.54	-6
-23179.75	-51
-23119.17	11
-23058.8	-22
-22998.64	-32
-22938.68	-1
-22878.93	-17
-22819.39	6
-22760.04	23
-22700.9	58
-22641.96	40
-22583.22	8
-22524.68	46
-22466.33	-50
-22408.19	-39
-22350.23	-21
-22292.48	-103
-22234.92	-16
-22177.55	-54
-22120.37	-35
-22063.38	7
-22006.58	-10
-21949.98	32
-21893.56	43
-21837.33	-23
-21781.28	20
-21725.42	21
-21669.74	62
-21614.25	-41
-21558.94	111
-21503.81	-7
-21448.86	45
-21394.1	41
-21339.51	9
-21285.1	-13
-21230.86	-22
-21176.81	55
-21122.93	-4
-21069.22	-15
-21015.69	9
-20962.33	44
-20909.14	1
-20856.13	63
-20803.28	-34
-20750.61	-12
-20698.1	40
-20645.76	19
-20593.59	15
-20541.59	10
-20489.75	0
-20438.07	65
-20386.56	-24
-20335.22	53
-20284.03	-7
-20233.01	20
-20182.15	-99
-20131.45	42
-20080.91	23
-20030.52	-19
-19980.3	-52
-19930.23	20
-19880.32	15
-19830.56	11
-19780.96	-1
-19731.52	-2
-19682.23	-46
-19633.09	-20
-19584.1	-9
-19535.26	-1
-19486.58	40
-19438.04	71
-19389.66	-24
-19341.42	49
-19293.33	9
-19245.39	6
-19197.6	46
-19149.95	45
-19102.45	-36
-19055.09	75
-19007.87	-15
-18960.8	11
-18913.87	20
-18867.09	-24
-18820.44	8
-18773.94	9
-18727.57	1
-18681.35	-23
-18635.26	21
-18589.31	-31
-18543.5	20
-18497.83	-2
-18452.29	47
-18406.89	15
-18361.63	46
-18316.5	4
-18271.5	54
-18226.63	-40
-18181.9	-20
-18137.3	31
-18092.84	-21
-18048.5	56
-18004.29	-20
-17960.22	21
-17916.27	25
-17872.45	15
-17828.76	5
-17785.2	28
-17741.77	20
-17698.46	-26
-17655.28	-44
-17612.22	48
-17569.29	-33
-17526.48	-18
-17483.79	-2
-17441.23	-5
-17398.79	55
-17356.48	-11
-17314.28	86
-17272.21	14
-17230.26	-25
-17188.42	40
-17146.71	28
-17105.12	4
-17063.64	-31
-17022.28	29
-16981.04	0
-16939.92	-17
-16898.91	21
-16858.02	4
-16817.25	27
-16776.59	-27
-16736.04	-49
-16695.61	15
-16655.29	-51
-16615.09	-6
-16574.99	5
-16535.01	23
-16495.15	-37
-16455.39	-42
-16415.74	-65
-16376.21	75
-16336.78	3
-16297.46	117
-16258.26	-16
-16219.16	-46
-16180.17	-7
-16141.28	35
-16102.51	-15
-16063.84	26
-16025.27	55
-15986.82	-3
-15948.46	-4
-15910.22	26
-15872.07	16
-15834.04	-2
-15796.1	14
-15758.27	19
-15720.54	-52
-15682.91	33
-15645.39	23
-15607.97	-71
-15570.64	-19
-15533.42	-13
-15496.3	-67
-15459.28	35
-15422.36	-8
-15385.54	9
-15348.82	4
-15312.19	-42
-15275.66	-12
-15239.23	-33
-15202.9	-17
-15166.67	20
-15130.53	2
-15094.48	77
-15058.54	-6
-15022.68	36
-14986.93	-16
-14951.26	3
-14915.69	33
-14880.22	13
-14844.84	-9
-14809.55	0
-14774.35	-8
-14739.25	49
-14704.24	26
-14669.32	-23
-14634.49	-64
-14599.75	31
-14565.1	-22
-14530.55	-27
-14496.08	15
-14461.7	2
-14427.41	32
-14393.21	-5
-14359.1	-5
-14325.07	-65
-14291.14	45
-14257.29	39
-14223.52	25
-14189.85	61
-14156.26	71
-14122.76	-54
-14089.34	53
-14056.01	-35
-14022.76	1
-13989.6	-37
-13956.52	5
-13923.53	-14
-13890.62	-83
-13857.79	7
-13825.05	43
-13792.39	44
-13759.81	-17
-13727.31	-8
-13694.9	-37
-13662.57	3
-13630.31	31
-13598.14	10
-13566.05	-49
-13534.05	28
-13502.12	-2
-13470.27	-8
-13438.5	20
-13406.8	63
-13375.19	22
-13343.66	11
-13312.2	-52
-13280.83	-41
-13249.53	27
-13218.3	-16
-13187.16	-40
-13156.09	21
-13125.1	20
-13094.18	-78
-13063.34	-32
-13032.58	-7
-13001.89	-3
-12971.28	40
-12940.74	25
-12910.27	-17
-12879.88	-23
-12849.57	-26
-12819.33	33
-12789.16	-4
-12759.06	12
-12729.04	47
-12699.09	-36
-12669.21	-73
-12639.41	-3
-12609.68	-43
-12580.02	0
-12550.43	16
-12520.91	-20
-12491.46	32
-12462.08	30
-12432.77	-63
-12403.54	0
-12374.37	-32
-12345.27	61
-12316.24	51
-12287.29	7
-12258.4	59
-12229.57	111
-12200.82	14
-12172.14	26
-12143.52	4
-12114.97	-26
-12086.49	13
-12058.07	17
-12029.73	-3
-12001.44	-19
-11973.23	-35
-11945.08	-8
-11917	82
-11888.98	29
-11861.03	38
-11833.15	-29
-11805.32	-9
-11777.57	30
-11749.88	27
-11722.25	-19
-11694.69	-27
-11667.19	15
-11639.75	100
-11612.38	-58
-11585.07	50
-11557.83	122
-11530.65	-1
-11503.53	-44
-11476.47	4
-11449.48	4
-11422.54	-1
-11395.67	-12
-11368.86	-20
-11342.11	3
-11315.43	8
-11288.8	-5
-11262.23	20
-11235.73	-64
-11209.28	-10
-11182.9	-48
-11156.57	-11
-11130.31	18
-11104.1	9
-11077.96	-13
-11051.87	-12
-11025.84	-33
-10999.87	26
-10973.96	-90
-10948.11	-15
-10922.31	3
-10896.58	59
-10870.9	16
-10845.28	-55
-10819.71	5
-10794.2	-3
-10768.75	-35
-10743.36	27
-10718.02	-40
-10692.74	33
-10667.52	-59
-10642.35	26
-10617.24	67
-10592.18	16
-10567.18	58
-10542.23	132
-10517.34	66
-10492.51	80
-10467.72	-35
-10443	14
-10418.32	93
-10393.7	-10
-10369.14	57
-10344.63	61
-10320.17	105
-10295.77	115
-10271.42	39
-10247.12	57
-10222.88	85
-10198.68	78
-10174.54	28
-10150.46	27
-10126.42	103
-10102.44	107
-10078.51	83
-10054.63	107
-10030.8	78
-10007.03	122
-9983.3	127
-9959.63	184
-9936.01	225
-9912.44	126
-9888.92	111
-9865.44	163
-9842.02	191
-9818.65	196
-9795.33	205
-9772.06	207
-9748.84	250
-9725.67	239
-9702.55	280
-9679.47	285
-9656.45	291
-9633.47	359
-9610.55	390
-9587.67	397
-9564.84	352
-9542.06	520
-9519.32	562
-9496.64	651
-9474	685
-9451.41	720
-9428.87	776
-9406.37	689
-9383.92	642
-9361.52	701
-9339.17	693
-9316.86	794
-9294.6	959
-9272.38	1071
-9250.21	1144
-9228.09	1192
-9206.01	1183
-9183.98	1077
-9162	1015
-9140.06	1003
-9118.16	980
-9096.31	1083
-9074.51	1147
-9052.75	1005
-9031.04	999
-9009.37	900
-8987.74	868
-8966.16	717
-8944.63	654
-8923.14	612
-8901.69	716
-8880.29	837
-8858.93	854
-8837.61	918
-8816.34	918
-8795.11	970
-8773.92	856
-8752.78	739
-8731.68	775
-8710.62	712
-8689.61	808
-8668.63	801
-8647.7	820
-8626.82	821
-8605.97	873
-8585.17	796
-8564.41	725
-8543.69	682
-8523.01	621
-8502.37	773
-8481.78	726
-8461.23	726
-8440.71	780
-8420.24	861
-8399.81	801
-8379.42	875
-8359.08	884
-8338.77	672
-8318.5	647
-8298.27	651
-8278.09	645
-8257.94	742
-8237.83	722
-8217.76	864
-8197.74	809
-8177.75	848
-8157.8	672
-8137.89	642
-8118.02	672
-8098.19	613
-8078.4	678
-8058.65	618
-8038.93	636
-8019.26	585
-7999.62	615
-7980.02	547
-7960.46	505
-7940.94	590
-7921.46	578
-7902.01	472
-7882.6	487
-7863.23	536
-7843.9	542
-7824.61	585
-7805.35	582
-7786.13	615
-7766.95	671
-7747.8	517
-7728.69	603
-7709.62	557
-7690.59	576
-7671.59	620
-7652.63	588
-7633.7	578
-7614.81	543
-7595.96	588
-7577.15	455
-7558.37	532
-7539.62	509
-7520.91	604
-7502.24	607
-7483.6	516
-7465	556
-7446.44	524
-7427.91	413
-7409.41	324
-7390.95	343
-7372.53	348
-7354.14	354
-7335.78	412
-7317.46	376
-7299.18	451
-7280.92	488
-7262.71	553
-7244.52	604
-7226.38	560
-7208.26	442
-7190.18	468
-7172.14	445
-7154.12	546
-7136.15	475
-7118.2	496
-7100.29	502
-7082.41	551
-7064.57	480
-7046.76	519
-7028.98	395
-7011.24	382
-6993.53	373
-6975.85	282
-6958.2	271
-6940.59	216
-6923.01	250
-6905.46	245
-6887.94	343
-6870.46	-575
-6853.01	506
-6835.59	488
-6818.21	366
-6800.85	299
-6783.53	301
-6766.24	220
-6748.98	155
-6731.76	176
-6714.56	198
-6697.4	262
-6680.26	212
-6663.16	195
-6646.09	264
-6629.05	413
-6612.05	350
-6595.07	339
-6578.13	370
-6561.21	315
-6544.33	250
-6527.47	114
-6510.65	104
-6493.86	129
-6477.1	170
-6460.36	190
-6443.66	118
-6426.99	179
-6410.35	158
-6393.74	208
-6377.16	195
-6360.61	185
-6344.09	287
-6327.59	288
-6311.13	262
-6294.7	203
-6278.29	297
-6261.92	362
-6245.58	296
-6229.26	362
-6212.97	297
-6196.72	275
-6180.49	153
-6164.29	185
-6148.12	145
-6131.98	-3
-6115.86	79
-6099.78	68
-6083.72	12
-6067.69	82
-6051.69	73
-6035.72	61
-6019.78	135
-6003.87	141
-5987.98	166
-5972.12	274
-5956.29	262
-5940.49	175
-5924.71	171
-5908.96	168
-5893.24	83
-5877.55	129
-5861.89	70
-5846.25	111
-5830.64	57
-5815.05	138
-5799.5	150
-5783.97	65
-5768.47	127
-5752.99	138
-5737.55	175
-5722.12	191
-5706.73	219
-5691.36	143
-5676.02	110
-5660.71	97
-5645.42	98
-5630.16	88
-5614.92	133
-5599.71	163
-5584.53	161
-5569.37	189
-5554.24	55
-5539.14	128
-5524.06	75
-5509.01	78
-5493.98	188
-5478.98	162
-5464	145
-5449.05	94
-5434.13	12
-5419.23	47
-5404.36	50
-5389.51	178
-5374.69	204
-5359.89	251
-5345.12	252
-5330.37	259
-5315.65	201
-5300.95	84
-5286.28	114
-5271.63	123
-5257.01	162
-5242.41	98
-5227.84	132
-5213.29	-37
-5198.76	61
-5184.26	63
-5169.79	70
-5155.33	82
-5140.91	214
-5126.51	152
-5112.13	181
-5097.77	88
-5083.44	100
-5069.13	103
-5054.85	44
-5040.59	29
-5026.36	100
-5012.15	188
-4997.96	161
-4983.8	139
-4969.66	35
-4955.54	63
-4941.44	80
-4927.37	144
-4913.33	280
-4899.3	256
-4885.3	198
-4871.33	170
-4857.37	90
-4843.44	35
-4829.53	49
-4815.65	97
-4801.79	88
-4787.95	108
-4774.13	47
-4760.34	91
-4746.56	101
-4732.82	30
-4719.09	197
-4705.38	153
-4691.7	248
-4678.04	184
-4664.41	149
-4650.79	96
-4637.2	16
-4623.63	96
-4610.08	134
-4596.56	134
-4583.05	130
-4569.57	109
-4556.11	38
-4542.67	90
-4529.25	58
-4515.86	107
-4502.49	167
-4489.13	145
-4475.8	112
-4462.49	89
-4449.21	83
-4435.94	10
-4422.7	90
-4409.47	61
-4396.27	119
-4383.09	93
-4369.93	67
-4356.79	-36
-4343.67	80
-4330.58	99
-4317.5	122
-4304.45	74
-4291.41	19
-4278.4	76
-4265.41	15
-4252.44	89
-4239.49	142
-4226.55	91
-4213.65	95
-4200.76	53
-4187.89	5
-4175.04	68
-4162.21	-6
-4149.4	37
-4136.61	36
-4123.85	-13
-4111.1	30
-4098.37	59
-4085.66	33
-4072.98	30
-4060.31	8
-4047.66	-1
-4035.04	18
-4022.43	67
-4009.84	-22
-3997.27	-6
-3984.72	3
-3972.19	55
-3959.69	15
-3947.2	58
-3934.73	-4
-3922.27	-79
-3909.84	-12
-3897.43	-32
-3885.04	66
-3872.67	3
-3860.31	17
-3847.98	-5
-3835.66	-21
-3823.36	-27
-3811.09	57
-3798.83	-40
-3786.59	-54
-3774.37	21
-3762.17	-73
-3749.98	0
-3737.82	6
-3725.67	-55
-3713.55	-12
-3701.44	-6
-3689.35	35
-3677.28	19
-3665.22	-1
-3653.19	24
-3641.17	34
-3629.18	-14
-3617.2	-10
-3605.24	15
-3593.3	-9
-3581.37	15
-3569.47	90
-3557.58	-69
-3545.71	11
-3533.86	-3
-3522.02	28
-3510.21	40
-3498.41	8
-3486.63	55
-3474.87	10
-3463.12	4
-3451.4	-17
-3439.69	-37
-3428	25
-3416.33	9
-3404.67	14
-3393.03	-2
-3381.41	5
-3369.81	58
-3358.22	18
-3346.66	-15
-3335.1	25
-3323.57	-28
-3312.06	-18
-3300.56	29
-3289.08	-20
-3277.61	30
-3266.16	-60
-3254.73	47
-3243.32	10
-3231.92	41
-3220.55	34
-3209.18	-6
-3197.84	29
-3186.51	-12
-3175.2	-2
-3163.9	-4
-3152.63	5
-3141.36	-6
-3130.12	-27
-3118.89	21
-3107.68	-46
-3096.49	-41
-3085.31	-59
-3074.15	40
-3063	-18
-3051.87	-85
-3040.76	20
-3029.67	112
-3018.59	54
-3007.52	-32
-2996.48	27
-2985.44	32
-2974.43	107
-2963.43	22
-2952.45	-29
-2941.48	-11
-2930.53	3
-2919.6	41
-2908.68	-23
-2897.78	-35
-2886.89	97
-2876.02	12
-2865.17	29
-2854.33	35
-2843.5	27
-2832.7	27
-2821.9	-25
-2811.13	-49
-2800.37	9
-2789.62	-50
-2778.89	-54
-2768.18	42
-2757.48	-26
-2746.8	-68
-2736.13	52
-2725.48	-36
-2714.84	20
-2704.22	54
-2693.61	-6
-2683.02	46
-2672.45	-23
-2661.89	0
-2651.34	31
-2640.81	26
-2630.3	69
-2619.8	-27
-2609.31	-61
-2598.84	-24
-2588.39	-27
-2577.95	-1
-2567.52	27
-2557.11	29
-2546.71	6
-2536.33	23
-2525.97	-2
-2515.62	3
-2505.28	18
-2494.96	12
-2484.65	-75
-2474.36	85
-2464.08	18
-2453.82	-10
-2443.57	-54
-2433.33	-8
-2423.11	68
-2412.91	-61
-2402.72	34
-2392.54	-16
-2382.38	48
-2372.23	43
-2362.09	70
-2351.97	-50
-2341.87	-78
-2331.78	21
-2321.7	5
-2311.64	-28
-2301.59	-3
-2291.55	-55
-2281.53	-2
-2271.53	21
-2261.53	67
-2251.55	66
-2241.59	-13
-2231.64	28
-2221.7	-3
-2211.78	-97
-2201.87	4
-2191.97	-17
-2182.09	11
-2172.22	-74
-2162.37	5
-2152.53	-26
-2142.7	-22
-2132.89	-9
-2123.09	21
-2113.3	25
-2103.53	18
-2093.77	-27
-2084.02	36
-2074.29	19
-2064.57	56
-2054.86	8
-2045.17	-72
-2035.49	21
-2025.82	55
-2016.17	3
-2006.53	28
-1996.91	-29
-1987.29	-38
-1977.69	-46
-1968.11	19
-1958.53	-52
-1948.97	62
-1939.42	-9
-1929.89	24
-1920.37	-41
-1910.86	-27
-1901.36	6
-1891.88	26
-1882.41	-25
-1872.95	-40
-1863.51	32
-1854.08	15
-1844.66	-27
-1835.26	21
-1825.86	-5
-1816.48	-52
-1807.11	-2
-1797.76	-21
-1788.42	-59
-1779.09	6
-1769.77	-7
-1760.47	51
-1751.17	-40
-1741.89	-48
-1732.63	44
-1723.37	-18
-1714.13	-74
-1704.9	53
-1695.68	-3
-1686.48	108
-1677.29	-22
-1668.11	12
-1658.94	-39
-1649.78	33
-1640.64	102
-1631.51	-45
-1622.39	67
-1613.28	-55
-1604.19	24
-1595.1	25
-1586.03	78
-1576.97	-40
-1567.93	-17
-1558.89	-53
-1549.87	-63
-1540.86	21
-1531.86	-35
-1522.87	49
-1513.9	-43
-1504.93	-40
-1495.98	22
-1487.04	-52
-1478.12	21
-1469.2	-40
-1460.3	-28
-1451.4	59
-1442.52	11
-1433.65	42
-1424.8	8
-1415.95	-20
-1407.12	61
-1398.3	-31
-1389.48	50
-1380.69	-22
-1371.9	2
-1363.12	0
-1354.36	102
-1345.6	-68
-1336.86	50
-1328.13	-29
-1319.41	4
-1310.7	1
-1302.01	24
-1293.32	-62
-1284.65	3
-1275.99	-57
-1267.33	87
-1258.69	44
-1250.06	-42
-1241.45	-107
-1232.84	-2
-1224.25	57
-1215.66	-26
-1207.09	89
-1198.53	-3
-1189.97	-33
-1181.43	14
-1172.91	-23
-1164.39	-10
-1155.88	19
-1147.38	41
-1138.9	2
-1130.43	6
-1121.96	-28
-1113.51	38
-1105.07	-49
-1096.64	-14
-1088.22	-34
-1079.81	47
-1071.41	43
-1063.02	39
-1054.65	3
-1046.28	10
-1037.92	37
-1029.58	-57
-1021.24	-24
-1012.92	27
-1004.61	-22
-996.3	-42
-988.01	48
-979.73	-5
-971.46	-63
-963.2	-84
-954.95	-14
-946.71	-72
-938.48	-34
-930.26	-5
-922.06	55
-913.86	-7
-905.67	44
-897.49	10
-889.33	2
-881.17	-34
-873.02	6
-864.89	9
-856.76	94
-848.65	-38
-840.54	-24
-832.45	-30
-824.36	-5
-816.29	-47
-808.22	-17
-800.17	-34
-792.12	96
-784.09	66
-776.06	-45
-768.05	23
-760.04	15
-752.05	71
-744.07	-4
-736.09	20
-728.13	10
-720.17	37
-712.23	96
-704.29	3
-696.37	52
-688.45	32
-680.55	-16
-672.65	28
-664.77	59
-656.89	11
-649.03	59
-641.17	-6
-633.32	10
-625.49	0
-617.66	-21
-609.84	8
-602.03	1
-594.23	8
-586.45	-1
-578.67	11
-570.9	10
-563.14	40
-555.39	59
-547.65	-51
-539.91	50
-532.19	66
-524.48	56
-516.78	-7
-509.08	-17
-501.4	-59
-493.72	107
-486.06	115
-478.4	52
-470.76	-18
-463.12	0
-455.49	-32
-447.87	22
-440.26	26
-432.66	7
-425.07	13
-417.49	52
-409.92	-13
-402.35	-2
-394.8	24
-387.25	32
-379.72	37
-372.19	5
-364.67	-39
-357.17	90
-349.67	20
-342.18	-15
-334.69	71
-327.22	22
-319.76	78
-312.3	50
-304.86	-54
-297.42	46
-290	73
-282.58	-23
-275.17	3
-267.77	-8
-260.37	19
-252.99	51
-245.62	63
-238.25	54
-230.9	67
-223.55	-2
-216.21	11
-208.88	133
-201.56	58
-194.25	73
-186.94	119
-179.65	168
-172.36	143
-165.08	153
-157.81	170
-150.55	173
-143.3	199
-136.06	198
-128.82	354
-121.6	357
-114.38	309
-107.17	393
-99.97	447
-92.78	463
-85.6	563
-78.42	623
-71.25	732
-64.1	882
-56.95	988
-49.81	1145
-42.67	1554
-35.55	1838
-28.43	2512
-21.33	4337
-14.23	14689
-7.14	59317
-0.05	59203
7.02	59046
14.09	44106
21.14	11278
28.19	4779
35.23	3066
42.27	2312
49.29	1892
56.31	1611
63.32	1299
70.32	1044
77.31	907
84.29	764
91.27	627
98.23	621
105.19	569
112.14	620
119.09	644
126.02	848
132.95	973
139.87	825
146.78	813
153.68	833
160.58	862
167.46	813
174.34	812
181.21	778
188.08	745
194.93	758
201.78	755
208.62	681
215.45	730
222.27	766
229.09	677
235.9	638
242.7	695
249.49	661
256.27	675
263.05	609
269.82	682
276.58	584
283.33	590
290.08	650
296.82	559
303.55	579
310.27	550
316.98	536
323.69	657
330.39	534
337.08	521
343.76	601
350.44	530
357.11	570
363.77	593
370.42	559
377.07	547
383.71	578
390.34	565
396.96	552
403.58	514
410.19	497
416.79	572
423.38	590
429.97	600
436.55	575
443.12	481
449.68	529
456.24	530
462.79	383
469.33	410
475.86	441
482.39	409
488.91	405
495.42	464
501.93	439
508.42	493
514.91	406
521.4	522
527.87	401
534.34	399
540.8	476
547.25	419
553.7	456
560.14	383
566.57	410
573	442
579.41	399
585.83	397
592.23	390
598.62	418
605.01	435
611.4	380
617.77	367
624.14	401
630.5	469
636.85	351
643.2	360
649.54	359
655.87	308
662.2	394
668.52	361
674.83	280
681.13	344
687.43	345
693.72	348
700	447
706.28	354
712.55	304
718.81	300
725.07	346
731.32	362
737.56	349
743.79	331
750.02	327
756.24	345
762.46	396
768.67	325
774.87	348
781.06	366
787.25	328
793.43	357
799.6	377
805.77	362
811.93	363
818.08	348
824.23	363
830.37	415
836.5	342
842.63	367
848.75	379
854.87	387
860.97	394
867.07	290
873.17	332
879.25	383
885.33	409
891.41	370
897.47	439
903.53	365
909.59	379
915.63	366
921.67	380
927.71	397
933.74	351
939.76	250
945.77	285
951.78	325
957.78	285
963.78	284
969.77	214
975.75	338
981.72	325
987.69	320
993.66	316
999.61	299
1005.56	260
1011.51	349
1017.44	311
1023.37	279
1029.3	372
1035.22	340
1041.13	331
1047.03	352
1052.93	439
1058.83	484
1064.71	520
1070.59	452
1076.47	418
1082.33	352
1088.2	326
1094.05	353
1099.9	340
1105.74	316
1111.58	308
1117.41	365
1123.23	472
1129.05	543
1134.86	452
1140.67	451
1146.47	281
1152.26	276
1158.05	324
1163.83	384
1169.6	314
1175.37	210
1181.13	305
1186.89	214
1192.64	244
1198.38	350
1204.12	257
1209.85	241
1215.58	261
1221.3	264
1227.02	293
1232.72	360
1238.43	270
1244.12	253
1249.81	314
1255.5	264
1261.17	312
1266.85	307
1272.51	344
1278.17	318
1283.83	372
1289.47	523
1295.12	615
1300.75	585
1306.38	513
1312.01	484
1317.63	376
1323.24	293
1328.85	384
1334.45	379
1340.04	329
1345.63	308
1351.22	338
1356.8	347
1362.37	338
1367.93	376
1373.49	365
1379.05	349
1384.6	343
1390.14	268
1395.68	294
1401.21	317
1406.74	346
1412.26	395
1417.77	485
1423.28	459
1428.78	564
1434.28	612
1439.77	653
1445.26	650
1450.74	654
1456.22	531
1461.68	592
1467.15	514
1472.61	566
1478.06	331
1483.51	326
1488.95	335
1494.38	374
1499.81	378
1505.24	316
1510.65	278
1516.07	282
1521.48	279
1526.88	217
1532.27	342
1537.67	288
1543.05	335
1548.43	263
1553.81	287
1559.18	236
1564.54	273
1569.9	200
1575.25	242
1580.6	280
1585.94	226
1591.28	225
1596.61	193
1601.93	277
1607.25	190
1612.57	238
1617.88	241
1623.18	201
1628.48	222
1633.77	287
1639.06	224
1644.34	271
1649.62	217
1654.89	249
1660.16	217
1665.42	271
1670.67	220
1675.92	262
1681.17	221
1686.41	231
1691.64	157
1696.87	186
1702.1	163
1707.32	226
1712.53	182
1717.74	232
1722.94	167
1728.14	208
1733.33	216
1738.52	303
1743.7	242
1748.88	221
1754.05	150
1759.22	191
1764.38	631
1769.53	158
1774.69	145
1779.83	186
1784.97	157
1790.11	237
1795.24	218
1800.36	196
1805.48	142
1810.6	98
1815.71	146
1820.82	146
1825.92	199
1831.01	194
1836.1	154
1841.19	150
1846.26	217
1851.34	196
1856.41	191
1861.47	246
1866.53	135
1871.59	180
1876.64	145
1881.68	161
1886.72	134
1891.76	167
1896.79	118
1901.81	170
1906.83	179
1911.85	146
1916.86	174
1921.86	198
1926.86	106
1931.86	160
1936.85	202
1941.83	208
1946.81	151
1951.79	96
1956.76	95
1961.72	108
1966.68	133
1971.64	149
1976.59	107
1981.54	207
1986.48	66
1991.42	73
1996.35	156
2001.27	74
2006.2	148
2011.11	145
2016.03	149
2020.93	120
2025.84	174
2030.73	54
2035.63	77
2040.52	46
2045.4	107
2050.28	85
2055.15	128
2060.02	136
2064.89	74
2069.75	80
2074.6	54
2079.46	80
2084.3	159
2089.14	117
2093.98	99
2098.81	96
2103.64	99
2108.46	171
2113.28	149
2118.09	126
2122.9	171
2127.7	105
2132.5	171
2137.3	125
2142.09	96
2146.87	63
2151.66	109
2156.43	80
2161.2	67
2165.97	63
2170.73	93
2175.49	147
2180.24	117
2184.99	106
2189.74	51
2194.48	141
2199.21	122
2203.94	145
2208.67	91
2213.39	168
2218.11	88
2222.82	144
2227.53	95
2232.23	47
2236.93	156
2241.63	132
2246.32	8
2251	146
2255.68	34
2260.36	147
2265.03	82
2269.7	0
2274.36	113
2279.02	162
2283.68	38
2288.33	89
2292.97	75
2297.61	149
2302.25	198
2306.88	100
2311.51	141
2316.14	56
2320.75	129
2325.37	23
2329.98	64
2334.59	80
2339.19	77
2343.79	84
2348.38	20
2352.97	74
2357.55	113
2362.13	47
2366.71	111
2371.28	27
2375.85	42
2380.41	38
2384.97	52
2389.52	148
2394.07	101
2398.62	27
2403.16	131
2407.7	30
2412.23	109
2416.76	9
2421.29	91
2425.81	113
2430.32	83
2434.84	97
2439.34	141
2443.85	37
2448.35	50
2452.84	17
2457.33	65
2461.82	69
2466.3	54
2470.78	0
2475.25	134
2479.72	58
2484.19	29
2488.65	46
2493.11	51
2497.56	63
2502.01	74
2506.46	98
2510.9	43
2515.34	29
2519.77	84
2524.2	40
2528.62	0
2533.04	24
2537.46	22
2541.87	62
2546.28	84
2550.68	54
2555.08	111
2559.48	34
2563.87	80
2568.26	41
2572.64	78
2577.02	67
2581.4	128
2585.77	67
2590.14	62
2594.5	53
2598.86	106
2603.22	65
2607.57	22
2611.92	58
2616.26	85
2620.6	-13
2624.94	65
2629.27	64
2633.6	53
2637.92	42
2642.24	42
2646.56	86
2650.87	42
2655.18	3
2659.48	112
2663.78	93
2668.08	37
2672.37	19
2676.66	97
2680.95	92
2685.23	82
2689.5	33
2693.78	86
2698.05	89
2702.31	105
2706.57	77
2710.83	120
2715.08	63
2719.33	49
2723.58	77
2727.82	128
2732.06	157
2736.29	77
2740.53	125
2744.75	95
2748.97	-32
2753.19	20
2757.41	42
2761.62	98
2765.83	58
2770.03	49
2774.23	80
2778.43	107
2782.62	102
2786.81	88
2791	105
2795.18	91
2799.35	93
2803.53	88
2807.7	117
2811.86	53
2816.03	161
2820.19	173
2824.34	179
2828.49	156
2832.64	231
2836.78	197
2840.92	353
2845.06	398
2849.19	481
2853.32	533
2857.45	485
2861.57	436
2865.69	468
2869.8	525
2873.91	471
2878.02	514
2882.12	544
2886.22	609
2890.32	486
2894.41	495
2898.5	431
2902.58	405
2906.67	358
2910.74	458
2914.82	343
2918.89	375
2922.96	279
2927.02	212
2931.08	239
2935.13	265
2939.19	267
2943.24	163
2947.28	207
2951.32	159
2955.36	132
2959.4	219
2963.43	157
2967.46	100
2971.48	107
2975.5	51
2979.52	104
2983.53	140
2987.54	89
2991.55	80
2995.55	2
2999.55	96
3003.54	-5
3007.54	62
3011.53	25
3015.51	25
3019.49	93
3023.47	64
3027.45	26
3031.42	23
3035.39	57
3039.35	34
3043.31	133
3047.27	78
3051.22	23
3055.17	73
3059.12	69
3063.06	74
3067	-2
3070.94	26
3074.87	3
3078.8	12
3082.73	-18
3086.65	102
3090.57	34
3094.49	54
3098.4	58
3102.31	30
3106.22	84
3110.12	55
3114.02	-18
3117.92	-47
3121.81	55
3125.7	13
3129.58	66
3133.47	-10
3137.34	73
3141.22	38
3145.09	-10
3148.96	136
3152.83	-46
3156.69	-4
3160.55	92
3164.4	42
3168.26	24
3172.1	22
3175.95	39
3179.79	24
3183.63	43
3187.47	-19
3191.3	-13
3195.13	-16
3198.95	55
3202.78	-50
3206.6	35
3210.41	-7
3214.23	3
3218.03	-63
3221.84	49
3225.64	42
3229.44	-76
3233.24	35
3237.03	54
3240.82	66
3244.61	74
3248.39	10
3252.17	12
3255.95	3
3259.72	17
3263.49	44
3267.26	25
3271.03	11
3274.79	3
3278.54	89
3282.3	-16
3286.05	106
3289.8	-25
3293.54	18
3297.29	8
3301.02	3
3304.76	43
3308.49	69
3312.22	-15
3315.95	50
3319.67	65
3323.39	26
3327.1	2
3330.82	9
3334.53	6
3338.24	11
3341.94	64
3345.64	-32
3349.34	55
3353.03	-2
3356.72	29
3360.41	-25
3364.1	52
3367.78	-50
3371.46	83
3375.13	34
3378.81	1
3382.48	15
3386.14	-1
3389.81	11
3393.47	64
3397.12	67
3400.78	-27
3404.43	8
3408.08	35
3411.72	13
3415.36	18
3419	-25
3422.64	-54
3426.27	20
3429.9	25
3433.53	-30
3437.15	4
3440.77	-21
3444.39	30
3448	52
3451.62	120
3455.22	83
3458.83	-13
3462.43	40
3466.03	34
3469.63	35
3473.22	-7
3476.81	20
3480.4	24
3483.99	37
3487.57	-13
3491.15	-16
3494.72	-54
3498.29	-20
3501.86	29
3505.43	43
3508.99	24
3512.56	59
3516.11	10
3519.67	48
3523.22	-35
3526.77	-45
3530.32	46
3533.86	-31
3537.4	20
3540.94	-12
3544.47	5
3548	47
3551.53	-60
3555.06	-43
3558.58	79
3562.1	-42
3565.62	-51
3569.13	-14
3572.64	62
3576.15	-11
3579.66	-46
3583.16	-42
3586.66	28
3590.16	9
3593.65	-3
3597.14	36
3600.63	33
3604.11	13
3607.6	-3
3611.08	-50
3614.55	-16
3618.03	-21
3621.5	-13
3624.97	-80
3628.43	46
3631.9	30
3635.36	5
3638.81	101
3642.27	-14
3645.72	44
3649.17	43
3652.61	44
3656.06	76
3659.5	38
3662.93	-20
3666.37	11
3669.8	26
3673.23	-46
3676.65	-13
3680.08	-15
3683.5	5
3686.92	11
3690.33	-54
3693.74	-6
3697.15	17
3700.56	-46
3703.96	-23
3707.36	48
3710.76	47
3714.16	-37
3717.55	3
3720.94	-70
3724.33	-17
3727.71	-43
3731.1	-11
3734.48	-9
3737.85	-53
3741.23	-3
3744.6	-47
3747.97	-7
3751.33	0
3754.69	16
3758.05	14
3761.41	0
3764.77	13
3768.12	29
3771.47	3
3774.82	40
3778.16	0
3781.5	2
3784.84	-4
3788.18	0
