-37534.58	6
-37414.56	1
-37295.11	-5
-37176.24	-3
-37057.95	-38
-36940.22	-21
-36823.05	11
-36706.45	12
-36590.4	14
-36474.9	-11
-36359.95	30
-36245.55	-35
-36131.68	40
-36018.35	-15
-35905.55	25
-35793.29	38
-35681.54	-53
-35570.32	0
-35459.62	-53
-35349.43	51
-35239.75	17
-35130.58	-54
-35021.91	12
-34913.74	63
-34806.07	-84
-34698.89	-3
-34592.2	15
-34486	29
-34380.28	-54
-34275.04	2
-34170.27	33
-34065.98	-74
-33962.16	-9
-33858.81	-12
-33755.92	38
-33653.49	-23
-33551.52	-23
-33450.01	25
-33348.94	19
-33248.33	-20
-33148.16	-18
-33048.43	14
-32949.14	-16
-32850.29	-18
-32751.87	-6
-32653.89	18
-32556.33	-1
-32459.2	-15
-32362.49	3
-32266.19	-7
-32170.32	-21
-32074.86	-43
-31979.82	49
-31885.18	13
-31790.95	-15
-31697.12	-29
-31603.69	-30
-31510.67	-20
-31418.04	-25
-31325.8	4
-31233.95	-28
-31142.49	-30
-31051.42	-17
-30960.73	32
-30870.43	64
-30780.5	36
-30690.95	59
-30601.77	-44
-30512.97	-92
-30424.53	37
-30336.46	31
-30248.76	35
-30161.42	14
-30074.44	3
-29987.81	35
-29901.55	19
-29815.63	10
-29730.07	17
-29644.86	34
-29560	-14
-29475.48	-22
-29391.3	-23
-29307.47	28
-29223.97	39
-29140.81	27
-29057.99	-34
-28975.5	-26
-28893.34	25
-28811.51	-6
-28730	34
-28648.82	-57
-28567.97	23
-28487.43	-24
-28407.21	39
-28327.32	-27
-28247.73	22
-28168.46	-2
-28089.5	-26
-28010.85	-90
-27932.51	47
-27854.48	-56
-27776.75	16
-27699.32	-52
-27622.19	-57
-27545.37	13
-27468.84	39
-27392.6	2
-27316.66	20
-27241.01	31
-27165.66	9
-27090.59	11
-27015.81	19
-26941.31	-23
-26867.1	-33
-26793.17	96
-26719.52	-25
-26646.15	26
-26573.06	8
-26500.24	39
-26427.7	-28
-26355.43	43
-26283.43	-52
-26211.71	15
-26140.25	-25
-26069.06	-27
-25998.13	-25
-25927.46	-45
-25857.06	-46
-25786.92	-85
-25717.04	-9
-25647.42	25
-25578.05	11
-25508.94	-69
-25440.09	-32
-25371.48	-8
-25303.13	-26
-25235.02	-7
-25167.17	-13
-25099.56	55
-25032.19	-27
-24965.07	-27
-24898.2	-42
-24831.56	13
-24765.17	63
-24699.01	-52
-24633.1	10
-24567.41	65
-24501.97	-44
-24436.75	-32
-24371.77	11
-24307.03	42
-24242.51	30
-24178.22	36
-24114.16	-20
-24050.32	-87
-23986.71	-47
-23923.32	20
-23860.16	10
-23797.22	47
-23734.5	-10
-23672	-96
-23609.71	38
-23547.65	24
-23485.8	47
-23424.16	13
-23362.74	-28
-23301.53	23
-23240.54	-24
-23179.75	-26
-23119.17	-59
-23058.8	-44
-22998.64	26
-22938.68	-17
-22878.93	-31
-22819.39	17
-22760.04	-63
-22700.9	22
-22641.96	-5
-22583.22	-29
-22524.68	21
-22466.33	-85
-22408.19	-13
-22350.23	22
-22292.48	-62
-22234.92	-24
-22177.55	-43
-22120.37	8
-22063.38	-25
-22006.58	34
-21949.98	13
-21893.56	41
-21837.33	-14
-21781.28	15
-21725.42	-31
-21669.74	-2
-21614.25	20
-21558.94	45
-21503.81	-13
-21448.86	57
-21394.1	9
-21339.51	30
-21285.1	-11
-21230.86	-30
-21176.81	32
-21122.93	12
-21069.22	8
-21015.69	-1
-20962.33	59
-20909.14	-18
-20856.13	8
-20803.28	-13
-20750.61	-18
-20698.1	24
-20645.76	-15
-20593.59	-41
-20541.59	39
-20489.75	-8
-20438.07	14
-20386.56	26
-20335.22	-25
-20284.03	-33
-20233.01	27
-20182.15	-38
-20131.45	13
-20080.91	-3
-20030.52	-19
-19980.3	-22
-19930.23	-42
-19880.32	-12
-19830.56	-13
-19780.96	-25
-19731.52	-16
-19682.23	-68
-19633.09	-42
-19584.1	-49
-19535.26	-5
-19486.58	-19
-19438.04	37
-19389.66	-41
-19341.42	-23
-19293.33	-2
-19245.39	-39
-19197.6	11
-19149.95	-1
-19102.45	11
-19055.09	64
-19007.87	-7
-18960.8	-6
-18913.87	40
-18867.09	21
-18820.44	-57
-18773.94	-2
-18727.57	-27
-18681.35	-34
-18635.26	19
-18589.31	-33
-18543.5	61
-18497.83	51
-18452.29	-10
-18406.89	-33
-18361.63	33
-18316.5	-23
-18271.5	58
-18226.63	-49
-18181.9	1
-18137.3	69
-18092.84	-67
-18048.5	58
-18004.29	12
-17960.22	7
-17916.27	33
-17872.45	-34
-17828.76	-59
-17785.2	31
-17741.77	-7
-17698.46	-51
-17655.28	-79
-17612.22	28
-17569.29	-27
-17526.48	-11
-17483.79	-29
-17441.23	9
-17398.79	108
-17356.48	20
-17314.28	61
-17272.21	41
-17230.26	-26
-17188.42	-8
-17146.71	49
-17105.12	33
-17063.64	19
-17022.28	-4
-16981.04	-18
-16939.92	-18
-16898.91	-3
-16858.02	48
-16817.25	-15
-16776.59	4
-16736.04	-27
-16695.61	-11
-16655.29	1
-16615.09	-2
-16574.99	-16
-16535.01	32
-16495.15	-13
-16455.39	-55
-16415.74	-54
-16376.21	-4
-16336.78	4
-16297.46	46
-16258.26	17
-16219.16	-20
-16180.17	66
-16141.28	4
-16102.51	6
-16063.84	75
-16025.27	54
-15986.82	28
-15948.46	21
-15910.22	13
-15872.07	-12
-15834.04	-57
-15796.1	-4
-15758.27	48
-15720.54	-41
-15682.91	45
-15645.39	-20
-15607.97	-60
-15570.64	-34
-15533.42	-44
-15496.3	-15
-15459.28	33
-15422.36	-29
-15385.54	-2
-15348.82	-27
-15312.19	-36
-15275.66	54
-15239.23	-26
-15202.9	-50
-15166.67	-34
-15130.53	4
-15094.48	52
-15058.54	29
-15022.68	18
-14986.93	13
-14951.26	18
-14915.69	28
-14880.22	59
-14844.84	-12
-14809.55	59
-14774.35	-9
-14739.25	-9
-14704.24	-10
-14669.32	25
-14634.49	-61
-14599.75	-40
-14565.1	9
-14530.55	-36
-14496.08	-19
-14461.7	-41
-14427.41	5
-14393.21	-24
-14359.1	25
-14325.07	-4
-14291.14	73
-14257.29	23
-14223.52	-34
-14189.85	61
-14156.26	41
-14122.76	-24
-14089.34	-2
-14056.01	-19
-14022.76	73
-13989.6	-73
-13956.52	-18
-13923.53	20
-13890.62	-25
-13857.79	28
-13825.05	23
-13792.39	74
-13759.81	-50
-13727.31	-14
-13694.9	49
-13662.57	-11
-13630.31	43
-13598.14	-29
-13566.05	-31
-13534.05	27
-13502.12	21
-13470.27	-33
-13438.5	65
-13406.8	-3
-13375.19	23
-13343.66	20
-13312.2	4
-13280.83	-56
-13249.53	47
-13218.3	39
-13187.16	6
-13156.09	-1
-13125.1	35
-13094.18	-10
-13063.34	-32
-13032.58	2
-13001.89	13
-12971.28	4
-12940.74	33
-12910.27	58
-12879.88	5
-12849.57	-36
-12819.33	-14
-12789.16	8
-12759.06	57
-12729.04	-26
-12699.09	-18
-12669.21	-87
-12639.41	3
-12609.68	-43
-12580.02	17
-12550.43	-10
-12520.91	28
-12491.46	-22
-12462.08	9
-12432.77	-33
-12403.54	9
-12374.37	-44
-12345.27	-17
-12316.24	31
-12287.29	-51
-12258.4	48
-12229.57	19
-12200.82	-32
-12172.14	23
-12143.52	31
-12114.97	-46
-12086.49	16
-12058.07	-24
-12029.73	-66
-12001.44	-13
-11973.23	-36
-11945.08	54
-11917	34
-11888.98	-51
-11861.03	-37
-11833.15	-34
-11805.32	-54
-11777.57	54
-11749.88	-18
-11722.25	-34
-11694.69	1
-11667.19	-19
-11639.75	55
-11612.38	-55
-11585.07	24
-11557.83	115
-11530.65	0
-11503.53	3
-11476.47	69
-11449.48	-34
-11422.54	-40
-11395.67	-3
-11368.86	5
-11342.11	26
-11315.43	76
-11288.8	11
-11262.23	13
-11235.73	-44
-11209.28	4
-11182.9	-88
-11156.57	-4
-11130.31	-2
-11104.1	-52
-11077.96	10
-11051.87	-47
-11025.84	-37
-10999.87	32
-10973.96	-50
-10948.11	-8
-10922.31	30
-10896.58	1
-10870.9	40
-10845.28	-79
-10819.71	-42
-10794.2	27
-10768.75	-15
-10743.36	29
-10718.02	42
-10692.74	49
-10667.52	-38
-10642.35	25
-10617.24	71
-10592.18	-37
-10567.18	33
-10542.23	52
-10517.34	128
-10492.51	1
-10467.72	21
-10443	44
-10418.32	40
-10393.7	16
-10369.14	11
-10344.63	82
-10320.17	76
-10295.77	112
-10271.42	35
-10247.12	-42
-10222.88	115
-10198.68	73
-10174.54	51
-10150.46	76
-10126.42	147
-10102.44	99
-10078.51	107
-10054.63	98
-10030.8	104
-10007.03	73
-9983.3	140
-9959.63	144
-9936.01	167
-9912.44	137
-9888.92	118
-9865.44	157
-9842.02	175
-9818.65	252
-9795.33	214
-9772.06	285
-9748.84	274
-9725.67	283
-9702.55	273
-9679.47	372
-9656.45	351
-9633.47	358
-9610.55	439
-9587.67	293
-9564.84	382
-9542.06	522
-9519.32	517
-9496.64	641
-9474	694
-9451.41	716
-9428.87	727
-9406.37	722
-9383.92	663
-9361.52	655
-9339.17	767
-9316.86	835
-9294.6	951
-9272.38	1067
-9250.21	1144
-9228.09	1182
-9206.01	1133
-9183.98	1016
-9162	1073
-9140.06	985
-9118.16	1013
-9096.31	1085
-9074.51	1157
-9052.75	1086
-9031.04	1024
-9009.37	946
-8987.74	832
-8966.16	762
-8944.63	631
-8923.14	642
-8901.69	652
-8880.29	814
-8858.93	889
-8837.61	922
-8816.34	992
-8795.11	1017
-8773.92	889
-8752.78	772
-8731.68	782
-8710.62	744
-8689.61	790
-8668.63	770
-8647.7	876
-8626.82	909
-8605.97	854
-8585.17	833
-8564.41	665
-8543.69	673
-8523.01	613
-8502.37	726
-8481.78	696
-8461.23	879
-8440.71	797
-8420.24	892
-8399.81	875
-8379.42	872
-8359.08	907
-8338.77	776
-8318.5	692
-8298.27	685
-8278.09	675
-8257.94	770
-8237.83	786
-8217.76	850
-8197.74	861
-8177.75	875
-8157.8	714
-8137.89	691
-8118.02	647
-8098.19	666
-8078.4	691
-8058.65	687
-8038.93	713
-8019.26	644
-7999.62	610
-7980.02	602
-7960.46	580
-7940.94	588
-7921.46	581
-7902.01	486
-7882.6	557
-7863.23	528
-7843.9	510
-7824.61	609
-7805.35	627
-7786.13	591
-7766.95	664
-7747.8	595
-7728.69	507
-7709.62	581
-7690.59	585
-7671.59	561
-7652.63	663
-7633.7	626
-7614.81	657
-7595.96	561
-7577.15	430
-7558.37	499
-7539.62	525
-7520.91	597
-7502.24	604
-7483.6	570
-7465	568
-7446.44	488
-7427.91	459
-7409.41	344
-7390.95	294
-7372.53	306
-7354.14	404
-7335.78	377
-7317.46	370
-7299.18	416
-7280.92	527
-7262.71	556
-7244.52	594
-7226.38	573
-7208.26	529
-7190.18	529
-7172.14	484
-7154.12	539
-7136.15	524
-7118.2	540
-7100.29	532
-7082.41	529
-7064.57	515
-7046.76	454
-7028.98	461
-7011.24	398
-6993.53	335
-6975.85	338
-6958.2	266
-6940.59	250
-6923.01	230
-6905.46	305
-6887.94	316
-6870.46	515
-6853.01	540
-6835.59	510
-6818.21	410
-6800.85	337
-6783.53	323
-6766.24	216
-6748.98	182
-6731.76	221
-6714.56	193
-6697.4	261
-6680.26	223
-6663.16	308
-6646.09	299
-6629.05	396
-6612.05	430
-6595.07	360
-6578.13	394
-6561.21	316
-6544.33	278
-6527.47	85
-6510.65	151
-6493.86	175
-6477.1	154
-6460.36	225
-6443.66	142
-6426.99	221
-6410.35	148
-6393.74	215
-6377.16	99
-6360.61	234
-6344.09	278
-6327.59	316
-6311.13	306
-6294.7	220
-6278.29	312
-6261.92	342
-6245.58	317
-6229.26	432
-6212.97	374
-6196.72	278
-6180.49	231
-6164.29	110
-6148.12	136
-6131.98	104
-6115.86	51
-6099.78	96
-6083.72	38
-6067.69	158
-6051.69	11
-6035.72	120
-6019.78	92
-6003.87	179
-5987.98	171
-5972.12	296
-5956.29	276
-5940.49	294
-5924.71	162
-5908.96	146
-5893.24	152
-5877.55	86
-5861.89	96
-5846.25	86
-5830.64	80
-5815.05	191
-5799.5	166
-5783.97	130
-5768.47	111
-5752.99	162
-5737.55	294
-5722.12	287
-5706.73	287
-5691.36	190
-5676.02	137
-5660.71	91
-5645.42	146
-5630.16	88
-5614.92	203
-5599.71	162
-5584.53	213
-5569.37	227
-5554.24	-159
-5539.14	179
-5524.06	109
-5509.01	116
-5493.98	142
-5478.98	213
-5464	115
-5449.05	165
-5434.13	52
-5419.23	113
-5404.36	98
-5389.51	149
-5374.69	217
-5359.89	267
-5345.12	304
-5330.37	250
-5315.65	210
-5300.95	151
-5286.28	141
-5271.63	103
-5257.01	149
-5242.41	176
-5227.84	151
-5213.29	87
-5198.76	57
-5184.26	32
-5169.79	94
-5155.33	100
-5140.91	221
-5126.51	195
-5112.13	174
-5097.77	185
-5083.44	101
-5069.13	120
-5054.85	139
-5040.59	60
-5026.36	131
-5012.15	228
-4997.96	144
-4983.8	149
-4969.66	22
-4955.54	87
-4941.44	146
-4927.37	153
-4913.33	266
-4899.3	325
-4885.3	276
-4871.33	188
-4857.37	87
-4843.44	80
-4829.53	35
-4815.65	131
-4801.79	109
-4787.95	129
-4774.13	87
-4760.34	108
-4746.56	50
-4732.82	59
-4719.09	131
-4705.38	147
-4691.7	283
-4678.04	238
-4664.41	174
-4650.79	125
-4637.2	59
-4623.63	105
-4610.08	195
-4596.56	126
-4583.05	167
-4569.57	147
-4556.11	76
-4542.67	85
-4529.25	78
-4515.86	128
-4502.49	228
-4489.13	178
-4475.8	121
-4462.49	152
-4449.21	48
-4435.94	24
-4422.7	81
-4409.47	53
-4396.27	113
-4383.09	149
-4369.93	36
-4356.79	23
-4343.67	55
-4330.58	77
-4317.5	108
-4304.45	110
-4291.41	130
-4278.4	98
-4265.41	49
-4252.44	64
-4239.49	132
-4226.55	135
-4213.65	74
-4200.76	0
-4187.89	6
-4175.04	53
-4162.21	48
-4149.4	50
-4136.61	47
-4123.85	-27
-4111.1	-22
-4098.37	53
-4085.66	41
-4072.98	20
-4060.31	8
-4047.66	-47
-4035.04	-13
-4022.43	72
-4009.84	41
-3997.27	48
-3984.72	52
-3972.19	53
-3959.69	-23
-3947.2	37
-3934.73	48
-3922.27	-67
-3909.84	-69
-3897.43	-44
-3885.04	-4
-3872.67	24
-3860.31	27
-3847.98	-7
-3835.66	-35
-3823.36	41
-3811.09	59
-3798.83	-35
-3786.59	-23
-3774.37	-23
-3762.17	-30
-3749.98	55
-3737.82	-36
-3725.67	32
-3713.55	-6
-3701.44	18
-3689.35	-2
-3677.28	51
-3665.22	-3
-3653.19	10
-3641.17	33
-3629.18	25
-3617.2	-9
-3605.24	15
-3593.3	-68
-3581.37	33
-3569.47	38
-3557.58	-7
-3545.71	-8
-3533.86	-9
-3522.02	-33
-3510.21	25
-3498.41	-48
-3486.63	72
-3474.87	33
-3463.12	-57
-3451.4	-15
-3439.69	-42
-3428	4
-3416.33	-3
-3404.67	-11
-3393.03	29
-3381.41	4
-3369.81	46
-3358.22	-52
-3346.66	-29
-3335.1	-7
-3323.57	-32
-3312.06	-1
-3300.56	44
-3289.08	-79
-3277.61	29
-3266.16	-55
-3254.73	0
-3243.32	-3
-3231.92	10
-3220.55	-16
-3209.18	-15
-3197.84	-40
-3186.51	9
-3175.2	39
-3163.9	-52
-3152.63	-37
-3141.36	27
-3130.12	-73
-3118.89	18
-3107.68	-36
-3096.49	-26
-3085.31	10
-3074.15	-37
-3063	-54
-3051.87	-17
-3040.76	52
-3029.67	14
-3018.59	35
-3007.52	-30
-2996.48	6
-2985.44	47
-2974.43	38
-2963.43	62
-2952.45	-39
-2941.48	-10
-2930.53	-42
-2919.6	45
-2908.68	5
-2897.78	-46
-2886.89	55
-2876.02	38
-2865.17	29
-2854.33	18
-2843.5	28
-2832.7	-31
-2821.9	-78
-2811.13	-29
-2800.37	1
-2789.62	-30
-2778.89	-54
-2768.18	18
-2757.48	-54
-2746.8	-4
-2736.13	-24
-2725.48	-49
-2714.84	40
-2704.22	-40
-2693.61	-51
-2683.02	-20
-2672.45	3
-2661.89	28
-2651.34	12
-2640.81	15
-2630.3	25
-2619.8	-30
-2609.31	-57
-2598.84	-38
-2588.39	10
-2577.95	-23
-2567.52	-27
-2557.11	50
-2546.71	-34
-2536.33	8
-2525.97	14
-2515.62	52
-2505.28	42
-2494.96	-19
-2484.65	-13
-2474.36	34
-2464.08	4
-2453.82	-53
-2443.57	-2
-2433.33	-17
-2423.11	-27
-2412.91	-57
-2402.72	15
-2392.54	-5
-2382.38	55
-2372.23	10
-2362.09	148
-2351.97	-44
-2341.87	-17
-2331.78	-19
-2321.7	62
-2311.64	-46
-2301.59	4
-2291.55	-50
-2281.53	-32
-2271.53	-34
-2261.53	-34
-2251.55	28
-2241.59	-24
-2231.64	73
-2221.7	-16
-2211.78	-39
-2201.87	-39
-2191.97	-1
-2182.09	41
-2172.22	-47
-2162.37	-13
-2152.53	-30
-2142.7	-23
-2132.89	-38
-2123.09	12
-2113.3	64
-2103.53	6
-2093.77	-11
-2084.02	27
-2074.29	0
-2064.57	5
-2054.86	53
-2045.17	-28
-2035.49	23
-2025.82	6
-2016.17	6
-2006.53	35
-1996.91	38
-1987.29	-64
-1977.69	-78
-1968.11	26
-1958.53	-30
-1948.97	30
-1939.42	47
-1929.89	16
-1920.37	-2
-1910.86	17
-1901.36	11
-1891.88	57
-1882.41	14
-1872.95	31
-1863.51	53
-1854.08	-31
-1844.66	33
-1835.26	17
-1825.86	6
-1816.48	-80
-1807.11	-30
-1797.76	-20
-1788.42	42
-1779.09	14
-1769.77	9
-1760.47	88
-1751.17	-37
-1741.89	-37
-1732.63	26
-1723.37	-7
-1714.13	-57
-1704.9	41
-1695.68	64
-1686.48	110
-1677.29	-54
-1668.11	43
-1658.94	-56
-1649.78	5
-1640.64	50
-1631.51	4
-1622.39	67
-1613.28	-27
-1604.19	47
-1595.1	-16
-1586.03	0
-1576.97	-48
-1567.93	35
-1558.89	25
-1549.87	-27
-1540.86	-10
-1531.86	-57
-1522.87	-14
-1513.9	35
-1504.93	-43
-1495.98	-13
-1487.04	17
-1478.12	10
-1469.2	13
-1460.3	-36
-1451.4	47
-1442.52	60
-1433.65	39
-1424.8	96
-1415.95	-15
-1407.12	31
-1398.3	-48
-1389.48	53
-1380.69	-49
-1371.9	-4
-1363.12	3
-1354.36	52
-1345.6	-45
-1336.86	-6
-1328.13	-4
-1319.41	-54
-1310.7	-47
-1302.01	-5
-1293.32	-17
-1284.65	5
-1275.99	-96
-1267.33	7
-1258.69	39
-1250.06	16
-1241.45	-7
-1232.84	-16
-1224.25	51
-1215.66	-58
-1207.09	102
-1198.53	45
-1189.97	-12
-1181.43	12
-1172.91	14
-1164.39	-20
-1155.88	45
-1147.38	19
-1138.9	82
-1130.43	20
-1121.96	-2
-1113.51	-6
-1105.07	-74
-1096.64	24
-1088.22	-80
-1079.81	89
-1071.41	-1
-1063.02	5
-1054.65	19
-1046.28	27
-1037.92	11
-1029.58	-85
-1021.24	-16
-1012.92	-5
-1004.61	-29
-996.3	-84
-988.01	14
-979.73	-28
-971.46	-38
-963.2	-24
-954.95	27
-946.71	-17
-938.48	13
-930.26	10
-922.06	18
-913.86	13
-905.67	-9
-897.49	-41
-889.33	-24
-881.17	6
-873.02	5
-864.89	12
-856.76	29
-848.65	-44
-840.54	33
-832.45	10
-824.36	5
-816.29	16
-808.22	32
-800.17	24
-792.12	62
-784.09	-46
-776.06	-58
-768.05	-11
-760.04	56
-752.05	15
-744.07	-34
-736.09	-37
-728.13	-58
-720.17	29
-712.23	13
-704.29	7
-696.37	37
-688.45	-21
-680.55	-78
-672.65	5
-664.77	-22
-656.89	8
-649.03	47
-641.17	29
-633.32	9
-625.49	11
-617.66	-16
-609.84	-10
-602.03	25
-594.23	70
-586.45	-24
-578.67	29
-570.9	-13
-563.14	68
-555.39	12
-547.65	-35
-539.91	55
-532.19	88
-524.48	9
-516.78	6
-509.08	-11
-501.4	19
-493.72	36
-486.06	54
-478.4	55
-470.76	20
-463.12	-50
-455.49	31
-447.87	12
-440.26	16
-432.66	35
-425.07	-8
-417.49	12
-409.92	-14
-402.35	-3
-394.8	36
-387.25	31
-379.72	-12
-372.19	-18
-364.67	-33
-357.17	52
-349.67	14
-342.18	-3
-334.69	67
-327.22	48
-319.76	28
-312.3	28
-304.86	38
-297.42	92
-290	96
-282.58	-14
-275.17	58
-267.77	23
-260.37	85
-252.99	68
-245.62	12
-238.25	94
-230.9	85
-223.55	31
-216.21	16
-208.88	149
-201.56	70
-194.25	100
-186.94	101
-179.65	86
-172.36	179
-165.08	210
-157.81	154
-150.55	216
-143.3	200
-136.06	293
-128.82	320
-121.6	350
-114.38	312
-107.17	396
-99.97	386
-92.78	475
-85.6	548
-78.42	654
-71.25	710
-64.1	919
-56.95	1000
-49.81	1242
-42.67	1565
-35.55	1863
-28.43	2640
-21.33	4540
-14.23	15190
-7.14	59317
-0.05	59203
7.02	59046
14.09	46292
21.14	12095
28.19	5023
35.23	3267
42.27	2416
49.29	1936
56.31	1647
63.32	1403
70.32	1151
77.31	949
84.29	824
91.27	682
98.23	658
105.19	580
112.14	553
119.09	643
126.02	912
132.95	974
139.87	945
146.78	977
153.68	886
160.58	872
167.46	910
174.34	893
181.21	858
188.08	748
194.93	818
201.78	755
208.62	741
215.45	793
222.27	822
229.09	694
235.9	681
242.7	734
249.49	770
256.27	697
263.05	650
269.82	722
276.58	620
283.33	678
290.08	686
296.82	578
303.55	700
310.27	652
316.98	657
323.69	662
330.39	604
337.08	603
343.76	584
350.44	592
357.11	619
363.77	604
370.42	602
377.07	641
383.71	604
390.34	637
396.96	607
403.58	590
410.19	513
416.79	581
423.38	554
429.97	660
436.55	555
443.12	527
449.68	558
456.24	532
462.79	498
469.33	492
475.86	471
482.39	571
488.91	454
495.42	544
501.93	499
508.42	514
514.91	534
521.4	561
527.87	427
534.34	374
540.8	490
547.25	479
553.7	469
560.14	405
566.57	484
573	485
579.41	452
585.83	396
592.23	462
598.62	446
605.01	424
611.4	433
617.77	432
624.14	386
630.5	421
636.85	447
643.2	370
649.54	419
655.87	360
662.2	502
668.52	397
674.83	414
681.13	404
687.43	375
693.72	433
700	359
706.28	408
712.55	305
718.81	360
725.07	418
731.32	361
737.56	397
743.79	362
750.02	413
756.24	387
762.46	458
768.67	330
774.87	338
781.06	490
787.25	423
793.43	384
799.6	406
805.77	374
811.93	416
818.08	375
824.23	428
830.37	438
836.5	439
842.63	391
848.75	415
854.87	407
860.97	441
867.07	394
873.17	335
879.25	389
885.33	392
891.41	376
897.47	446
903.53	420
909.59	368
915.63	360
921.67	376
927.71	368
933.74	355
939.76	269
945.77	346
951.78	314
957.78	294
963.78	276
969.77	274
975.75	407
981.72	345
987.69	307
993.66	374
999.61	285
1005.56	373
1011.51	364
1017.44	330
1023.37	319
1029.3	316
1035.22	365
1041.13	388
1047.03	362
1052.93	434
1058.83	462
1064.71	512
1070.59	419
1076.47	441
1082.33	379
1088.2	346
1094.05	395
1099.9	311
1105.74	408
1111.58	336
1117.41	392
1123.23	490
1129.05	544
1134.86	454
1140.67	433
1146.47	334
1152.26	330
1158.05	363
1163.83	371
1169.6	342
1175.37	319
1181.13	299
1186.89	267
1192.64	254
1198.38	340
1204.12	326
1209.85	187
1215.58	229
1221.3	263
1227.02	262
1232.72	380
1238.43	293
1244.12	238
1249.81	325
1255.5	262
1261.17	324
1266.85	344
1272.51	428
1278.17	325
1283.83	348
1289.47	493
1295.12	559
1300.75	567
1306.38	484
1312.01	524
1317.63	347
1323.24	321
1328.85	427
1334.45	414
1340.04	357
1345.63	359
1351.22	356
1356.8	345
1362.37	400
1367.93	381
1373.49	381
1379.05	409
1384.6	341
1390.14	301
1395.68	323
1401.21	286
1406.74	334
1412.26	447
1417.77	429
1423.28	471
1428.78	536
1434.28	534
1439.77	675
1445.26	610
1450.74	658
1456.22	573
1461.68	559
1467.15	572
1472.61	552
1478.06	333
1483.51	368
1488.95	308
1494.38	367
1499.81	317
1505.24	348
1510.65	301
1516.07	251
1521.48	248
1526.88	269
1532.27	331
1537.67	223
1543.05	306
1548.43	240
1553.81	267
1559.18	210
1564.54	263
1569.9	304
1575.25	257
1580.6	294
1585.94	255
1591.28	260
1596.61	226
1601.93	252
1607.25	220
1612.57	245
1617.88	255
1623.18	217
1628.48	269
1633.77	265
1639.06	176
1644.34	285
1649.62	219
1654.89	224
1660.16	251
1665.42	248
1670.67	232
1675.92	251
1681.17	246
1686.41	235
1691.64	220
1696.87	218
1702.1	145
1707.32	272
1712.53	253
1717.74	209
1722.94	232
1728.14	198
1733.33	180
1738.52	224
1743.7	254
1748.88	236
1754.05	235
1759.22	201
1764.38	613
1769.53	162
1774.69	198
1779.83	201
1784.97	145
1790.11	195
1795.24	225
1800.36	186
1805.48	219
1810.6	141
1815.71	110
1820.82	179
1825.92	165
1831.01	202
1836.1	167
1841.19	146
1846.26	254
1851.34	209
1856.41	164
1861.47	191
1866.53	139
1871.59	201
1876.64	155
1881.68	151
1886.72	100
1891.76	154
1896.79	184
1901.81	201
1906.83	147
1911.85	186
1916.86	194
1921.86	234
1926.86	126
1931.86	151
1936.85	164
1941.83	209
1946.81	105
1951.79	63
1956.76	136
1961.72	176
1966.68	141
1971.64	154
1976.59	132
1981.54	151
1986.48	98
1991.42	95
1996.35	125
2001.27	52
2006.2	190
2011.11	127
2016.03	120
2020.93	95
2025.84	101
2030.73	102
2035.63	110
2040.52	42
2045.4	143
2050.28	89
2055.15	112
2060.02	80
2064.89	124
2069.75	111
2074.6	88
2079.46	138
2084.3	96
2089.14	158
2093.98	57
2098.81	59
2103.64	158
2108.46	159
2113.28	140
2118.09	115
2122.9	151
2127.7	84
2132.5	222
2137.3	105
2142.09	90
2146.87	57
2151.66	84
2156.43	86
2161.2	34
2165.97	42
2170.73	64
2175.49	110
2180.24	81
2184.99	64
2189.74	103
2194.48	137
2199.21	114
2203.94	85
2208.67	142
2213.39	157
2218.11	136
2222.82	78
2227.53	94
2232.23	60
2236.93	75
2241.63	117
2246.32	103
2251	112
2255.68	18
2260.36	91
2265.03	115
2269.7	67
2274.36	113
2279.02	118
2283.68	20
2288.33	88
2292.97	89
2297.61	144
2302.25	126
2306.88	109
2311.51	80
2316.14	96
2320.75	43
2325.37	64
2329.98	82
2334.59	41
2339.19	127
2343.79	46
2348.38	72
2352.97	39
2357.55	180
2362.13	58
2366.71	115
2371.28	33
2375.85	59
2380.41	27
2384.97	92
2389.52	79
2394.07	88
2398.62	53
2403.16	42
2407.7	25
2412.23	80
2416.76	49
2421.29	31
2425.81	33
2430.32	48
2434.84	100
2439.34	75
2443.85	50
2448.35	50
2452.84	60
2457.33	66
2461.82	47
2466.3	33
2470.78	49
2475.25	42
2479.72	105
2484.19	58
2488.65	-43
2493.11	88
2497.56	115
2502.01	48
2506.46	113
2510.9	49
2515.34	50
2519.77	20
2524.2	57
2528.62	-28
2533.04	37
2537.46	26
2541.87	75
2546.28	60
2550.68	89
2555.08	42
2559.48	85
2563.87	116
2568.26	-35
2572.64	33
2577.02	61
2581.4	94
2585.77	58
2590.14	38
2594.5	16
2598.86	91
2603.22	38
2607.57	34
2611.92	42
2616.26	116
2620.6	46
2624.94	88
2629.27	67
2633.6	97
2637.92	10
2642.24	7
2646.56	113
2650.87	36
2655.18	68
2659.48	93
2663.78	39
2668.08	31
2672.37	50
2676.66	89
2680.95	92
2685.23	111
2689.5	77
2693.78	24
2698.05	55
2702.31	96
2706.57	67
2710.83	70
2715.08	57
2719.33	13
2723.58	55
2727.82	147
2732.06	165
2736.29	80
2740.53	63
2744.75	88
2748.97	28
2753.19	16
2757.41	83
2761.62	120
2765.83	61
2770.03	54
2774.23	93
2778.43	52
2782.62	171
2786.81	83
2791	45
2795.18	86
2799.35	121
2803.53	93
2807.7	143
2811.86	66
2816.03	136
2820.19	179
2824.34	197
2828.49	141
2832.64	182
2836.78	218
2840.92	324
2845.06	406
2849.19	452
2853.32	484
2857.45	432
2861.57	469
2865.69	407
2869.8	466
2873.91	484
2878.02	461
2882.12	492
2886.22	481
2890.32	528
2894.41	433
2898.5	412
2902.58	394
2906.67	327
2910.74	418
2914.82	292
2918.89	282
2922.96	280
2927.02	227
2931.08	221
2935.13	218
2939.19	223
2943.24	177
2947.28	167
2951.32	144
2955.36	127
2959.4	289
2963.43	98
2967.46	115
2971.48	163
2975.5	47
2979.52	55
2983.53	129
2987.54	70
2991.55	33
2995.55	13
2999.55	106
3003.54	-55
3007.54	84
3011.53	57
3015.51	99
3019.49	65
3023.47	88
3027.45	39
3031.42	33
3035.39	37
3039.35	45
3043.31	69
3047.27	44
3051.22	37
3055.17	9
3059.12	54
3063.06	41
3067	61
3070.94	-27
3074.87	68
3078.8	62
3082.73	-21
3086.65	73
3090.57	23
3094.49	108
3098.4	60
3102.31	24
3106.22	10
3110.12	96
3114.02	15
3117.92	-46
3121.81	-2
3125.7	-36
3129.58	78
3133.47	-20
3137.34	46
3141.22	17
3145.09	64
3148.96	55
3152.83	-47
3156.69	40
3160.55	5
3164.4	20
3168.26	59
3172.1	35
3175.95	61
3179.79	-19
3183.63	6
3187.47	-1
3191.3	-14
3195.13	19
3198.95	24
3202.78	27
3206.6	71
3210.41	-46
3214.23	35
3218.03	-36
3221.84	-42
3225.64	60
3229.44	-73
3233.24	66
3237.03	19
3240.82	-3
3244.61	58
3248.39	21
3252.17	-11
3255.95	38
3259.72	-12
3263.49	100
3267.26	-66
3271.03	4
3274.79	-4
3278.54	46
3282.3	5
3286.05	50
3289.8	79
3293.54	105
3297.29	16
3301.02	2
3304.76	17
3308.49	22
3312.22	25
3315.95	-3
3319.67	30
3323.39	-48
3327.1	22
3330.82	-19
3334.53	-8
3338.24	-30
3341.94	21
3345.64	2
3349.34	42
3353.03	-64
3356.72	53
3360.41	6
3364.1	-7
3367.78	-8
3371.46	39
3375.13	-3
3378.81	-15
3382.48	73
3386.14	54
3389.81	-30
3393.47	32
3397.12	27
3400.78	-25
3404.43	76
3408.08	-6
3411.72	4
3415.36	23
3419	-34
3422.64	-40
3426.27	-14
3429.9	37
3433.53	-41
3437.15	5
3440.77	36
3444.39	61
3448	-7
3451.62	49
3455.22	50
3458.83	-7
3462.43	-1
3466.03	-40
3469.63	64
3473.22	-20
3476.81	24
3480.4	14
3483.99	-4
3487.57	-3
3491.15	-74
3494.72	-56
3498.29	-11
3501.86	0
3505.43	45
3508.99	59
3512.56	68
3516.11	15
3519.67	38
3523.22	99
3526.77	-26
3530.32	57
3533.86	9
3537.4	4
3540.94	-8
3544.47	2
3548	53
3551.53	-8
3555.06	-6
3558.58	49
3562.1	17
3565.62	-7
3569.13	20
3572.64	78
3576.15	4
3579.66	-33
3583.16	-39
3586.66	30
3590.16	73
3593.65	28
3597.14	-6
3600.63	-33
3604.11	-48
3607.6	10
3611.08	-6
3614.55	-14
3618.03	-55
3621.5	60
3624.97	-11
3628.43	27
3631.9	34
3635.36	25
3638.81	17
3642.27	-33
3645.72	12
3649.17	-12
3652.61	67
3656.06	36
3659.5	48
3662.93	19
3666.37	-20
3669.8	-100
3673.23	37
3676.65	21
3680.08	-7
3683.5	1
3686.92	-16
3690.33	-19
3693.74	-25
3697.15	16
3700.56	-26
3703.96	44
3707.36	29
3710.76	0
3714.16	-26
3717.55	-16
3720.94	-12
3724.33	-44
3727.71	-22
3731.1	2
3734.48	48
3737.85	-96
3741.23	-19
3744.6	5
3747.97	-44
3751.33	-20
3754.69	16
3758.05	12
3761.41	13
3764.77	25
3768.12	-22
3771.47	-5
3774.82	25
3778.16	-3
3781.5	3
3784.84	1
3788.18	-3
