-37534.58	5
-37414.56	1
-37295.11	0
-37176.24	2
-37057.95	-38
-36940.22	-27
-36823.05	4
-36706.45	2
-36590.4	-16
-36474.9	-26
-36359.95	23
-36245.55	-3
-36131.68	12
-36018.35	-15
-35905.55	54
-35793.29	17
-35681.54	-69
-35570.32	47
-35459.62	-56
-35349.43	17
-35239.75	-16
-35130.58	-20
-35021.91	-51
-34913.74	-23
-34806.07	-23
-34698.89	-7
-34592.2	-18
-34486	21
-34380.28	-35
-34275.04	15
-34170.27	45
-34065.98	-43
-33962.16	13
-33858.81	30
-33755.92	41
-33653.49	-13
-33551.52	2
-33450.01	38
-33348.94	92
-33248.33	-42
-33148.16	-58
-33048.43	-37
-32949.14	-14
-32850.29	-47
-32751.87	-25
-32653.89	-19
-32556.33	48
-32459.2	-34
-32362.49	-6
-32266.19	-49
-32170.32	-10
-32074.86	-26
-31979.82	-32
-31885.18	-1
-31790.95	-51
-31697.12	-68
-31603.69	49
-31510.67	-4
-31418.04	-27
-31325.8	-13
-31233.95	-56
-31142.49	-28
-31051.42	-12
-30960.73	-10
-30870.43	71
-30780.5	55
-30690.95	52
-30601.77	31
-30512.97	-103
-30424.53	17
-30336.46	12
-30248.76	38
-30161.42	59
-30074.44	-22
-29987.81	25
-29901.55	-13
-29815.63	-19
-29730.07	7
-29644.86	-23
-29560	33
-29475.48	-60
-29391.3	-73
-29307.47	-10
-29223.97	52
-29140.81	67
-29057.99	-56
-28975.5	-3
-28893.34	21
-28811.51	-53
-28730	0
-28648.82	-41
-28567.97	59
-28487.43	5
-28407.21	28
-28327.32	-53
-28247.73	18
-28168.46	23
-28089.5	23
-28010.85	-102
-27932.51	36
-27854.48	-130
-27776.75	10
-27699.32	-43
-27622.19	40
-27545.37	-46
-27468.84	-41
-27392.6	-24
-27316.66	77
-27241.01	-22
-27165.66	-9
-27090.59	-42
-27015.81	34
-26941.31	-40
-26867.1	-33
-26793.17	79
-26719.52	-54
-26646.15	79
-26573.06	-14
-26500.24	25
-26427.7	-32
-26355.43	-37
-26283.43	3
-26211.71	38
-26140.25	-15
-26069.06	-36
-25998.13	-32
-25927.46	4
-25857.06	-1
-25786.92	-40
-25717.04	-4
-25647.42	-26
-25578.05	6
-25508.94	-17
-25440.09	-8
-25371.48	-32
-25303.13	-38
-25235.02	-26
-25167.17	-30
-25099.56	13
-25032.19	27
-24965.07	-23
-24898.2	-33
-24831.56	-39
-24765.17	56
-24699.01	11
-24633.1	22
-24567.41	-24
-24501.97	-32
-24436.75	-53
-24371.77	-14
-24307.03	-2
-24242.51	-57
-24178.22	-1
-24114.16	-28
-24050.32	-34
-23986.71	-10
-23923.32	-6
-23860.16	13
-23797.22	18
-23734.5	-68
-23672	-91
-23609.71	49
-23547.65	-13
-23485.8	3
-23424.16	12
-23362.74	25
-23301.53	34
-23240.54	34
-23179.75	-42
-23119.17	16
-23058.8	-58
-22998.64	-9
-22938.68	5
-22878.93	1
-22819.39	15
-22760.04	-5
-22700.9	-23
-22641.96	20
-22583.22	-18
-22524.68	1
-22466.33	-62
-22408.19	-6
-22350.23	-76
-22292.48	-84
-22234.92	-18
-22177.55	-13
-22120.37	-48
-22063.38	-4
-22006.58	-41
-21949.98	16
-21893.56	30
-21837.33	-53
-21781.28	16
-21725.42	-35
-21669.74	-24
-21614.25	8
-21558.94	29
-21503.81	-11
-21448.86	66
-21394.1	-48
-21339.51	12
-21285.1	26
-21230.86	0
-21176.81	11
-21122.93	-47
-21069.22	22
-21015.69	-19
-20962.33	12
-20909.14	0
-20856.13	2
-20803.28	-2
-20750.61	30
-20698.1	2
-20645.76	18
-20593.59	-2
-20541.59	-63
-20489.75	-12
-20438.07	21
-20386.56	27
-20335.22	10
-20284.03	-12
-20233.01	-35
-20182.15	-32
-20131.45	-35
-20080.91	17
-20030.52	-28
-19980.3	-61
-19930.23	-17
-19880.32	-12
-19830.56	-22
-19780.96	-57
-19731.52	-21
-19682.23	-77
-19633.09	5
-19584.1	-28
-19535.26	1
-19486.58	29
-19438.04	47
-19389.66	1
-19341.42	27
-19293.33	21
-19245.39	-75
-19197.6	28
-19149.95	-12
-19102.45	-5
-19055.09	71
-19007.87	19
-18960.8	29
-18913.87	55
-18867.09	-15
-18820.44	-19
-18773.94	-34
-18727.57	-43
-18681.35	-11
-18635.26	-6
-18589.31	-72
-18543.5	86
-18497.83	-13
-18452.29	11
-18406.89	-19
-18361.63	57
-18316.5	-27
-18271.5	19
-18226.63	-27
-18181.9	8
-18137.3	35
-18092.84	-49
-18048.5	20
-18004.29	-32
-17960.22	48
-17916.27	-6
-17872.45	-11
-17828.76	-26
-17785.2	-10
-17741.77	0
-17698.46	-64
-17655.28	-81
-17612.22	30
-17569.29	4
-17526.48	-72
-17483.79	-4
-17441.23	29
-17398.79	39
-17356.48	-16
-17314.28	52
-17272.21	14
-17230.26	-11
-17188.42	20
-17146.71	62
-17105.12	27
-17063.64	1
-17022.28	-13
-16981.04	-40
-16939.92	-5
-16898.91	36
-16858.02	63
-16817.25	-9
-16776.59	-34
-16736.04	-19
-16695.61	-19
-16655.29	-16
-16615.09	-5
-16574.99	44
-16535.01	21
-16495.15	40
-16455.39	-88
-16415.74	-22
-16376.21	-11
-16336.78	-6
-16297.46	60
-16258.26	3
-16219.16	-10
-16180.17	19
-16141.28	-30
-16102.51	52
-16063.84	33
-16025.27	25
-15986.82	49
-15948.46	1
-15910.22	47
-15872.07	-28
-15834.04	-8
-15796.1	10
-15758.27	-3
-15720.54	-33
-15682.91	59
-15645.39	-4
-15607.97	-33
-15570.64	-11
-15533.42	-46
-15496.3	-8
-15459.28	-29
-15422.36	-21
-15385.54	30
-15348.82	-23
-15312.19	10
-15275.66	11
-15239.23	-50
-15202.9	-16
-15166.67	-37
-15130.53	-19
-15094.48	6
-15058.54	-22
-15022.68	20
-14986.93	-30
-14951.26	25
-14915.69	38
-14880.22	65
-14844.84	-40
-14809.55	25
-14774.35	-16
-14739.25	56
-14704.24	-47
-14669.32	18
-14634.49	-44
-14599.75	-3
-14565.1	-45
-14530.55	-35
-14496.08	-28
-14461.7	-5
-14427.41	-26
-14393.21	21
-14359.1	-35
-14325.07	-28
-14291.14	71
-14257.29	-31
-14223.52	-55
-14189.85	18
-14156.26	33
-14122.76	-2
-14089.34	14
-14056.01	2
-14022.76	20
-13989.6	38
-13956.52	-66
-13923.53	77
-13890.62	-55
-13857.79	18
-13825.05	-37
-13792.39	53
-13759.81	-92
-13727.31	58
-13694.9	-37
-13662.57	28
-13630.31	73
-13598.14	39
-13566.05	16
-13534.05	12
-13502.12	15
-13470.27	-25
-13438.5	48
-13406.8	17
-13375.19	30
-13343.66	19
-13312.2	5
-13280.83	-56
-13249.53	19
-13218.3	-12
-13187.16	-13
-13156.09	38
-13125.1	-45
-13094.18	-28
-13063.34	-35
-13032.58	10
-13001.89	1
-12971.28	54
-12940.74	-13
-12910.27	-19
-12879.88	57
-12849.57	-16
-12819.33	-44
-12789.16	-48
-12759.06	-17
-12729.04	27
-12699.09	320
-12669.21	-77
-12639.41	-29
-12609.68	-45
-12580.02	-14
-12550.43	23
-12520.91	-3
-12491.46	-42
-12462.08	-12
-12432.77	-28
-12403.54	-36
-12374.37	7
-12345.27	-7
-12316.24	-32
-12287.29	-29
-12258.4	50
-12229.57	27
-12200.82	14
-12172.14	-17
-12143.52	41
-12114.97	1
-12086.49	39
-12058.07	12
-12029.73	-44
-12001.44	-15
-11973.23	-40
-11945.08	9
-11917	11
-11888.98	-53
-11861.03	18
-11833.15	-56
-11805.32	-75
-11777.57	52
-11749.88	-29
-11722.25	-21
-11694.69	21
-11667.19	39
-11639.75	74
-11612.38	5
-11585.07	-29
-11557.83	85
-11530.65	6
-11503.53	-92
-11476.47	39
-11449.48	-16
-11422.54	-8
-11395.67	-1
-11368.86	-36
-11342.11	5
-11315.43	32
-11288.8	9
-11262.23	12
-11235.73	-41
-11209.28	-1
-11182.9	-27
-11156.57	40
-11130.31	24
-11104.1	5
-11077.96	13
-11051.87	-10
-11025.84	-16
-10999.87	80
-10973.96	-59
-10948.11	-24
-10922.31	45
-10896.58	-1
-10870.9	-14
-10845.28	-80
-10819.71	-16
-10794.2	38
-10768.75	-30
-10743.36	32
-10718.02	-38
-10692.74	30
-10667.52	-9
-10642.35	62
-10617.24	61
-10592.18	-6
-10567.18	46
-10542.23	39
-10517.34	75
-10492.51	55
-10467.72	-13
-10443	46
-10418.32	48
-10393.7	-47
-10369.14	14
-10344.63	42
-10320.17	77
-10295.77	90
-10271.42	-8
-10247.12	10
-10222.88	65
-10198.68	70
-10174.54	-27
-10150.46	79
-10126.42	139
-10102.44	64
-10078.51	33
-10054.63	32
-10030.8	45
-10007.03	3
-9983.3	130
-9959.63	114
-9936.01	115
-9912.44	58
-9888.92	42
-9865.44	121
-9842.02	141
-9818.65	200
-9795.33	77
-9772.06	164
-9748.84	182
-9725.67	195
-9702.55	199
-9679.47	225
-9656.45	160
-9633.47	244
-9610.55	323
-9587.67	232
-9564.84	205
-9542.06	346
-9519.32	355
-9496.64	454
-9474	461
-9451.41	462
-9428.87	519
-9406.37	511
-9383.92	407
-9361.52	400
-9339.17	463
-9316.86	481
-9294.6	660
-9272.38	614
-9250.21	727
-9228.09	776
-9206.01	732
-9183.98	587
-9162	632
-9140.06	678
-9118.16	686
-9096.31	673
-9074.51	755
-9052.75	692
-9031.04	704
-9009.37	636
-8987.74	584
-8966.16	486
-8944.63	427
-8923.14	373
-8901.69	448
-8880.29	526
-8858.93	516
-8837.61	630
-8816.34	628
-8795.11	700
-8773.92	589
-8752.78	522
-8731.68	499
-8710.62	430
-8689.61	575
-8668.63	494
-8647.7	623
-8626.82	570
-8605.97	522
-8585.17	536
-8564.41	436
-8543.69	389
-8523.01	464
-8502.37	454
-8481.78	493
-8461.23	539
-8440.71	521
-8420.24	530
-8399.81	567
-8379.42	476
-8359.08	628
-8338.77	466
-8318.5	454
-8298.27	390
-8278.09	394
-8257.94	481
-8237.83	444
-8217.76	599
-8197.74	569
-8177.75	518
-8157.8	443
-8137.89	477
-8118.02	442
-8098.19	475
-8078.4	484
-8058.65	437
-8038.93	405
-8019.26	440
-7999.62	407
-7980.02	424
-7960.46	332
-7940.94	402
-7921.46	382
-7902.01	316
-7882.6	320
-7863.23	333
-7843.9	266
-7824.61	410
-7805.35	385
-7786.13	422
-7766.95	456
-7747.8	391
-7728.69	383
-7709.62	353
-7690.59	341
-7671.59	366
-7652.63	395
-7633.7	383
-7614.81	464
-7595.96	343
-7577.15	306
-7558.37	429
-7539.62	327
-7520.91	427
-7502.24	429
-7483.6	354
-7465	368
-7446.44	343
-7427.91	308
-7409.41	253
-7390.95	148
-7372.53	217
-7354.14	254
-7335.78	252
-7317.46	249
-7299.18	290
-7280.92	292
-7262.71	387
-7244.52	384
-7226.38	385
-7208.26	352
-7190.18	310
-7172.14	253
-7154.12	355
-7136.15	326
-7118.2	364
-7100.29	356
-7082.41	335
-7064.57	360
-7046.76	254
-7028.98	305
-7011.24	306
-6993.53	233
-6975.85	257
-6958.2	158
-6940.59	164
-6923.01	114
-6905.46	165
-6887.94	186
-6870.46	369
-6853.01	316
-6835.59	362
-6818.21	243
-6800.85	271
-6783.53	264
-6766.24	141
-6748.98	94
-6731.76	115
-6714.56	88
-6697.4	157
-6680.26	144
-6663.16	138
-6646.09	103
-6629.05	225
-6612.05	291
-6595.07	219
-6578.13	276
-6561.21	236
-6544.33	159
-6527.47	35
-6510.65	83
-6493.86	111
-6477.1	108
-6460.36	166
-6443.66	29
-6426.99	124
-6410.35	47
-6393.74	132
-6377.16	112
-6360.61	143
-6344.09	162
-6327.59	210
-6311.13	174
-6294.7	126
-6278.29	212
-6261.92	225
-6245.58	155
-6229.26	223
-6212.97	242
-6196.72	108
-6180.49	87
-6164.29	83
-6148.12	101
-6131.98	33
-6115.86	76
-6099.78	73
-6083.72	-68
-6067.69	86
-6051.69	15
-6035.72	50
-6019.78	88
-6003.87	105
-5987.98	102
-5972.12	197
-5956.29	152
-5940.49	137
-5924.71	53
-5908.96	78
-5893.24	13
-5877.55	39
-5861.89	26
-5846.25	30
-5830.64	32
-5815.05	136
-5799.5	107
-5783.97	49
-5768.47	50
-5752.99	135
-5737.55	96
-5722.12	129
-5706.73	130
-5691.36	127
-5676.02	100
-5660.71	61
-5645.42	41
-5630.16	58
-5614.92	92
-5599.71	110
-5584.53	111
-5569.37	123
-5554.24	-270
-5539.14	90
-5524.06	83
-5509.01	76
-5493.98	89
-5478.98	105
-5464	72
-5449.05	55
-5434.13	37
-5419.23	17
-5404.36	38
-5389.51	12
-5374.69	70
-5359.89	148
-5345.12	202
-5330.37	193
-5315.65	149
-5300.95	68
-5286.28	76
-5271.63	43
-5257.01	88
-5242.41	132
-5227.84	90
-5213.29	-14
-5198.76	100
-5184.26	48
-5169.79	79
-5155.33	64
-5140.91	119
-5126.51	75
-5112.13	62
-5097.77	100
-5083.44	43
-5069.13	55
-5054.85	93
-5040.59	30
-5026.36	65
-5012.15	165
-4997.96	91
-4983.8	153
-4969.66	-34
-4955.54	33
-4941.44	103
-4927.37	87
-4913.33	212
-4899.3	173
-4885.3	135
-4871.33	139
-4857.37	10
-4843.44	21
-4829.53	27
-4815.65	68
-4801.79	74
-4787.95	49
-4774.13	20
-4760.34	41
-4746.56	120
-4732.82	-5
-4719.09	129
-4705.38	127
-4691.7	97
-4678.04	155
-4664.41	95
-4650.79	59
-4637.2	53
-4623.63	113
-4610.08	73
-4596.56	30
-4583.05	77
-4569.57	84
-4556.11	27
-4542.67	37
-4529.25	35
-4515.86	72
-4502.49	149
-4489.13	83
-4475.8	41
-4462.49	41
-4449.21	59
-4435.94	-20
-4422.7	44
-4409.47	24
-4396.27	95
-4383.09	106
-4369.93	36
-4356.79	-11
-4343.67	27
-4330.58	85
-4317.5	81
-4304.45	37
-4291.41	11
-4278.4	101
-4265.41	18
-4252.44	45
-4239.49	59
-4226.55	71
-4213.65	17
-4200.76	-11
-4187.89	-27
-4175.04	78
-4162.21	61
-4149.4	68
-4136.61	42
-4123.85	-13
-4111.1	19
-4098.37	84
-4085.66	51
-4072.98	46
-4060.31	-43
-4047.66	-90
-4035.04	53
-4022.43	-16
-4009.84	-1
-3997.27	55
-3984.72	-22
-3972.19	34
-3959.69	-28
-3947.2	68
-3934.73	14
-3922.27	-24
-3909.84	15
-3897.43	-38
-3885.04	-28
-3872.67	36
-3860.31	-19
-3847.98	-52
-3835.66	-60
-3823.36	-53
-3811.09	28
-3798.83	-17
-3786.59	2
-3774.37	-22
-3762.17	-31
-3749.98	43
-3737.82	-22
-3725.67	-62
-3713.55	-9
-3701.44	-45
-3689.35	-36
-3677.28	-25
-3665.22	-28
-3653.19	18
-3641.17	-22
-3629.18	-12
-3617.2	15
-3605.24	81
-3593.3	-48
-3581.37	17
-3569.47	5
-3557.58	-40
-3545.71	29
-3533.86	-43
-3522.02	3
-3510.21	25
-3498.41	60
-3486.63	-3
-3474.87	23
-3463.12	-21
-3451.4	-30
-3439.69	-53
-3428	39
-3416.33	4
-3404.67	5
-3393.03	-5
-3381.41	12
-3369.81	34
-3358.22	-34
-3346.66	-19
-3335.1	45
-3323.57	-22
-3312.06	-10
-3300.56	26
-3289.08	-72
-3277.61	46
-3266.16	-83
-3254.73	-42
-3243.32	-20
-3231.92	-14
-3220.55	21
-3209.18	-48
-3197.84	-16
-3186.51	-12
-3175.2	-33
-3163.9	-80
-3152.63	-35
-3141.36	-11
-3130.12	-15
-3118.89	-9
-3107.68	-28
-3096.49	37
-3085.31	-24
-3074.15	-6
-3063	0
-3051.87	-36
-3040.76	28
-3029.67	-39
-3018.59	63
-3007.52	-2
-2996.48	20
-2985.44	18
-2974.43	67
-2963.43	5
-2952.45	7
-2941.48	-18
-2930.53	13
-2919.6	31
-2908.68	10
-2897.78	-29
-2886.89	46
-2876.02	-17
-2865.17	-23
-2854.33	86
-2843.5	65
-2832.7	-17
-2821.9	-63
-2811.13	-10
-2800.37	-27
-2789.62	9
-2778.89	14
-2768.18	-5
-2757.48	13
-2746.8	-52
-2736.13	-16
-2725.48	-3
-2714.84	53
-2704.22	-39
-2693.61	-43
-2683.02	-26
-2672.45	-8
-2661.89	-7
-2651.34	16
-2640.81	6
-2630.3	-34
-2619.8	-50
-2609.31	-20
-2598.84	-20
-2588.39	7
-2577.95	-27
-2567.52	39
-2557.11	36
-2546.71	-9
-2536.33	3
-2525.97	38
-2515.62	15
-2505.28	45
-2494.96	16
-2484.65	81
-2474.36	7
-2464.08	50
-2453.82	-68
-2443.57	33
-2433.33	5
-2423.11	17
-2412.91	-42
-2402.72	21
-2392.54	24
-2382.38	20
-2372.23	2
-2362.09	-1449
-2351.97	-3
-2341.87	-58
-2331.78	5
-2321.7	31
-2311.64	-5
-2301.59	-26
-2291.55	-54
-2281.53	22
-2271.53	-29
-2261.53	15
-2251.55	-10
-2241.59	-8
-2231.64	26
-2221.7	-20
-2211.78	-55
-2201.87	-60
-2191.97	23
-2182.09	60
-2172.22	-65
-2162.37	-12
-2152.53	66
-2142.7	-4
-2132.89	-31
-2123.09	31
-2113.3	15
-2103.53	-36
-2093.77	7
-2084.02	47
-2074.29	-25
-2064.57	52
-2054.86	-15
-2045.17	-19
-2035.49	46
-2025.82	57
-2016.17	52
-2006.53	60
-1996.91	-24
-1987.29	-17
-1977.69	-66
-1968.11	53
-1958.53	-55
-1948.97	52
-1939.42	-16
-1929.89	6
-1920.37	-65
-1910.86	-81
-1901.36	-12
-1891.88	38
-1882.41	16
-1872.95	-90
-1863.51	45
-1854.08	-54
-1844.66	59
-1835.26	13
-1825.86	-28
-1816.48	-96
-1807.11	-7
-1797.76	15
-1788.42	-52
-1779.09	58
-1769.77	3
-1760.47	-11
-1751.17	-63
-1741.89	-35
-1732.63	59
-1723.37	85
-1714.13	-81
-1704.9	69
-1695.68	57
-1686.48	36
-1677.29	22
-1668.11	23
-1658.94	-49
-1649.78	18
-1640.64	84
-1631.51	10
-1622.39	41
-1613.28	-65
-1604.19	25
-1595.1	6
-1586.03	39
-1576.97	-88
-1567.93	-45
-1558.89	-43
-1549.87	-72
-1540.86	-29
-1531.86	-58
-1522.87	16
-1513.9	-46
-1504.93	-33
-1495.98	66
-1487.04	-13
-1478.12	38
-1469.2	-14
-1460.3	-13
-1451.4	39
-1442.52	-6
-1433.65	50
-1424.8	17
-1415.95	-81
-1407.12	22
-1398.3	-67
-1389.48	21
-1380.69	-39
-1371.9	-10
-1363.12	22
-1354.36	82
-1345.6	-8
-1336.86	23
-1328.13	-36
-1319.41	40
-1310.7	-56
-1302.01	8
-1293.32	-13
-1284.65	-20
-1275.99	-110
-1267.33	28
-1258.69	61
-1250.06	-13
-1241.45	-42
-1232.84	12
-1224.25	53
-1215.66	-44
-1207.09	45
-1198.53	36
-1189.97	26
-1181.43	-18
-1172.91	3
-1164.39	-48
-1155.88	-19
-1147.38	37
-1138.9	32
-1130.43	27
-1121.96	-33
-1113.51	-3
-1105.07	19
-1096.64	65
-1088.22	-45
-1079.81	16
-1071.41	-29
-1063.02	-38
-1054.65	20
-1046.28	37
-1037.92	41
-1029.58	-28
-1021.24	-38
-1012.92	13
-1004.61	-50
-996.3	-68
-988.01	49
-979.73	-9
-971.46	-2
-963.2	-99
-954.95	31
-946.71	-8
-938.48	16
-930.26	30
-922.06	11
-913.86	-25
-905.67	15
-897.49	-1
-889.33	-23
-881.17	-33
-873.02	47
-864.89	10
-856.76	31
-848.65	-21
-840.54	7
-832.45	13
-824.36	17
-816.29	-73
-808.22	3
-800.17	54
-792.12	53
-784.09	-35
-776.06	-25
-768.05	-3
-760.04	41
-752.05	-40
-744.07	-36
-736.09	70
-728.13	-43
-720.17	-27
-712.23	-4
-704.29	-4
-696.37	25
-688.45	-13
-680.55	-11
-672.65	-35
-664.77	30
-656.89	34
-649.03	22
-641.17	17
-633.32	-15
-625.49	-43
-617.66	28
-609.84	52
-602.03	40
-594.23	31
-586.45	-52
-578.67	-8
-570.9	-14
-563.14	32
-555.39	-3
-547.65	-34
-539.91	70
-532.19	72
-524.48	-16
-516.78	-31
-509.08	-42
-501.4	19
-493.72	25
-486.06	75
-478.4	-4
-470.76	-4
-463.12	-55
-455.49	18
-447.87	11
-440.26	34
-432.66	-3
-425.07	4
-417.49	22
-409.92	-32
-402.35	-14
-394.8	-2
-387.25	1
-379.72	18
-372.19	-10
-364.67	-18
-357.17	49
-349.67	27
-342.18	44
-334.69	79
-327.22	33
-319.76	-1
-312.3	71
-304.86	9
-297.42	44
-290	65
-282.58	-70
-275.17	60
-267.77	89
-260.37	37
-252.99	39
-245.62	54
-238.25	32
-230.9	58
-223.55	4
-216.21	6
-208.88	80
-201.56	28
-194.25	139
-186.94	86
-179.65	159
-172.36	150
-165.08	170
-157.81	161
-150.55	222
-143.3	181
-136.06	241
-128.82	225
-121.6	281
-114.38	287
-107.17	323
-99.97	359
-92.78	402
-85.6	555
-78.42	549
-71.25	673
-64.1	866
-56.95	869
-49.81	1047
-42.67	1381
-35.55	1674
-28.43	2291
-21.33	3974
-14.23	13536
-7.14	59317
-0.05	59203
7.02	59046
14.09	41463
21.14	10541
28.19	4414
35.23	2832
42.27	2122
49.29	1689
56.31	1450
63.32	1239
70.32	972
77.31	857
84.29	735
91.27	579
98.23	658
105.19	543
112.14	581
119.09	650
126.02	921
132.95	1129
139.87	979
146.78	938
153.68	964
160.58	897
167.46	930
174.34	903
181.21	906
188.08	789
194.93	789
201.78	786
208.62	811
215.45	824
222.27	870
229.09	759
235.9	737
242.7	730
249.49	855
256.27	778
263.05	674
269.82	783
276.58	729
283.33	681
290.08	695
296.82	642
303.55	690
310.27	613
316.98	647
323.69	615
330.39	606
337.08	681
343.76	637
350.44	582
357.11	669
363.77	598
370.42	604
377.07	622
383.71	585
390.34	688
396.96	640
403.58	588
410.19	634
416.79	592
423.38	606
429.97	643
436.55	555
443.12	553
449.68	597
456.24	623
462.79	456
469.33	543
475.86	491
482.39	559
488.91	435
495.42	499
501.93	491
508.42	522
514.91	524
521.4	526
527.87	463
534.34	446
540.8	540
547.25	492
553.7	514
560.14	441
566.57	446
573	421
579.41	512
585.83	431
592.23	406
598.62	505
605.01	410
611.4	411
617.77	396
624.14	467
630.5	419
636.85	408
643.2	398
649.54	432
655.87	383
662.2	467
668.52	368
674.83	398
681.13	422
687.43	360
693.72	397
700	385
706.28	377
712.55	290
718.81	397
725.07	385
731.32	411
737.56	411
743.79	392
750.02	392
756.24	445
762.46	436
768.67	356
774.87	447
781.06	402
787.25	402
793.43	407
799.6	466
805.77	328
811.93	458
818.08	386
824.23	428
830.37	382
836.5	454
842.63	383
848.75	385
854.87	403
860.97	476
867.07	412
873.17	400
879.25	403
885.33	486
891.41	409
897.47	443
903.53	377
909.59	411
915.63	394
921.67	423
927.71	388
933.74	412
939.76	335
945.77	388
951.78	391
957.78	329
963.78	247
969.77	278
975.75	387
981.72	283
987.69	359
993.66	410
999.61	339
1005.56	366
1011.51	381
1017.44	269
1023.37	336
1029.3	403
1035.22	388
1041.13	381
1047.03	387
1052.93	458
1058.83	518
1064.71	556
1070.59	422
1076.47	476
1082.33	369
1088.2	329
1094.05	333
1099.9	395
1105.74	381
1111.58	347
1117.41	428
1123.23	470
1129.05	585
1134.86	476
1140.67	424
1146.47	329
1152.26	300
1158.05	368
1163.83	347
1169.6	340
1175.37	307
1181.13	328
1186.89	231
1192.64	307
1198.38	354
1204.12	298
1209.85	264
1215.58	280
1221.3	277
1227.02	258
1232.72	386
1238.43	370
1244.12	316
1249.81	368
1255.5	281
1261.17	358
1266.85	378
1272.51	437
1278.17	312
1283.83	438
1289.47	550
1295.12	635
1300.75	595
1306.38	546
1312.01	441
1317.63	408
1323.24	318
1328.85	448
1334.45	394
1340.04	336
1345.63	342
1351.22	375
1356.8	360
1362.37	357
1367.93	418
1373.49	363
1379.05	401
1384.6	388
1390.14	384
1395.68	377
1401.21	352
1406.74	328
1412.26	480
1417.77	466
1423.28	506
1428.78	564
1434.28	656
1439.77	747
1445.26	698
1450.74	726
1456.22	622
1461.68	580
1467.15	616
1472.61	566
1478.06	403
1483.51	412
1488.95	293
1494.38	425
1499.81	356
1505.24	367
1510.65	273
1516.07	301
1521.48	231
1526.88	248
1532.27	329
1537.67	247
1543.05	311
1548.43	295
1553.81	297
1559.18	256
1564.54	361
1569.9	253
1575.25	259
1580.6	308
1585.94	238
1591.28	280
1596.61	201
1601.93	262
1607.25	178
1612.57	216
1617.88	237
1623.18	155
1628.48	294
1633.77	315
1639.06	215
1644.34	286
1649.62	186
1654.89	253
1660.16	225
1665.42	259
1670.67	199
1675.92	274
1681.17	234
1686.41	234
1691.64	196
1696.87	275
1702.1	199
1707.32	227
1712.53	215
1717.74	222
1722.94	208
1728.14	251
1733.33	229
1738.52	251
1743.7	239
1748.88	240
1754.05	237
1759.22	190
1764.38	252
1769.53	152
1774.69	222
1779.83	226
1784.97	154
1790.11	227
1795.24	273
1800.36	209
1805.48	188
1810.6	180
1815.71	153
1820.82	259
1825.92	211
1831.01	164
1836.1	145
1841.19	204
1846.26	179
1851.34	247
1856.41	182
1861.47	224
1866.53	145
1871.59	209
1876.64	175
1881.68	184
1886.72	124
1891.76	190
1896.79	189
1901.81	197
1906.83	72
1911.85	183
1916.86	166
1921.86	148
1926.86	176
1931.86	91
1936.85	167
1941.83	192
1946.81	136
1951.79	102
1956.76	175
1961.72	135
1966.68	204
1971.64	168
1976.59	109
1981.54	99
1986.48	112
1991.42	145
1996.35	138
2001.27	70
2006.2	87
2011.11	131
2016.03	126
2020.93	171
2025.84	119
2030.73	107
2035.63	130
2040.52	100
2045.4	110
2050.28	105
2055.15	108
2060.02	142
2064.89	86
2069.75	133
2074.6	113
2079.46	78
2084.3	84
2089.14	185
2093.98	107
2098.81	122
2103.64	91
2108.46	182
2113.28	133
2118.09	170
2122.9	209
2127.7	176
2132.5	203
2137.3	156
2142.09	68
2146.87	89
2151.66	66
2156.43	96
2161.2	58
2165.97	76
2170.73	148
2175.49	179
2180.24	144
2184.99	81
2189.74	53
2194.48	188
2199.21	133
2203.94	104
2208.67	80
2213.39	141
2218.11	74
2222.82	190
2227.53	112
2232.23	46
2236.93	141
2241.63	109
2246.32	50
2251	114
2255.68	92
2260.36	85
2265.03	136
2269.7	116
2274.36	61
2279.02	151
2283.68	50
2288.33	95
2292.97	91
2297.61	140
2302.25	99
2306.88	72
2311.51	102
2316.14	59
2320.75	21
2325.37	64
2329.98	70
2334.59	31
2339.19	74
2343.79	75
2348.38	78
2352.97	45
2357.55	126
2362.13	99
2366.71	88
2371.28	70
2375.85	41
2380.41	78
2384.97	86
2389.52	64
2394.07	88
2398.62	37
2403.16	88
2407.7	49
2412.23	91
2416.76	43
2421.29	98
2425.81	122
2430.32	57
2434.84	110
2439.34	88
2443.85	78
2448.35	91
2452.84	57
2457.33	50
2461.82	73
2466.3	73
2470.78	33
2475.25	75
2479.72	100
2484.19	70
2488.65	44
2493.11	53
2497.56	91
2502.01	86
2506.46	94
2510.9	37
2515.34	8
2519.77	49
2524.2	58
2528.62	68
2533.04	-9
2537.46	67
2541.87	50
2546.28	81
2550.68	34
2555.08	77
2559.48	33
2563.87	129
2568.26	57
2572.64	27
2577.02	59
2581.4	81
2585.77	68
2590.14	-7
2594.5	91
2598.86	72
2603.22	100
2607.57	44
2611.92	82
2616.26	86
2620.6	-5
2624.94	78
2629.27	3
2633.6	115
2637.92	70
2642.24	-26
2646.56	82
2650.87	56
2655.18	105
2659.48	105
2663.78	99
2668.08	14
2672.37	19
2676.66	83
2680.95	91
2685.23	91
2689.5	58
2693.78	130
2698.05	38
2702.31	73
2706.57	65
2710.83	108
2715.08	74
2719.33	-1
2723.58	8
2727.82	183
2732.06	75
2736.29	112
2740.53	78
2744.75	119
2748.97	74
2753.19	16
2757.41	80
2761.62	79
2765.83	125
2770.03	60
2774.23	51
2778.43	72
2782.62	100
2786.81	80
2791	-7
2795.18	136
2799.35	68
2803.53	118
2807.7	191
2811.86	70
2816.03	145
2820.19	148
2824.34	191
2828.49	128
2832.64	287
2836.78	292
2840.92	404
2845.06	434
2849.19	502
2853.32	553
2857.45	527
2861.57	442
2865.69	505
2869.8	518
2873.91	496
2878.02	463
2882.12	561
2886.22	588
2890.32	591
2894.41	487
2898.5	449
2902.58	398
2906.67	396
2910.74	385
2914.82	312
2918.89	344
2922.96	315
2927.02	255
2931.08	269
2935.13	254
2939.19	194
2943.24	210
2947.28	169
2951.32	147
2955.36	145
2959.4	233
2963.43	120
2967.46	78
2971.48	144
2975.5	43
2979.52	92
2983.53	113
2987.54	99
2991.55	2
2995.55	1
2999.55	121
3003.54	11
3007.54	80
3011.53	80
3015.51	77
3019.49	97
3023.47	51
3027.45	-7
3031.42	48
3035.39	52
3039.35	62
3043.31	77
3047.27	71
3051.22	71
3055.17	37
3059.12	47
3063.06	102
3067	15
3070.94	-7
3074.87	66
3078.8	28
3082.73	26
3086.65	27
3090.57	-21
3094.49	28
3098.4	42
3102.31	18
3106.22	32
3110.12	36
3114.02	34
3117.92	-54
3121.81	34
3125.7	30
3129.58	48
3133.47	-38
3137.34	31
3141.22	57
3145.09	-24
3148.96	13
3152.83	-37
3156.69	42
3160.55	24
3164.4	15
3168.26	45
3172.1	29
3175.95	37
3179.79	-39
3183.63	44
3187.47	-3
3191.3	34
3195.13	80
3198.95	60
3202.78	-39
3206.6	18
3210.41	12
3214.23	14
3218.03	-29
3221.84	-13
3225.64	57
3229.44	-7
3233.24	39
3237.03	-24
3240.82	9
3244.61	36
3248.39	20
3252.17	11
3255.95	7
3259.72	9
3263.49	65
3267.26	2
3271.03	-13
3274.79	16
3278.54	53
3282.3	-10
3286.05	38
3289.8	-2
3293.54	72
3297.29	-17
3301.02	30
3304.76	45
3308.49	-14
3312.22	-28
3315.95	72
3319.67	52
3323.39	34
3327.1	-37
3330.82	22
3334.53	24
3338.24	6
3341.94	30
3345.64	12
3349.34	83
3353.03	9
3356.72	40
3360.41	50
3364.1	-10
3367.78	17
3371.46	26
3375.13	9
3378.81	-38
3382.48	2
3386.14	77
3389.81	-15
3393.47	28
3397.12	26
3400.78	-57
3404.43	41
3408.08	32
3411.72	15
3415.36	54
3419	-16
3422.64	-26
3426.27	36
3429.9	10
3433.53	14
3437.15	35
3440.77	45
3444.39	29
3448	43
3451.62	-9
3455.22	56
3458.83	1
3462.43	52
3466.03	-67
3469.63	20
3473.22	-26
3476.81	-4
3480.4	-44
3483.99	9
3487.57	-16
3491.15	-20
3494.72	-91
3498.29	-30
3501.86	9
3505.43	36
3508.99	30
3512.56	52
3516.11	15
3519.67	12
3523.22	21
3526.77	-42
3530.32	117
3533.86	35
3537.4	1
3540.94	25
3544.47	34
3548	34
3551.53	-52
3555.06	-65
3558.58	21
3562.1	-25
3565.62	4
3569.13	-53
3572.64	14
3576.15	-6
3579.66	-20
3583.16	-36
3586.66	-25
3590.16	48
3593.65	-58
3597.14	30
3600.63	0
3604.11	-40
3607.6	47
3611.08	-16
3614.55	-25
3618.03	0
3621.5	-25
3624.97	-59
3628.43	84
3631.9	8
3635.36	44
3638.81	44
3642.27	-41
3645.72	22
3649.17	-26
3652.61	69
3656.06	21
3659.5	36
3662.93	-15
3666.37	-10
3669.8	-4
3673.23	-17
3676.65	18
3680.08	-3
3683.5	7
3686.92	-6
3690.33	-8
3693.74	8
3697.15	-5
3700.56	-20
3703.96	35
3707.36	-11
3710.76	-30
3714.16	-65
3717.55	7
3720.94	-22
3724.33	-41
3727.71	-32
3731.1	10
3734.48	20
3737.85	-68
3741.23	-35
3744.6	-20
3747.97	8
3751.33	-24
3754.69	6
3758.05	27
3761.41	-4
3764.77	35
3768.12	-28
3771.47	51
3774.82	9
3778.16	1
3781.5	4
3784.84	-4
3788.18	-4
