-37534.58	-8
-37414.56	0
-37295.11	2
-37176.24	0
-37057.95	-6
-36940.22	92
-36823.05	-16
-36706.45	-14
-36590.4	52
-36474.9	-87
-36359.95	-64
-36245.55	101
-36131.68	27
-36018.35	-101
-35905.55	3
-35793.29	78
-35681.54	105
-35570.32	39
-35459.62	-92
-35349.43	10
-35239.75	25
-35130.58	-50
-35021.91	30
-34913.74	36
-34806.07	-156
-34698.89	-50
-34592.2	-114
-34486	102
-34380.28	45
-34275.04	-4
-34170.27	43
-34065.98	-33
-33962.16	-3
-33858.81	40
-33755.92	92
-33653.49	46
-33551.52	53
-33450.01	-25
-33348.94	-27
-33248.33	17
-33148.16	66
-33048.43	80
-32949.14	101
-32850.29	22
-32751.87	-74
-32653.89	-67
-32556.33	-127
-32459.2	58
-32362.49	-38
-32266.19	13
-32170.32	2
-32074.86	23
-31979.82	14
-31885.18	101
-31790.95	-116
-31697.12	-64
-31603.69	-85
-31510.67	-10
-31418.04	27
-31325.8	-79
-31233.95	31
-31142.49	-50
-31051.42	21
-30960.73	93
-30870.43	-63
-30780.5	-58
-30690.95	26
-30601.77	10
-30512.97	-51
-30424.53	-51
-30336.46	37
-30248.76	191
-30161.42	-18
-30074.44	-41
-29987.81	-22
-29901.55	-66
-29815.63	-49
-29730.07	94
-29644.86	-104
-29560	-50
-29475.48	112
-29391.3	-69
-29307.47	-23
-29223.97	73
-29140.81	-55
-29057.99	84
-28975.5	-19
-28893.34	6
-28811.51	71
-28730	28
-28648.82	6
-28567.97	-16
-28487.43	-79
-28407.21	-37
-28327.32	-76
-28247.73	61
-28168.46	-89
-28089.5	-23
-28010.85	28
-27932.51	-83
-27854.48	34
-27776.75	-72
-27699.32	-81
-27622.19	33
-27545.37	43
-27468.84	57
-27392.6	-50
-27316.66	-53
-27241.01	-14
-27165.66	-96
-27090.59	65
-27015.81	-135
-26941.31	-61
-26867.1	89
-26793.17	45
-26719.52	-16
-26646.15	-17
-26573.06	8
-26500.24	17
-26427.7	-14
-26355.43	31
-26283.43	-82
-26211.71	0
-26140.25	-2
-26069.06	-72
-25998.13	-7
-25927.46	-100
-25857.06	-3
-25786.92	5
-25717.04	98
-25647.42	21
-25578.05	4
-25508.94	17
-25440.09	-16
-25371.48	-15
-25303.13	26
-25235.02	-26
-25167.17	-36
-25099.56	0
-25032.19	26
-24965.07	12
-24898.2	33
-24831.56	-40
-24765.17	49
-24699.01	-36
-24633.1	34
-24567.41	-61
-24501.97	-21
-24436.75	39
-24371.77	12
-24307.03	-37
-24242.51	56
-24178.22	8
-24114.16	69
-24050.32	19
-23986.71	29
-23923.32	114
-23860.16	-85
-23797.22	-101
-23734.5	-48
-23672	65
-23609.71	-12
-23547.65	-82
-23485.8	-66
-23424.16	-58
-23362.74	66
-23301.53	-80
-23240.54	45
-23179.75	-53
-23119.17	51
-23058.8	6
-22998.64	25
-22938.68	-94
-22878.93	31
-22819.39	66
-22760.04	23
-22700.9	61
-22641.96	29
-22583.22	71
-22524.68	-5
-22466.33	-33
-22408.19	-47
-22350.23	-15
-22292.48	35
-22234.92	-5
-22177.55	43
-22120.37	-61
-22063.38	-151
-22006.58	16
-21949.98	-5
-21893.56	-12
-21837.33	53
-21781.28	78
-21725.42	11
-21669.74	-72
-21614.25	70
-21558.94	20
-21503.81	75
-21448.86	39
-21394.1	11
-21339.51	-17
-21285.1	20
-21230.86	20
-21176.81	-5
-21122.93	-1
-21069.22	44
-21015.69	72
-20962.33	-47
-20909.14	-63
-20856.13	85
-20803.28	-42
-20750.61	-107
-20698.1	54
-20645.76	-30
-20593.59	17
-20541.59	108
-20489.75	122
-20438.07	-61
-20386.56	65
-20335.22	1
-20284.03	16
-20233.01	-31
-20182.15	42
-20131.45	43
-20080.91	-2
-20030.52	7
-19980.3	60
-19930.23	-83
-19880.32	17
-19830.56	67
-19780.96	-77
-19731.52	-63
-19682.23	-35
-19633.09	37
-19584.1	-100
-19535.26	-31
-19486.58	-1
-19438.04	-3
-19389.66	-45
-19341.42	-90
-19293.33	10
-19245.39	27
-19197.6	-80
-19149.95	-109
-19102.45	28
-19055.09	51
-19007.87	119
-18960.8	-129
-18913.87	-6
-18867.09	41
-18820.44	19
-18773.94	36
-18727.57	-46
-18681.35	42
-18635.26	-60
-18589.31	-45
-18543.5	45
-18497.83	76
-18452.29	8
-18406.89	15
-18361.63	28
-18316.5	-42
-18271.5	-44
-18226.63	-29
-18181.9	41
-18137.3	27
-18092.84	177
-18048.5	86
-18004.29	113
-17960.22	17
-17916.27	-56
-17872.45	-67
-17828.76	91
-17785.2	6
-17741.77	-1
-17698.46	-77
-17655.28	-42
-17612.22	-154
-17569.29	43
-17526.48	48
-17483.79	-2
-17441.23	54
-17398.79	-33
-17356.48	88
-17314.28	-12
-17272.21	16
-17230.26	-7
-17188.42	-56
-17146.71	-74
-17105.12	-15
-17063.64	75
-17022.28	43
-16981.04	30
-16939.92	-10
-16898.91	-23
-16858.02	68
-16817.25	75
-16776.59	48
-16736.04	-58
-16695.61	-55
-16655.29	41
-16615.09	-118
-16574.99	92
-16535.01	-46
-16495.15	5
-16455.39	13
-16415.74	-97
-16376.21	14
-16336.78	38
-16297.46	31
-16258.26	33
-16219.16	-6
-16180.17	5
-16141.28	-77
-16102.51	-14
-16063.84	81
-16025.27	-77
-15986.82	14
-15948.46	62
-15910.22	-69
-15872.07	63
-15834.04	-10
-15796.1	-18
-15758.27	89
-15720.54	35
-15682.91	-83
-15645.39	-9
-15607.97	-15
-15570.64	25
-15533.42	123
-15496.3	3
-15459.28	43
-15422.36	17
-15385.54	-104
-15348.82	14
-15312.19	-35
-15275.66	217
-15239.23	7
-15202.9	-75
-15166.67	143
-15130.53	-24
-15094.48	2
-15058.54	-12
-15022.68	-1
-14986.93	-100
-14951.26	-121
-14915.69	70
-14880.22	114
-14844.84	-20
-14809.55	6
-14774.35	88
-14739.25	23
-14704.24	49
-14669.32	-68
-14634.49	28
-14599.75	0
-14565.1	49
-14530.55	89
-14496.08	49
-14461.7	101
-14427.41	65
-14393.21	-90
-14359.1	83
-14325.07	141
-14291.14	-27
-14257.29	5
-14223.52	51
-14189.85	-105
-14156.26	-58
-14122.76	-14
-14089.34	80
-14056.01	-53
-14022.76	36
-13989.6	42
-13956.52	154
-13923.53	-7
-13890.62	45
-13857.79	30
-13825.05	-2
-13792.39	-8
-13759.81	-36
-13727.31	-19
-13694.9	-40
-13662.57	4
-13630.31	-46
-13598.14	70
-13566.05	76
-13534.05	-103
-13502.12	22
-13470.27	-59
-13438.5	73
-13406.8	85
-13375.19	-40
-13343.66	5
-13312.2	-48
-13280.83	8
-13249.53	4
-13218.3	54
-13187.16	37
-13156.09	20
-13125.1	-46
-13094.18	-40
-13063.34	111
-13032.58	-75
-13001.89	2
-12971.28	71
-12940.74	27
-12910.27	-40
-12879.88	-93
-12849.57	-141
-12819.33	-27
-12789.16	63
-12759.06	-8
-12729.04	-21
-12699.09	105
-12669.21	-101
-12639.41	-69
-12609.68	28
-12580.02	81
-12550.43	-60
-12520.91	18
-12491.46	31
-12462.08	57
-12432.77	-54
-12403.54	-76
-12374.37	-21
-12345.27	34
-12316.24	17
-12287.29	34
-12258.4	-35
-12229.57	-43
-12200.82	-56
-12172.14	-87
-12143.52	93
-12114.97	56
-12086.49	114
-12058.07	4
-12029.73	-61
-12001.44	43
-11973.23	1
-11945.08	-41
-11917	66
-11888.98	43
-11861.03	-33
-11833.15	134
-11805.32	-112
-11777.57	18
-11749.88	45
-11722.25	-183
-11694.69	23
-11667.19	19
-11639.75	90
-11612.38	-101
-11585.07	-7
-11557.83	88
-11530.65	-67
-11503.53	34
-11476.47	-8
-11449.48	49
-11422.54	52
-11395.67	7
-11368.86	-123
-11342.11	9
-11315.43	-3
-11288.8	-22
-11262.23	-16
-11235.73	10
-11209.28	-61
-11182.9	99
-11156.57	-38
-11130.31	-79
-11104.1	32
-11077.96	16
-11051.87	-55
-11025.84	86
-10999.87	17
-10973.96	-4
-10948.11	-2
-10922.31	92
-10896.58	78
-10870.9	40
-10845.28	-106
-10819.71	-8
-10794.2	11
-10768.75	-40
-10743.36	28
-10718.02	-56
-10692.74	-8
-10667.52	-98
-10642.35	-69
-10617.24	-36
-10592.18	-27
-10567.18	-39
-10542.23	-11
-10517.34	99
-10492.51	-165
-10467.72	23
-10443	-72
-10418.32	15
-10393.7	-98
-10369.14	24
-10344.63	31
-10320.17	-40
-10295.77	6
-10271.42	-49
-10247.12	-113
-10222.88	-66
-10198.68	4
-10174.54	-80
-10150.46	-100
-10126.42	-30
-10102.44	-65
-10078.51	-157
-10054.63	-49
-10030.8	-37
-10007.03	-174
-9983.3	-101
-9959.63	-215
-9936.01	-103
-9912.44	-207
-9888.92	-231
-9865.44	-231
-9842.02	-222
-9818.65	-149
-9795.33	-219
-9772.06	-199
-9748.84	-221
-9725.67	-319
-9702.55	-431
-9679.47	-506
-9656.45	-345
-9633.47	-497
-9610.55	-459
-9587.67	-517
-9564.84	-524
-9542.06	-743
-9519.32	-687
-9496.64	-720
-9474	-731
-9451.41	-798
-9428.87	-881
-9406.37	-862
-9383.92	-872
-9361.52	-675
-9339.17	-819
-9316.86	-944
-9294.6	-1079
-9272.38	-1153
-9250.21	-1311
-9228.09	-1395
-9206.01	-1265
-9183.98	-1257
-9162	-1161
-9140.06	-1108
-9118.16	-1217
-9096.31	-1268
-9074.51	-1165
-9052.75	-1150
-9031.04	-1182
-9009.37	-1079
-8987.74	-856
-8966.16	-926
-8944.63	-786
-8923.14	-704
-8901.69	-893
-8880.29	-808
-8858.93	-860
-8837.61	-906
-8816.34	-1090
-8795.11	-903
-8773.92	-902
-8752.78	-793
-8731.68	-785
-8710.62	-921
-8689.61	-900
-8668.63	-969
-8647.7	-1027
-8626.82	-853
-8605.97	-925
-8585.17	-832
-8564.41	-787
-8543.69	-803
-8523.01	-689
-8502.37	-815
-8481.78	-799
-8461.23	-822
-8440.71	-1016
-8420.24	-907
-8399.81	-828
-8379.42	-957
-8359.08	-721
-8338.77	-727
-8318.5	-637
-8298.27	-693
-8278.09	-678
-8257.94	-735
-8237.83	-834
-8217.76	-834
-8197.74	-843
-8177.75	-738
-8157.8	-765
-8137.89	-695
-8118.02	-732
-8098.19	-620
-8078.4	-588
-8058.65	-608
-8038.93	-554
-8019.26	-652
-7999.62	-669
-7980.02	-575
-7960.46	-690
-7940.94	-646
-7921.46	-553
-7902.01	-494
-7882.6	-436
-7863.23	-480
-7843.9	-554
-7824.61	-585
-7805.35	-701
-7786.13	-585
-7766.95	-542
-7747.8	-542
-7728.69	-324
-7709.62	-571
-7690.59	-474
-7671.59	-650
-7652.63	-649
-7633.7	-624
-7614.81	-641
-7595.96	-480
-7577.15	-485
-7558.37	-389
-7539.62	-426
-7520.91	-413
-7502.24	-613
-7483.6	-483
-7465	-494
-7446.44	-411
-7427.91	-404
-7409.41	-383
-7390.95	-338
-7372.53	-391
-7354.14	-489
-7335.78	-440
-7317.46	-488
-7299.18	-451
-7280.92	-525
-7262.71	-482
-7244.52	-589
-7226.38	-646
-7208.26	-531
-7190.18	-441
-7172.14	-528
-7154.12	-461
-7136.15	-544
-7118.2	-477
-7100.29	-637
-7082.41	-654
-7064.57	-508
-7046.76	-572
-7028.98	-475
-7011.24	-410
-6993.53	-220
-6975.85	-274
-6958.2	-185
-6940.59	-322
-6923.01	-358
-6905.46	-323
-6887.94	-362
-6870.46	-416
-6853.01	-507
-6835.59	-430
-6818.21	-439
-6800.85	-236
-6783.53	-263
-6766.24	-302
-6748.98	-283
-6731.76	-203
-6714.56	-285
-6697.4	-178
-6680.26	-242
-6663.16	-425
-6646.09	-326
-6629.05	-337
-6612.05	-422
-6595.07	-332
-6578.13	-381
-6561.21	-369
-6544.33	-340
-6527.47	-192
-6510.65	-205
-6493.86	-268
-6477.1	-257
-6460.36	-222
-6443.66	-282
-6426.99	-246
-6410.35	-233
-6393.74	-205
-6377.16	-256
-6360.61	-282
-6344.09	-295
-6327.59	-402
-6311.13	-286
-6294.7	-313
-6278.29	-231
-6261.92	-314
-6245.58	-336
-6229.26	-410
-6212.97	-303
-6196.72	-364
-6180.49	-201
-6164.29	-49
-6148.12	-54
-6131.98	-82
-6115.86	-227
-6099.78	-56
-6083.72	-132
-6067.69	-174
-6051.69	-88
-6035.72	-43
-6019.78	-110
-6003.87	-144
-5987.98	-387
-5972.12	-263
-5956.29	-237
-5940.49	-175
-5924.71	-307
-5908.96	-120
-5893.24	-85
-5877.55	-227
-5861.89	-132
-5846.25	-134
-5830.64	-104
-5815.05	-128
-5799.5	-146
-5783.97	-112
-5768.47	-14
-5752.99	-222
-5737.55	-241
-5722.12	-292
-5706.73	-159
-5691.36	-204
-5676.02	-58
-5660.71	-63
-5645.42	-29
-5630.16	-173
-5614.92	-197
-5599.71	-266
-5584.53	-178
-5569.37	-339
-5554.24	-282
-5539.14	-223
-5524.06	-248
-5509.01	-120
-5493.98	-148
-5478.98	-117
-5464	-240
-5449.05	-143
-5434.13	-255
-5419.23	-131
-5404.36	-129
-5389.51	-205
-5374.69	-333
-5359.89	-319
-5345.12	-308
-5330.37	-188
-5315.65	-182
-5300.95	-171
-5286.28	-171
-5271.63	-117
-5257.01	-115
-5242.41	-206
-5227.84	-204
-5213.29	-84
-5198.76	-196
-5184.26	-134
-5169.79	-54
-5155.33	-167
-5140.91	-166
-5126.51	-202
-5112.13	-209
-5097.77	-205
-5083.44	-105
-5069.13	-107
-5054.85	-36
-5040.59	-293
-5026.36	-231
-5012.15	-151
-4997.96	-49
-4983.8	-96
-4969.66	-127
-4955.54	-81
-4941.44	-74
-4927.37	-217
-4913.33	-183
-4899.3	-77
-4885.3	-291
-4871.33	-72
-4857.37	-186
-4843.44	-148
-4829.53	-121
-4815.65	-67
-4801.79	-154
-4787.95	-182
-4774.13	-94
-4760.34	-117
-4746.56	-113
-4732.82	-129
-4719.09	-100
-4705.38	-139
-4691.7	-210
-4678.04	-166
-4664.41	-279
-4650.79	-23
-4637.2	-29
-4623.63	-44
-4610.08	-132
-4596.56	-79
-4583.05	-149
-4569.57	-97
-4556.11	-93
-4542.67	-27
-4529.25	-39
-4515.86	-154
-4502.49	-179
-4489.13	-207
-4475.8	-119
-4462.49	-150
-4449.21	-36
-4435.94	21
-4422.7	-15
-4409.47	-93
-4396.27	-13
-4383.09	-160
-4369.93	-119
-4356.79	-42
-4343.67	-90
-4330.58	-110
-4317.5	-102
-4304.45	-116
-4291.41	-8
-4278.4	-169
-4265.41	-14
-4252.44	-87
-4239.49	-99
-4226.55	-94
-4213.65	-85
-4200.76	-39
-4187.89	24
-4175.04	30
-4162.21	-161
-4149.4	-8
-4136.61	17
-4123.85	-46
-4111.1	40
-4098.37	-106
-4085.66	-13
-4072.98	-58
-4060.31	-28
-4047.66	3
-4035.04	70
-4022.43	-34
-4009.84	19
-3997.27	-98
-3984.72	-79
-3972.19	100
-3959.69	84
-3947.2	1
-3934.73	16
-3922.27	-24
-3909.84	-53
-3897.43	63
-3885.04	-58
-3872.67	94
-3860.31	-94
-3847.98	5
-3835.66	18
-3823.36	14
-3811.09	-25
-3798.83	32
-3786.59	73
-3774.37	-23
-3762.17	-10
-3749.98	-11
-3737.82	-18
-3725.67	126
-3713.55	-49
-3701.44	-2
-3689.35	-12
-3677.28	20
-3665.22	0
-3653.19	-83
-3641.17	9
-3629.18	-73
-3617.2	100
-3605.24	-50
-3593.3	44
-3581.37	-71
-3569.47	-16
-3557.58	-108
-3545.71	-91
-3533.86	92
-3522.02	-25
-3510.21	65
-3498.41	53
-3486.63	-68
-3474.87	9
-3463.12	173
-3451.4	-73
-3439.69	118
-3428	-24
-3416.33	60
-3404.67	-15
-3393.03	74
-3381.41	89
-3369.81	-35
-3358.22	102
-3346.66	-44
-3335.1	-1
-3323.57	49
-3312.06	-11
-3300.56	19
-3289.08	-47
-3277.61	-35
-3266.16	114
-3254.73	-87
-3243.32	104
-3231.92	10
-3220.55	-150
-3209.18	13
-3197.84	-58
-3186.51	-26
-3175.2	20
-3163.9	-31
-3152.63	-51
-3141.36	-105
-3130.12	-64
-3118.89	-68
-3107.68	148
-3096.49	99
-3085.31	81
-3074.15	-59
-3063	-191
-3051.87	-16
-3040.76	60
-3029.67	-43
-3018.59	-58
-3007.52	-44
-2996.48	104
-2985.44	38
-2974.43	-34
-2963.43	-19
-2952.45	44
-2941.48	100
-2930.53	2
-2919.6	-37
-2908.68	7
-2897.78	-23
-2886.89	87
-2876.02	96
-2865.17	4
-2854.33	-42
-2843.5	-3
-2832.7	-7
-2821.9	-46
-2811.13	-6
-2800.37	51
-2789.62	-81
-2778.89	103
-2768.18	-33
-2757.48	50
-2746.8	-12
-2736.13	8
-2725.48	12
-2714.84	-3
-2704.22	-8
-2693.61	6
-2683.02	-55
-2672.45	182
-2661.89	-13
-2651.34	24
-2640.81	-19
-2630.3	-164
-2619.8	-3
-2609.31	129
-2598.84	-14
-2588.39	-43
-2577.95	35
-2567.52	-21
-2557.11	3
-2546.71	-61
-2536.33	-40
-2525.97	-27
-2515.62	16
-2505.28	7
-2494.96	-39
-2484.65	35
-2474.36	-94
-2464.08	77
-2453.82	-54
-2443.57	-71
-2433.33	64
-2423.11	82
-2412.91	2
-2402.72	91
-2392.54	33
-2382.38	-88
-2372.23	124
-2362.09	-294
-2351.97	82
-2341.87	-78
-2331.78	75
-2321.7	-80
-2311.64	-55
-2301.59	-22
-2291.55	30
-2281.53	-10
-2271.53	21
-2261.53	-60
-2251.55	101
-2241.59	-1
-2231.64	37
-2221.7	73
-2211.78	-47
-2201.87	-27
-2191.97	-69
-2182.09	-31
-2172.22	-36
-2162.37	111
-2152.53	144
-2142.7	-8
-2132.89	-60
-2123.09	32
-2113.3	-92
-2103.53	40
-2093.77	-59
-2084.02	119
-2074.29	-27
-2064.57	-3
-2054.86	71
-2045.17	2
-2035.49	-22
-2025.82	43
-2016.17	18
-2006.53	-93
-1996.91	-65
-1987.29	7
-1977.69	52
-1968.11	-41
-1958.53	-10
-1948.97	147
-1939.42	108
-1929.89	57
-1920.37	118
-1910.86	14
-1901.36	-24
-1891.88	16
-1882.41	-88
-1872.95	18
-1863.51	-90
-1854.08	45
-1844.66	-103
-1835.26	93
-1825.86	-58
-1816.48	58
-1807.11	-62
-1797.76	29
-1788.42	-12
-1779.09	22
-1769.77	-70
-1760.47	-24
-1751.17	-17
-1741.89	74
-1732.63	47
-1723.37	-15
-1714.13	49
-1704.9	1
-1695.68	42
-1686.48	21
-1677.29	100
-1668.11	-74
-1658.94	8
-1649.78	-37
-1640.64	59
-1631.51	3
-1622.39	76
-1613.28	99
-1604.19	66
-1595.1	73
-1586.03	-6
-1576.97	57
-1567.93	-72
-1558.89	-10
-1549.87	-59
-1540.86	-37
-1531.86	62
-1522.87	-51
-1513.9	-36
-1504.93	26
-1495.98	-81
-1487.04	87
-1478.12	-54
-1469.2	-40
-1460.3	-126
-1451.4	33
-1442.52	-156
-1433.65	40
-1424.8	-99
-1415.95	54
-1407.12	15
-1398.3	-68
-1389.48	23
-1380.69	-94
-1371.9	-35
-1363.12	-13
-1354.36	-37
-1345.6	94
-1336.86	-84
-1328.13	-68
-1319.41	-18
-1310.7	78
-1302.01	16
-1293.32	-99
-1284.65	-100
-1275.99	164
-1267.33	76
-1258.69	-11
-1250.06	68
-1241.45	-5
-1232.84	24
-1224.25	74
-1215.66	88
-1207.09	17
-1198.53	7
-1189.97	90
-1181.43	75
-1172.91	-39
-1164.39	-27
-1155.88	41
-1147.38	79
-1138.9	-89
-1130.43	22
-1121.96	16
-1113.51	81
-1105.07	69
-1096.64	77
-1088.22	-60
-1079.81	-39
-1071.41	-134
-1063.02	-36
-1054.65	26
-1046.28	49
-1037.92	-33
-1029.58	-48
-1021.24	-16
-1012.92	-65
-1004.61	-54
-996.3	76
-988.01	-27
-979.73	-6
-971.46	-23
-963.2	-93
-954.95	-61
-946.71	-35
-938.48	86
-930.26	-91
-922.06	44
-913.86	-7
-905.67	81
-897.49	-46
-889.33	31
-881.17	29
-873.02	-49
-864.89	67
-856.76	-2
-848.65	47
-840.54	34
-832.45	53
-824.36	30
-816.29	60
-808.22	89
-800.17	49
-792.12	46
-784.09	49
-776.06	123
-768.05	-48
-760.04	17
-752.05	-54
-744.07	-91
-736.09	43
-728.13	92
-720.17	120
-712.23	-22
-704.29	-17
-696.37	100
-688.45	126
-680.55	-48
-672.65	-2
-664.77	113
-656.89	0
-649.03	47
-641.17	-68
-633.32	-56
-625.49	-22
-617.66	-61
-609.84	32
-602.03	-60
-594.23	111
-586.45	-7
-578.67	-73
-570.9	33
-563.14	65
-555.39	74
-547.65	99
-539.91	45
-532.19	179
-524.48	121
-516.78	53
-509.08	139
-501.4	-14
-493.72	78
-486.06	9
-478.4	-22
-470.76	103
-463.12	94
-455.49	128
-447.87	-13
-440.26	55
-432.66	89
-425.07	19
-417.49	55
-409.92	21
-402.35	6
-394.8	-103
-387.25	-9
-379.72	90
-372.19	77
-364.67	-111
-357.17	44
-349.67	106
-342.18	63
-334.69	-100
-327.22	137
-319.76	25
-312.3	111
-304.86	156
-297.42	113
-290	24
-282.58	23
-275.17	-23
-267.77	57
-260.37	107
-252.99	47
-245.62	176
-238.25	75
-230.9	94
-223.55	191
-216.21	167
-208.88	222
-201.56	73
-194.25	158
-186.94	187
-179.65	176
-172.36	125
-165.08	94
-157.81	348
-150.55	115
-143.3	262
-136.06	384
-128.82	323
-121.6	447
-114.38	477
-107.17	494
-99.97	611
-92.78	770
-85.6	787
-78.42	873
-71.25	935
-64.1	1272
-56.95	1546
-49.81	1712
-42.67	2175
-35.55	2749
-28.43	3634
-21.33	7049
-14.23	27759
-7.14	55268
-0.05	54843
7.02	54513
14.09	44146
21.14	13016
28.19	6090
35.23	3956
42.27	3161
49.29	2637
56.31	2162
63.32	1790
70.32	1578
77.31	1352
84.29	1035
91.27	806
98.23	925
105.19	878
112.14	800
119.09	1300
126.02	1863
132.95	2008
139.87	2061
146.78	1974
153.68	1782
160.58	1838
167.46	1720
174.34	1790
181.21	1799
188.08	1837
194.93	1712
201.78	1651
208.62	1648
215.45	1666
222.27	1684
229.09	1655
235.9	1633
242.7	1692
249.49	1647
256.27	1641
263.05	1582
269.82	1605
276.58	1455
283.33	1558
290.08	1610
296.82	1478
303.55	1412
310.27	1351
316.98	1378
323.69	1462
330.39	1439
337.08	1317
343.76	1299
350.44	1348
357.11	1470
363.77	1376
370.42	1191
377.07	1302
383.71	1373
390.34	1296
396.96	1301
403.58	1409
410.19	1296
416.79	1354
423.38	1366
429.97	1314
436.55	1193
443.12	1256
449.68	1209
456.24	1133
462.79	1110
469.33	1174
475.86	1157
482.39	1188
488.91	1141
495.42	1155
501.93	1184
508.42	1067
514.91	875
521.4	1004
527.87	1074
534.34	1026
540.8	981
547.25	1046
553.7	1132
560.14	989
566.57	945
573	1134
579.41	1115
585.83	1053
592.23	1107
598.62	1117
605.01	870
611.4	1013
617.77	1072
624.14	877
630.5	871
636.85	1140
643.2	917
649.54	1017
655.87	995
662.2	986
668.52	924
674.83	861
681.13	866
687.43	981
693.72	969
700	875
706.28	1012
712.55	1024
718.81	1081
725.07	946
731.32	976
737.56	817
743.79	988
750.02	918
756.24	923
762.46	926
768.67	920
774.87	925
781.06	954
787.25	837
793.43	826
799.6	978
805.77	996
811.93	1009
818.08	996
824.23	905
830.37	1069
836.5	883
842.63	1033
848.75	953
854.87	918
860.97	975
867.07	1066
873.17	965
879.25	939
885.33	914
891.41	869
897.47	806
903.53	846
909.59	930
915.63	943
921.67	1011
927.71	912
933.74	914
939.76	837
945.77	853
951.78	906
957.78	885
963.78	703
969.77	790
975.75	760
981.72	849
987.69	660
993.66	804
999.61	878
1005.56	930
1011.51	844
1017.44	803
1023.37	787
1029.3	831
1035.22	838
1041.13	948
1047.03	1026
1052.93	1048
1058.83	1273
1064.71	1186
1070.59	1128
1076.47	1028
1082.33	978
1088.2	860
1094.05	930
1099.9	831
1105.74	833
1111.58	839
1117.41	869
1123.23	1011
1129.05	1134
1134.86	1185
1140.67	842
1146.47	858
1152.26	858
1158.05	805
1163.83	833
1169.6	781
1175.37	760
1181.13	831
1186.89	746
1192.64	718
1198.38	705
1204.12	712
1209.85	711
1215.58	674
1221.3	761
1227.02	738
1232.72	793
1238.43	634
1244.12	796
1249.81	661
1255.5	727
1261.17	721
1266.85	787
1272.51	722
1278.17	703
1283.83	1033
1289.47	1271
1295.12	1463
1300.75	1394
1306.38	1251
1312.01	1022
1317.63	1070
1323.24	944
1328.85	1011
1334.45	1032
1340.04	926
1345.63	893
1351.22	879
1356.8	1043
1362.37	959
1367.93	1007
1373.49	930
1379.05	900
1384.6	938
1390.14	903
1395.68	880
1401.21	824
1406.74	1079
1412.26	1145
1417.77	1151
1423.28	1208
1428.78	1412
1434.28	1481
1439.77	1587
1445.26	1732
1450.74	1532
1456.22	1394
1461.68	1433
1467.15	1354
1472.61	1039
1478.06	1066
1483.51	937
1488.95	802
1494.38	906
1499.81	790
1505.24	831
1510.65	765
1516.07	786
1521.48	874
1526.88	685
1532.27	863
1537.67	662
1543.05	810
1548.43	693
1553.81	696
1559.18	681
1564.54	671
1569.9	798
1575.25	763
1580.6	659
1585.94	608
1591.28	784
1596.61	720
1601.93	651
1607.25	614
1612.57	624
1617.88	651
1623.18	624
1628.48	592
1633.77	784
1639.06	587
1644.34	650
1649.62	679
1654.89	535
1660.16	689
1665.42	647
1670.67	614
1675.92	614
1681.17	535
1686.41	507
1691.64	522
1696.87	636
1702.1	484
1707.32	608
1712.53	533
1717.74	487
1722.94	633
1728.14	537
1733.33	599
1738.52	550
1743.7	584
1748.88	518
1754.05	622
1759.22	565
1764.38	430
1769.53	547
1774.69	492
1779.83	496
1784.97	576
1790.11	461
1795.24	425
1800.36	513
1805.48	484
1810.6	493
1815.71	452
1820.82	381
1825.92	520
1831.01	366
1836.1	576
1841.19	551
1846.26	398
1851.34	493
1856.41	537
1861.47	349
1866.53	569
1871.59	376
1876.64	441
1881.68	470
1886.72	495
1891.76	515
1896.79	428
1901.81	379
1906.83	412
1911.85	435
1916.86	513
1921.86	422
1926.86	434
1931.86	403
1936.85	373
1941.83	280
1946.81	506
1951.79	339
1956.76	318
1961.72	305
1966.68	326
1971.64	402
1976.59	310
1981.54	376
1986.48	366
1991.42	336
1996.35	306
2001.27	317
2006.2	330
2011.11	309
2016.03	291
2020.93	317
2025.84	288
2030.73	332
2035.63	261
2040.52	319
2045.4	291
2050.28	265
2055.15	327
2060.02	191
2064.89	331
2069.75	267
2074.6	354
2079.46	335
2084.3	324
2089.14	374
2093.98	188
2098.81	322
2103.64	287
2108.46	186
2113.28	362
2118.09	303
2122.9	363
2127.7	401
2132.5	245
2137.3	265
2142.09	248
2146.87	287
2151.66	304
2156.43	238
2161.2	294
2165.97	190
2170.73	374
2175.49	229
2180.24	394
2184.99	139
2189.74	205
2194.48	228
2199.21	227
2203.94	194
2208.67	167
2213.39	219
2218.11	170
2222.82	320
2227.53	175
2232.23	361
2236.93	226
2241.63	256
2246.32	189
2251	121
2255.68	274
2260.36	198
2265.03	57
2269.7	304
2274.36	209
2279.02	224
2283.68	224
2288.33	145
2292.97	292
2297.61	215
2302.25	284
2306.88	154
2311.51	117
2316.14	173
2320.75	183
2325.37	263
2329.98	143
2334.59	381
2339.19	303
2343.79	158
2348.38	181
2352.97	267
2357.55	242
2362.13	131
2366.71	289
2371.28	262
2375.85	79
2380.41	218
2384.97	129
2389.52	326
2394.07	89
2398.62	281
2403.16	223
2407.7	297
2412.23	116
2416.76	302
2421.29	145
2425.81	226
2430.32	198
2434.84	194
2439.34	70
2443.85	236
2448.35	169
2452.84	250
2457.33	140
2461.82	116
2466.3	181
2470.78	127
2475.25	180
2479.72	161
2484.19	143
2488.65	73
2493.11	160
2497.56	156
2502.01	147
2506.46	132
2510.9	260
2515.34	66
2519.77	193
2524.2	211
2528.62	221
2533.04	146
2537.46	246
2541.87	78
2546.28	163
2550.68	222
2555.08	193
2559.48	-27
2563.87	141
2568.26	291
2572.64	131
2577.02	171
2581.4	159
2585.77	82
2590.14	125
2594.5	78
2598.86	215
2603.22	242
2607.57	139
2611.92	266
2616.26	132
2620.6	92
2624.94	185
2629.27	196
2633.6	261
2637.92	229
2642.24	64
2646.56	263
2650.87	215
2655.18	165
2659.48	199
2663.78	185
2668.08	206
2672.37	261
2676.66	260
2680.95	179
2685.23	72
2689.5	304
2693.78	223
2698.05	121
2702.31	156
2706.57	209
2710.83	109
2715.08	214
2719.33	369
2723.58	213
2727.82	268
2732.06	108
2736.29	232
2740.53	192
2744.75	164
2748.97	141
2753.19	143
2757.41	193
2761.62	192
2765.83	260
2770.03	214
2774.23	169
2778.43	82
2782.62	158
2786.81	174
2791	74
2795.18	161
2799.35	372
2803.53	165
2807.7	166
2811.86	235
2816.03	191
2820.19	254
2824.34	229
2828.49	326
2832.64	477
2836.78	424
2840.92	612
2845.06	742
2849.19	844
2853.32	905
2857.45	909
2861.57	1092
2865.69	943
2869.8	823
2873.91	925
2878.02	951
2882.12	1105
2886.22	1142
2890.32	997
2894.41	993
2898.5	917
2902.58	778
2906.67	676
2910.74	639
2914.82	607
2918.89	663
2922.96	565
2927.02	534
2931.08	463
2935.13	460
2939.19	563
2943.24	402
2947.28	398
2951.32	369
2955.36	365
2959.4	163
2963.43	239
2967.46	382
2971.48	149
2975.5	185
2979.52	216
2983.53	202
2987.54	216
2991.55	136
2995.55	125
2999.55	109
3003.54	133
3007.54	110
3011.53	123
3015.51	180
3019.49	93
3023.47	77
3027.45	102
3031.42	192
3035.39	126
3039.35	129
3043.31	93
3047.27	47
3051.22	100
3055.17	99
3059.12	43
3063.06	-61
3067	43
3070.94	100
3074.87	-55
3078.8	140
3082.73	49
3086.65	112
3090.57	25
3094.49	49
3098.4	127
3102.31	4
3106.22	190
3110.12	7
3114.02	47
3117.92	42
3121.81	147
3125.7	104
3129.58	121
3133.47	63
3137.34	-3
3141.22	148
3145.09	73
3148.96	51
3152.83	-32
3156.69	27
3160.55	60
3164.4	24
3168.26	77
3172.1	-20
3175.95	35
3179.79	69
3183.63	-124
3187.47	-76
3191.3	32
3195.13	80
3198.95	86
3202.78	-31
3206.6	59
3210.41	-8
3214.23	60
3218.03	96
3221.84	-65
3225.64	47
3229.44	52
3233.24	15
3237.03	26
3240.82	10
3244.61	153
3248.39	57
3252.17	-21
3255.95	128
3259.72	-24
3263.49	75
3267.26	179
3271.03	120
3274.79	98
3278.54	60
3282.3	117
3286.05	94
3289.8	42
3293.54	53
3297.29	-19
3301.02	126
3304.76	36
3308.49	3
3312.22	-6
3315.95	17
3319.67	-9
3323.39	212
3327.1	0
3330.82	80
3334.53	-34
3338.24	-4
3341.94	139
3345.64	-6
3349.34	-19
3353.03	105
3356.72	52
3360.41	-9
3364.1	15
3367.78	9
3371.46	49
3375.13	71
3378.81	38
3382.48	133
3386.14	10
3389.81	90
3393.47	38
3397.12	101
3400.78	70
3404.43	5
3408.08	-3
3411.72	130
3415.36	10
3419	107
3422.64	5
3426.27	59
3429.9	71
3433.53	-34
3437.15	-42
3440.77	41
3444.39	55
3448	72
3451.62	66
3455.22	35
3458.83	68
3462.43	10
3466.03	39
3469.63	21
3473.22	6
3476.81	128
3480.4	40
3483.99	56
3487.57	32
3491.15	-30
3494.72	66
3498.29	-11
3501.86	-3
3505.43	-47
3508.99	-89
3512.56	-60
3516.11	13
3519.67	11
3523.22	64
3526.77	-32
3530.32	14
3533.86	6
3537.4	68
3540.94	-6
3544.47	21
3548	19
3551.53	-9
3555.06	-165
3558.58	-87
3562.1	117
3565.62	146
3569.13	-70
3572.64	-52
3576.15	40
3579.66	-146
3583.16	-7
3586.66	21
3590.16	-19
3593.65	16
3597.14	-42
3600.63	126
3604.11	-74
3607.6	95
3611.08	64
3614.55	-101
3618.03	-1
3621.5	113
3624.97	-64
3628.43	4
3631.9	-89
3635.36	-79
3638.81	74
3642.27	15
3645.72	28
3649.17	2
3652.61	-68
3656.06	-10
3659.5	48
3662.93	-44
3666.37	-137
3669.8	14
3673.23	95
3676.65	-11
3680.08	-56
3683.5	93
3686.92	-24
3690.33	42
3693.74	-46
3697.15	9
3700.56	-98
3703.96	75
3707.36	34
3710.76	-15
3714.16	73
3717.55	-71
3720.94	49
3724.33	-42
3727.71	-16
3731.1	-23
3734.48	15
3737.85	-42
3741.23	-60
3744.6	7
3747.97	48
3751.33	-78
3754.69	22
3758.05	-93
3761.41	30
3764.77	56
3768.12	32
3771.47	49
3774.82	-26
3778.16	4
3781.5	6
3784.84	2
3788.18	-2
